17:52:18 26.157894 26.289474 25.789474 24.868422 27.648649 27.289473 1.130433 0.000004
17:52:19 26.157894 26.289474 25.789474 24.868422 27.567568 27.210527 1.130433 0.000004
17:52:19 26.157894 26.289474 25.763159 24.868422 27.567568 27.210527 1.130433 0.956519
17:52:19 26.157894 26.289474 25.763159 24.868422 27.567568 27.210527 1.130433 0.956519
17:52:20 26.157894 26.289474 25.763159 24.868422 27.567568 27.210527 1.130433 0.934781
17:52:20 26.157894 26.289474 25.763159 24.868422 27.567568 27.210527 1.130433 0.934781
17:52:21 26.157894 26.289474 25.763159 24.868422 27.567568 27.210527 1.130433 0.934781
17:52:21 26.157894 26.289474 25.789474 24.868422 27.567568 27.210527 1.130433 0.934781
17:52:21 26.157894 26.289474 25.789474 24.868422 27.567568 27.210527 1.130433 0.934781
17:52:22 26.157894 26.289474 25.789474 24.868422 27.567568 27.210527 1.130433 0.934781
17:52:22 26.157894 26.289474 25.789474 24.868422 27.567568 27.210527 1.130433 0.934781
17:52:23 26.157894 26.289474 25.789474 24.868422 27.567568 27.210527 1.130433 0.934781
17:52:23 26.157894 26.289474 25.789474 24.868422 27.567568 27.210527 1.130433 0.934781
17:52:23 26.157894 26.289474 25.789474 24.868422 27.567568 27.210527 1.130433 0.934781
17:52:24 26.157894 26.289474 25.789474 24.868422 27.567568 27.210527 1.130433 0.934781
17:52:24 26.157894 26.289474 25.789474 24.868422 27.567568 27.210527 1.130433 0.934781
17:52:25 26.157894 26.289474 25.789474 24.868422 27.567568 27.210527 1.130433 0.934781
17:52:25 26.157894 26.315788 25.789474 24.868422 27.567568 27.210527 1.130433 0.934781
17:52:25 26.157894 26.315788 25.789474 24.868422 27.567568 27.210527 1.130433 0.934781
17:52:26 26.157894 26.315788 25.789474 24.868422 27.567568 27.210527 1.130433 0.934781
17:52:26 26.157894 26.315788 25.789474 24.868422 27.567568 27.210527 1.108695 0.934781
17:52:27 26.157894 26.315788 25.789474 24.868422 27.567568 27.210527 1.108695 0.934781
17:52:27 26.157894 26.315788 25.789474 24.868422 27.567568 27.210527 1.130433 0.934781
17:52:27 26.157894 26.315788 25.789474 24.868422 27.567568 27.210527 1.130433 0.934781
17:52:28 26.157894 26.315788 25.789474 24.868422 27.567568 27.210527 1.130433 0.934781
17:52:28 26.157894 26.315788 25.789474 24.868422 27.567568 27.210527 1.130433 0.934781
17:52:29 26.184212 26.315788 25.789474 24.868422 27.567568 27.210527 1.130433 0.934781
17:52:29 26.184212 26.315788 25.789474 24.868422 27.567568 27.210527 1.130433 0.934781
17:52:29 26.184212 26.315788 25.789474 24.868422 27.567568 27.210527 1.130433 0.934781
17:52:30 26.184212 26.315788 25.789474 24.868422 27.567568 27.210527 1.130433 0.934781
17:52:30 26.184212 26.315788 25.789474 24.868422 27.567568 27.210527 1.130433 0.934781
17:52:31 26.184212 26.315788 25.789474 24.868422 27.567568 27.210527 1.130433 0.934781
17:52:31 26.184212 26.315788 25.789474 24.868422 27.567568 27.210527 1.130433 0.934781
17:52:31 26.184212 26.315788 25.789474 24.868422 27.567568 27.236841 1.130433 0.934781
17:52:32 26.184212 26.315788 25.789474 24.868422 27.567568 27.236841 1.130433 0.934781
17:52:32 26.184212 26.315788 25.789474 24.868422 27.567568 27.236841 1.130433 0.934781
17:52:33 26.184212 26.315788 25.789474 24.868422 27.567568 27.236841 1.130433 0.934781
17:52:33 26.184212 26.315788 25.789474 24.868422 27.567568 27.236841 1.130433 0.934781
17:52:33 26.184212 26.315788 25.789474 24.868422 27.567568 27.236841 1.130433 0.934781
17:52:34 26.184212 26.315788 25.789474 24.868422 27.567568 27.236841 1.130433 0.934781
17:52:34 26.184212 26.315788 25.789474 24.868422 27.567568 27.236841 1.130433 0.934781
17:52:35 26.184212 26.315788 25.789474 24.868422 27.567568 27.236841 1.130433 0.934781
17:52:35 26.184212 26.315788 25.789474 24.868422 27.567568 27.236841 1.130433 0.934781
17:52:35 26.184212 26.315788 25.789474 24.868422 27.567568 27.236841 1.130433 0.934781
17:52:36 26.184212 26.315788 25.789474 24.868422 27.567568 27.236841 1.130433 0.934781
17:52:36 26.184212 26.315788 25.789474 24.868422 27.567568 27.236841 1.130433 0.934781
17:52:37 26.184212 26.315788 25.789474 24.868422 27.567568 27.236841 1.130433 0.934781
17:52:37 26.184212 26.315788 25.789474 24.868422 27.567568 27.236841 1.130433 0.934781
17:52:37 26.184212 26.315788 25.789474 24.868422 27.567568 27.236841 1.130433 0.934781
17:52:38 26.184212 26.315788 25.789474 24.868422 27.594595 27.236841 1.130433 0.934781
17:52:38 26.184212 26.315788 25.789474 24.868422 27.594595 27.236841 1.130433 0.934781
17:52:39 26.184212 26.315788 25.789474 24.842106 27.594595 27.236841 1.130433 0.934781
17:52:39 26.184212 26.315788 25.789474 24.842106 27.594595 27.236841 1.130433 0.934781
17:52:39 26.184212 26.315788 25.815788 24.842106 27.594595 27.236841 1.130433 0.934781
17:52:40 26.184212 26.315788 25.815788 24.842106 27.594595 27.236841 1.152171 0.934781
17:52:40 26.184212 26.315788 25.815788 24.842106 27.594595 27.236841 1.152171 0.934781
17:52:41 26.184212 26.315788 25.815788 24.842106 27.594595 27.236841 1.195656 0.934781
17:52:41 26.184212 26.315788 25.815788 24.842106 27.594595 27.236841 1.195656 0.934781
17:52:41 26.184212 26.315788 25.815788 24.842106 27.594595 27.236841 1.195656 0.934781
17:52:42 26.184212 26.315788 25.815788 24.842106 27.594595 27.236841 1.217394 0.934781
17:52:42 26.210527 26.315788 25.815788 24.842106 27.594595 27.236841 1.217394 0.934781
17:52:43 26.210527 26.315788 25.815788 24.842106 27.594595 27.236841 1.304344 0.934781
17:52:43 26.210527 26.315788 25.815788 24.842106 27.594595 27.236841 1.304344 0.934781
17:52:43 26.210527 26.315788 25.815788 24.842106 27.594595 27.236841 1.304344 0.934781
17:52:44 26.210527 26.315788 25.815788 24.842106 27.594595 27.236841 1.391304 0.934781
17:52:44 26.210527 26.315788 25.815788 24.842106 27.594595 27.236841 1.391304 0.934781
17:52:45 26.210527 26.315788 25.815788 24.842106 27.594595 27.236841 1.347829 0.934781
17:52:45 26.210527 26.315788 25.815788 24.842106 27.594595 27.236841 1.347829 0.934781
17:52:45 26.210527 26.315788 25.815788 24.842106 27.594595 27.236841 1.347829 0.934781
17:52:46 26.210527 26.315788 25.815788 24.842106 27.594595 27.236841 1.282606 0.934781
17:52:46 26.210527 26.315788 25.815788 24.842106 27.594595 27.236841 1.282606 0.934781
17:52:47 26.210527 26.315788 25.815788 24.842106 27.594595 27.236841 1.195656 0.934781
17:52:47 26.210527 26.315788 25.815788 24.842106 27.594595 27.236841 1.195656 0.934781
17:52:47 26.210527 26.315788 25.815788 24.842106 27.594595 27.236841 1.152171 0.934781
17:52:48 26.210527 26.315788 25.815788 24.842106 27.594595 27.236841 1.152171 0.934781
17:52:48 26.210527 26.315788 25.815788 24.842106 27.594595 27.236841 1.152171 0.934781
17:52:49 26.210527 26.315788 25.815788 24.842106 27.594595 27.236841 1.130433 0.934781
17:52:49 26.210527 26.315788 25.815788 24.842106 27.594595 27.236841 1.130433 0.934781
17:52:49 26.210527 26.315788 25.815788 24.842106 27.594595 27.236841 1.130433 0.934781
17:52:50 26.210527 26.315788 25.815788 24.842106 27.594595 27.236841 1.130433 0.934781
17:52:50 26.210527 26.315788 25.815788 24.842106 27.594595 27.236841 1.130433 0.934781
17:52:51 26.210527 26.315788 25.815788 24.842106 27.594595 27.236841 1.130433 0.934781
17:52:51 26.210527 26.315788 25.815788 24.842106 27.594595 27.236841 1.130433 0.934781
17:52:51 26.210527 26.315788 25.815788 24.842106 27.594595 27.236841 1.130433 0.934781
17:52:52 26.210527 26.315788 25.815788 24.842106 27.594595 27.236841 1.130433 0.934781
17:52:52 26.210527 26.315788 25.815788 24.842106 27.594595 27.236841 1.130433 0.934781
17:52:53 26.210527 26.315788 25.815788 24.842106 27.594595 27.236841 1.108695 0.934781
17:52:53 26.210527 26.315788 25.815788 24.842106 27.594595 27.236841 1.108695 0.934781
17:52:53 26.210527 26.315788 25.815788 24.842106 27.594595 27.236841 1.130433 0.934781
17:52:54 26.210527 26.315788 25.815788 24.842106 27.594595 27.236841 1.130433 0.934781
17:52:54 26.210527 26.315788 25.815788 24.842106 27.594595 27.236841 1.130433 0.934781
17:52:55 26.210527 26.315788 25.815788 24.842106 27.594595 27.236841 1.130433 0.956519
17:52:55 26.210527 26.315788 25.815788 24.842106 27.594595 27.236841 1.130433 0.956519
17:52:55 26.210527 26.315788 25.815788 24.842106 27.594595 27.236841 1.152171 0.956519
17:52:56 26.210527 26.315788 25.815788 24.842106 27.594595 27.236841 1.152171 0.956519
17:52:56 26.210527 26.315788 25.815788 24.842106 27.594595 27.236841 1.130433 0.956519
17:52:57 26.210527 26.315788 25.815788 24.842106 27.594595 27.236841 1.130433 0.956519
17:52:57 26.210527 26.315788 25.815788 24.842106 27.594595 27.236841 1.130433 0.956519
17:52:57 26.210527 26.315788 25.815788 24.842106 27.594595 27.236841 1.130433 0.934781
17:52:58 26.210527 26.315788 25.789474 24.842106 27.594595 27.236841 1.130433 0.934781
17:52:58 26.210527 26.315788 25.789474 24.842106 27.594595 27.236841 1.130433 0.934781
17:52:59 26.184212 26.315788 25.789474 24.842106 27.594595 27.236841 1.130433 0.934781
17:52:59 26.184212 26.315788 25.789474 24.842106 27.594595 27.236841 1.130433 0.934781
17:52:59 26.184212 26.315788 25.789474 24.842106 27.594595 27.236841 1.130433 0.934781
17:53:00 26.184212 26.315788 25.789474 24.842106 27.594595 27.236841 1.130433 0.934781
17:53:00 26.184212 26.315788 25.789474 24.842106 27.594595 27.236841 1.130433 0.934781
17:53:01 26.184212 26.315788 25.789474 24.842106 27.594595 27.236841 1.130433 0.934781
17:53:01 26.184212 26.315788 25.789474 24.842106 27.594595 27.236841 1.130433 0.934781
17:53:01 26.184212 26.315788 25.789474 24.842106 27.567568 27.236841 1.130433 0.934781
17:53:02 26.184212 26.315788 25.789474 24.842106 27.567568 27.236841 1.130433 0.934781
17:53:02 26.184212 26.315788 25.789474 24.842106 27.567568 27.236841 1.152171 0.934781
17:53:03 26.184212 26.315788 25.789474 24.842106 27.567568 27.236841 1.152171 0.934781
17:53:03 26.184212 26.315788 25.789474 24.842106 27.567568 27.236841 1.152171 0.934781
17:53:03 26.184212 26.315788 25.789474 24.842106 27.567568 27.236841 1.152171 0.934781
17:53:04 26.184212 26.315788 25.789474 24.842106 27.567568 27.236841 1.152171 0.934781
17:53:04 26.184212 26.315788 25.789474 24.842106 27.567568 27.236841 1.152171 0.934781
17:53:05 26.184212 26.315788 25.789474 24.842106 27.567568 27.236841 1.152171 0.934781
17:53:05 26.184212 26.315788 25.789474 24.842106 27.567568 27.236841 1.152171 0.934781
17:53:05 26.184212 26.315788 25.789474 24.842106 27.567568 27.236841 1.152171 0.934781
17:53:06 26.184212 26.315788 25.789474 24.842106 27.567568 27.236841 1.130433 0.934781
17:53:06 26.184212 26.315788 25.789474 24.842106 27.567568 27.236841 1.130433 0.934781
17:53:07 26.184212 26.315788 25.789474 24.842106 27.567568 27.236841 1.130433 0.934781
17:53:07 26.184212 26.315788 25.789474 24.842106 27.567568 27.236841 1.130433 0.934781
17:53:07 26.184212 26.315788 25.789474 24.842106 27.567568 27.236841 1.130433 0.934781
17:53:08 26.184212 26.315788 25.789474 24.842106 27.567568 27.236841 1.130433 0.934781
17:53:08 26.184212 26.315788 25.789474 24.842106 27.567568 27.236841 1.130433 0.934781
17:53:09 26.184212 26.315788 25.789474 24.842106 27.567568 27.236841 1.130433 0.934781
17:53:09 26.184212 26.315788 25.789474 24.842106 27.567568 27.236841 1.152171 0.934781
17:53:09 26.184212 26.315788 25.789474 24.842106 27.567568 27.236841 1.152171 0.934781
17:53:10 26.184212 26.315788 25.789474 24.842106 27.567568 27.236841 1.152171 0.934781
17:53:10 26.184212 26.315788 25.789474 24.842106 27.567568 27.210527 1.152171 0.934781
17:53:11 26.184212 26.315788 25.789474 24.842106 27.567568 27.210527 1.152171 0.934781
17:53:11 26.184212 26.315788 25.789474 24.842106 27.567568 27.210527 1.152171 0.934781
17:53:11 26.184212 26.289474 25.789474 24.842106 27.567568 27.210527 1.152171 0.934781
17:53:12 26.184212 26.289474 25.789474 24.842106 27.567568 27.210527 1.195656 0.934781
17:53:12 26.184212 26.289474 25.789474 24.842106 27.567568 27.210527 1.195656 0.934781
17:53:13 26.184212 26.289474 25.789474 24.842106 27.567568 27.210527 1.217394 0.934781
17:53:13 26.184212 26.289474 25.789474 24.842106 27.567568 27.210527 1.217394 0.934781
17:53:13 26.184212 26.289474 25.763159 24.842106 27.567568 27.210527 1.217394 0.934781
17:53:14 26.184212 26.289474 25.763159 24.842106 27.567568 27.210527 1.282606 0.934781
17:53:14 26.157894 26.289474 25.763159 24.842106 27.567568 27.210527 1.282606 0.934781
17:53:15 26.157894 26.289474 25.763159 24.842106 27.567568 27.210527 1.347829 0.934781
17:53:15 26.157894 26.289474 25.763159 24.842106 27.567568 27.210527 1.347829 0.934781
17:53:15 26.157894 26.289474 25.763159 24.842106 27.567568 27.210527 1.347829 0.934781
17:53:16 26.157894 26.289474 25.763159 24.842106 27.567568 27.210527 1.391304 0.934781
17:53:16 26.157894 26.289474 25.763159 24.842106 27.567568 27.210527 1.391304 0.934781
17:53:17 26.157894 26.289474 25.763159 24.842106 27.567568 27.210527 1.347829 0.934781
17:53:17 26.157894 26.289474 25.763159 24.842106 27.567568 27.210527 1.347829 0.934781
17:53:17 26.157894 26.289474 25.763159 24.842106 27.567568 27.210527 1.260869 0.934781
17:53:18 26.157894 26.289474 25.763159 24.842106 27.567568 27.210527 1.260869 0.934781
