18:35:59 26.078947 26.210527 25.710526 24.815790 27.567568 27.236841 1.326092 0.000004
18:35:59 26.078947 26.210527 25.710526 24.815790 27.567568 27.236841 1.326092 0.000004
18:35:59 26.078947 26.210527 25.710526 24.815790 27.567568 27.236841 1.239131 0.000004
18:36:00 26.078947 26.210527 25.710526 24.815790 27.567568 27.236841 1.239131 0.000004
18:36:00 26.078947 26.210527 25.710526 24.815790 27.567568 27.236841 1.239131 0.000004
18:36:01 26.078947 26.210527 25.710526 24.815790 27.567568 27.236841 1.173908 0.000004
18:36:01 26.078947 26.210527 25.710526 24.815790 27.567568 27.236841 1.173908 0.000004
18:36:01 26.078947 26.210527 25.710526 24.815790 27.567568 27.236841 1.152171 0.000004
18:36:02 26.078947 26.210527 25.710526 24.815790 27.567568 27.236841 1.152171 0.000004
18:36:02 26.078947 26.210527 25.710526 24.815790 27.567568 27.236841 1.152171 0.000004
18:36:03 26.078947 26.210527 25.710526 24.815790 27.567568 27.236841 1.108695 0.000004
18:36:03 26.078947 26.210527 25.710526 24.815790 27.567568 27.236841 1.108695 0.000004
18:36:03 26.078947 26.210527 25.710526 24.815790 27.567568 27.236841 1.108695 0.000004
18:36:04 26.078947 26.210527 25.710526 24.815790 27.567568 27.236841 1.108695 0.000004
18:36:04 26.078947 26.210527 25.710526 24.815790 27.567568 27.236841 1.108695 0.000004
18:36:05 26.078947 26.210527 25.710526 24.815790 27.567568 27.236841 1.108695 0.000004
18:36:05 26.078947 26.210527 25.710526 24.815790 27.567568 27.236841 1.108695 0.000004
18:36:05 26.078947 26.210527 25.710526 24.815790 27.567568 27.236841 1.108695 0.000004
18:36:06 26.078947 26.210527 25.710526 24.815790 27.567568 27.236841 1.108695 0.000004
18:36:06 26.078947 26.210527 25.710526 24.815790 27.567568 27.236841 1.086958 0.000004
