13:27:55 28.105263 26.000000 27.684210 26.184212 27.297297 26.894737 1.282606 3.065217
13:27:56 28.105263 26.000000 27.684210 26.184212 27.270269 26.894737 1.260869 3.065217
13:27:57 28.105263 26.000000 27.684210 26.184212 27.297297 26.921051 1.260869 3.065217
13:27:58 28.105263 26.000000 27.684210 26.184212 27.297297 26.921051 1.239131 2.630435
13:27:58 28.131580 26.000000 27.684210 26.184212 27.297297 26.921051 1.239131 2.847831
13:27:59 28.105263 26.000000 27.684210 26.184212 27.297297 26.947369 1.239131 2.652173
13:28:00 28.105263 26.000000 27.684210 26.184212 27.324326 26.921051 1.239131 2.652173
13:28:01 28.105263 26.000000 27.684210 26.184212 27.324326 26.947369 1.239131 2.413039
13:28:02 28.105263 26.000000 27.684210 26.184212 27.324326 26.947369 1.239131 2.413039
13:28:02 28.105263 26.000000 27.684210 26.184212 27.324326 26.947369 1.239131 2.478262
13:28:03 28.131580 26.000000 27.684210 26.184212 27.324326 26.947369 1.239131 2.478262
13:28:04 28.105263 26.000000 27.684210 26.184212 27.324326 26.947369 1.260869 2.347826
13:28:05 28.105263 26.000000 27.684210 26.184212 27.324326 26.947369 1.239131 2.347826
13:28:06 28.105263 26.000000 27.684210 26.184212 27.351351 26.973684 1.260869 2.347826
13:28:06 28.105263 26.000000 27.684210 26.184212 27.351351 26.973684 1.260869 2.130430
13:28:07 28.105263 26.000000 27.684210 26.184212 27.351351 26.973684 1.260869 1.934781
13:28:08 28.105263 26.000000 27.684210 26.184212 27.351351 26.973684 1.260869 1.978256
13:28:09 28.105263 26.000000 27.684210 26.184212 27.351351 26.973684 1.239131 2.000004
13:28:10 28.105263 26.000000 27.684210 26.184212 27.351351 26.973684 1.239131 1.956519
13:28:10 28.105263 26.000000 27.684210 26.184212 27.351351 27.000000 1.239131 1.956519
13:28:11 28.105263 26.000000 27.684210 26.184212 27.351351 27.000000 1.282606 1.869569
13:28:12 28.105263 26.000000 27.684210 26.184212 27.351351 26.973684 1.282606 1.891306
13:28:13 28.105263 26.000000 27.684210 26.184212 27.378378 26.973684 1.239131 1.913044
13:28:14 28.105263 26.000000 27.684210 26.184212 27.378378 27.000000 1.260869 1.739133
13:28:14 28.105263 26.000000 27.684210 26.184212 27.378378 27.000000 1.239131 1.782608
13:28:15 28.131580 26.000000 27.684210 26.184212 27.378378 27.000000 1.239131 1.782608
13:28:16 28.105263 26.000000 27.684210 26.184212 27.378378 27.000000 1.260869 1.782608
13:28:17 28.105263 26.000000 27.684210 26.184212 27.378378 27.000000 1.260869 1.760871
13:28:18 28.105263 26.000000 27.684210 26.184212 27.378378 27.000000 1.260869 1.630435
13:28:18 28.105263 26.000000 27.684210 26.184212 27.378378 27.000000 1.282606 1.630435
13:28:19 28.105263 26.000000 27.684210 26.184212 27.378378 27.000000 1.282606 1.630435
13:28:20 28.105263 26.000000 27.684210 26.184212 27.378378 27.000000 1.304344 1.695647
13:28:21 28.105263 26.000000 27.684210 26.184212 27.378378 27.000000 1.326092 1.673910
13:28:22 28.105263 26.000000 27.684210 26.184212 27.378378 27.000000 1.326092 1.630435
13:28:22 28.105263 26.000000 27.684210 26.184212 27.378378 27.000000 1.347829 1.695647
13:28:23 28.105263 26.000000 27.684210 26.184212 27.378378 27.000000 1.369567 1.673910
13:28:24 28.105263 26.000000 27.684210 26.184212 27.378378 27.000000 1.347829 1.673910
13:28:25 28.105263 26.000000 27.684210 26.184212 27.378378 27.000000 1.326092 1.608697
13:28:26 28.105263 26.000000 27.684210 26.184212 27.378378 27.000000 1.326092 1.586960
13:28:26 28.105263 26.000000 27.684210 26.184212 27.378378 27.000000 1.304344 1.565222
13:28:27 28.105263 26.000000 27.684210 26.184212 27.378378 27.000000 1.260869 1.565222
13:28:28 28.105263 26.000000 27.684210 26.184212 27.378378 27.000000 1.260869 1.608697
13:28:29 28.105263 26.000000 27.684210 26.184212 27.378378 27.000000 1.239131 1.608697
13:28:30 28.105263 26.000000 27.684210 26.184212 27.378378 27.000000 1.239131 1.543474
13:28:30 28.105263 26.000000 27.684210 26.184212 27.378378 27.026316 1.239131 1.543474
13:28:31 28.105263 26.000000 27.684210 26.184212 27.378378 27.000000 1.239131 1.586960
13:28:32 28.105263 26.000000 27.684210 26.184212 27.378378 27.000000 1.239131 1.565222
13:28:33 28.105263 26.000000 27.684210 26.184212 27.378378 27.000000 1.239131 1.565222
13:28:34 28.105263 26.000000 27.684210 26.184212 27.378378 27.000000 1.239131 1.565222
13:28:34 28.105263 26.000000 27.684210 26.184212 27.378378 27.000000 1.239131 1.521737
13:28:35 28.105263 26.000000 27.684210 26.184212 27.378378 27.000000 1.239131 1.565222
13:28:36 28.105263 26.000000 27.684210 26.184212 27.378378 27.000000 1.239131 1.608697
13:28:37 28.105263 26.000000 27.684210 26.184212 27.378378 27.000000 1.239131 1.565222
13:28:38 28.105263 26.000000 27.684210 26.184212 27.378378 27.000000 1.260869 1.565222
13:28:38 28.105263 26.000000 27.684210 26.184212 27.378378 27.000000 1.239131 1.565222
13:28:39 28.105263 26.000000 27.684210 26.184212 27.378378 27.000000 1.239131 1.565222
13:28:40 28.105263 26.000000 27.684210 26.184212 27.378378 27.000000 1.239131 1.565222
13:28:41 28.105263 26.000000 27.684210 26.184212 27.378378 27.000000 1.239131 1.586960
13:28:42 28.105263 26.000000 27.684210 26.184212 27.378378 27.000000 1.239131 1.586960
13:28:42 28.105263 26.000000 27.684210 26.184212 27.378378 27.000000 1.239131 1.586960
13:28:43 28.105263 26.000000 27.684210 26.184212 27.378378 27.000000 1.260869 1.630435
13:28:44 28.105263 26.000000 27.684210 26.184212 27.378378 27.000000 1.260869 1.630435
13:28:45 28.105263 26.000000 27.684210 26.184212 27.378378 27.000000 1.260869 1.586960
13:28:46 28.105263 26.000000 27.684210 26.184212 27.378378 27.000000 1.260869 1.608697
13:28:46 28.105263 26.000000 27.684210 26.184212 27.378378 27.000000 1.260869 1.586960
13:28:47 28.105263 26.000000 27.684210 26.184212 27.378378 27.000000 1.260869 1.586960
13:28:48 28.105263 26.000000 27.684210 26.184212 27.378378 27.000000 1.260869 1.608697
13:28:49 28.105263 26.000000 27.684210 26.184212 27.378378 27.000000 1.260869 1.630435
13:28:50 28.105263 26.000000 27.684210 26.184212 27.378378 27.000000 1.282606 1.652172
13:28:50 28.105263 26.000000 27.684210 26.184212 27.378378 27.000000 1.282606 1.695647
13:28:51 28.105263 26.000000 27.684210 26.184212 27.378378 27.000000 1.304344 1.695647
13:28:52 28.105263 26.000000 27.684210 26.184212 27.378378 27.000000 1.304344 1.760871
13:28:53 28.105263 26.000000 27.684210 26.184212 27.378378 27.000000 1.347829 1.673910
13:28:54 28.105263 26.000000 27.684210 26.184212 27.378378 27.000000 1.347829 1.739133
