18:37:51 26.078947 26.210527 25.710526 24.789474 27.567568 27.236841 1.108695 0.000004
18:37:51 26.078947 26.210527 25.710526 24.789474 27.567568 27.236841 1.108695 0.000004
18:37:52 26.078947 26.210527 25.710526 24.789474 27.567568 27.236841 1.108695 0.000004
18:37:52 26.078947 26.210527 25.710526 24.789474 27.567568 27.236841 1.108695 0.000004
18:37:52 26.078947 26.210527 25.710526 24.789474 27.567568 27.236841 1.108695 0.000004
18:37:53 26.078947 26.210527 25.710526 24.789474 27.567568 27.236841 1.108695 0.000004
18:37:53 26.078947 26.210527 25.710526 24.789474 27.567568 27.236841 1.108695 0.000004
18:37:54 26.078947 26.210527 25.710526 24.789474 27.567568 27.236841 1.108695 0.000004
18:37:54 26.078947 26.210527 25.710526 24.789474 27.567568 27.236841 1.108695 0.000004
18:37:54 26.078947 26.210527 25.710526 24.789474 27.567568 27.236841 1.108695 0.000004
18:37:55 26.078947 26.210527 25.710526 24.789474 27.567568 27.236841 1.108695 0.000004
18:37:55 26.078947 26.210527 25.710526 24.789474 27.567568 27.236841 1.108695 0.000004
18:37:56 26.078947 26.210527 25.710526 24.789474 27.567568 27.236841 1.108695 0.000004
18:37:56 26.078947 26.210527 25.710526 24.789474 27.567568 27.236841 1.152171 0.000004
18:37:56 26.078947 26.210527 25.710526 24.789474 27.567568 27.236841 1.152171 0.000004
18:37:57 26.078947 26.210527 25.710526 24.789474 27.567568 27.236841 1.108695 0.000004
18:37:57 26.078947 26.210527 25.710526 24.789474 27.567568 27.236841 1.108695 0.000004
18:37:58 26.078947 26.210527 25.710526 24.789474 27.567568 27.236841 1.108695 0.000004
18:37:58 26.078947 26.210527 25.710526 24.789474 27.567568 27.236841 1.108695 0.000004
18:37:58 26.078947 26.210527 25.710526 24.789474 27.567568 27.236841 1.108695 0.000004
18:37:59 26.078947 26.210527 25.710526 24.789474 27.567568 27.236841 1.108695 0.000004
18:37:59 26.078947 26.210527 25.710526 24.789474 27.567568 27.236841 1.108695 0.000004
18:38:00 26.078947 26.210527 25.710526 24.789474 27.567568 27.236841 1.108695 0.000004
18:38:00 26.078947 26.210527 25.710526 24.789474 27.567568 27.236841 1.130433 0.000004
18:38:00 26.078947 26.210527 25.710526 24.789474 27.567568 27.236841 1.130433 0.000004
18:38:01 26.078947 26.210527 25.710526 24.789474 27.567568 27.236841 1.152171 0.000004
18:38:01 26.078947 26.210527 25.710526 24.789474 27.567568 27.236841 1.152171 0.000004
18:38:02 26.078947 26.210527 25.710526 24.789474 27.567568 27.236841 1.195656 0.000004
18:38:02 26.078947 26.210527 25.710526 24.789474 27.567568 27.236841 1.195656 0.000004
18:38:02 26.078947 26.210527 25.710526 24.789474 27.567568 27.236841 1.195656 0.000004
18:38:03 26.078947 26.210527 25.710526 24.789474 27.567568 27.236841 1.282606 0.000004
18:38:03 26.078947 26.210527 25.710526 24.789474 27.567568 27.236841 1.282606 0.000004
18:38:04 26.078947 26.210527 25.710526 24.789474 27.567568 27.236841 1.326092 0.000004
18:38:04 26.078947 26.210527 25.710526 24.789474 27.567568 27.236841 1.326092 0.000004
18:38:04 26.078947 26.210527 25.710526 24.789474 27.567568 27.236841 1.326092 0.000004
18:38:05 26.078947 26.210527 25.710526 24.789474 27.567568 27.236841 1.347829 0.000004
18:38:05 26.078947 26.210527 25.710526 24.789474 27.567568 27.236841 1.347829 0.000004
18:38:06 26.078947 26.210527 25.710526 24.789474 27.567568 27.236841 1.260869 0.000004
18:38:06 26.078947 26.210527 25.710526 24.789474 27.567568 27.236841 1.260869 0.000004
18:38:06 26.078947 26.210527 25.710526 24.789474 27.567568 27.236841 1.173908 0.000004
18:38:07 26.078947 26.210527 25.710526 24.789474 27.567568 27.236841 1.173908 0.000004
18:38:07 26.078947 26.210527 25.710526 24.789474 27.567568 27.236841 1.173908 0.000004
18:38:08 26.078947 26.210527 25.710526 24.789474 27.567568 27.236841 1.130433 0.000004
18:38:08 26.078947 26.210527 25.710526 24.789474 27.567568 27.236841 1.130433 0.000004
18:38:08 26.078947 26.210527 25.710526 24.789474 27.567568 27.236841 1.130433 0.000004
18:38:09 26.078947 26.210527 25.710526 24.789474 27.567568 27.236841 1.130433 0.000004
18:38:09 26.078947 26.210527 25.710526 24.789474 27.567568 27.236841 1.130433 0.000004
18:38:10 26.078947 26.210527 25.710526 24.789474 27.567568 27.236841 1.130433 0.000004
18:38:10 26.078947 26.210527 25.710526 24.789474 27.567568 27.236841 1.130433 0.000004
18:38:10 26.078947 26.210527 25.710526 24.789474 27.567568 27.236841 1.108695 0.000004
18:38:11 26.078947 26.210527 25.710526 24.789474 27.567568 27.236841 1.108695 0.000004
18:38:11 26.078947 26.210527 25.710526 24.789474 27.567568 27.236841 1.108695 0.000004
18:38:12 26.078947 26.210527 25.710526 24.789474 27.567568 27.236841 1.108695 0.000004
18:38:12 26.078947 26.210527 25.710526 24.789474 27.567568 27.236841 1.108695 0.000004
18:38:12 26.078947 26.210527 25.710526 24.789474 27.567568 27.236841 1.086958 0.000004
18:38:13 26.078947 26.210527 25.710526 24.789474 27.567568 27.236841 1.086958 0.000004
18:38:13 26.078947 26.210527 25.710526 24.789474 27.567568 27.236841 1.086958 0.000004
18:38:14 26.078947 26.210527 25.710526 24.789474 27.567568 27.236841 1.086958 0.000004
18:38:14 26.078947 26.210527 25.710526 24.789474 27.567568 27.236841 1.086958 0.000004
18:38:14 26.078947 26.210527 25.710526 24.789474 27.567568 27.236841 1.086958 0.000004
18:38:15 26.078947 26.210527 25.710526 24.789474 27.567568 27.236841 1.086958 0.000004
18:38:15 26.078947 26.210527 25.710526 24.789474 27.567568 27.236841 1.108695 0.000004
18:38:16 26.078947 26.210527 25.710526 24.789474 27.567568 27.236841 1.108695 0.021742
18:38:16 26.078947 26.210527 25.710526 24.789474 27.567568 27.236841 1.108695 0.021742
18:38:16 26.078947 26.210527 25.710526 24.789474 27.567568 27.236841 1.086958 0.021742
18:38:17 26.078947 26.210527 25.710526 24.789474 27.567568 27.236841 1.086958 0.000004
18:38:17 26.078947 26.210527 25.710526 24.789474 27.567568 27.236841 1.086958 0.000004
18:38:18 26.078947 26.210527 25.710526 24.789474 27.567568 27.236841 1.086958 0.000004
18:38:18 26.078947 26.210527 25.710526 24.789474 27.567568 27.236841 1.086958 0.000004
18:38:18 26.078947 26.210527 25.710526 24.789474 27.567568 27.236841 1.086958 0.000004
18:38:19 26.078947 26.210527 25.710526 24.789474 27.567568 27.236841 1.086958 0.000004
18:38:19 26.078947 26.210527 25.710526 24.789474 27.567568 27.236841 1.108695 0.000004
18:38:20 26.078947 26.210527 25.710526 24.789474 27.567568 27.236841 1.108695 0.000004
18:38:20 26.078947 26.210527 25.710526 24.789474 27.567568 27.236841 1.108695 0.000004
18:38:20 26.078947 26.210527 25.710526 24.789474 27.567568 27.236841 1.108695 0.000004
18:38:21 26.078947 26.210527 25.710526 24.789474 27.567568 27.236841 1.108695 0.000004
18:38:21 26.078947 26.210527 25.710526 24.789474 27.567568 27.236841 1.108695 0.000004
18:38:22 26.078947 26.210527 25.710526 24.789474 27.567568 27.236841 1.108695 0.000004
18:38:22 26.078947 26.210527 25.710526 24.789474 27.567568 27.236841 1.108695 0.000004
18:38:22 26.078947 26.210527 25.710526 24.789474 27.567568 27.236841 1.108695 0.000004
18:38:23 26.078947 26.210527 25.710526 24.789474 27.567568 27.236841 1.108695 0.000004
18:38:23 26.078947 26.210527 25.710526 24.789474 27.567568 27.236841 1.108695 0.000004
18:38:24 26.078947 26.210527 25.710526 24.789474 27.567568 27.236841 1.108695 0.000004
18:38:24 26.078947 26.210527 25.710526 24.789474 27.567568 27.236841 1.108695 0.000004
18:38:24 26.078947 26.210527 25.710526 24.789474 27.567568 27.236841 1.108695 0.000004
18:38:25 26.078947 26.210527 25.710526 24.789474 27.567568 27.236841 1.108695 0.000004
18:38:25 26.078947 26.210527 25.710526 24.789474 27.567568 27.236841 1.108695 0.000004
18:38:26 26.078947 26.210527 25.710526 24.789474 27.567568 27.236841 1.108695 0.000004
18:38:26 26.078947 26.210527 25.710526 24.789474 27.567568 27.236841 1.130433 0.000004
18:38:26 26.078947 26.210527 25.710526 24.789474 27.567568 27.236841 1.130433 0.000004
18:38:27 26.078947 26.210527 25.710526 24.789474 27.567568 27.236841 1.108695 0.000004
18:38:27 26.078947 26.210527 25.710526 24.789474 27.567568 27.236841 1.108695 0.000004
18:38:28 26.078947 26.210527 25.710526 24.789474 27.567568 27.236841 1.108695 0.000004
18:38:28 26.078947 26.210527 25.710526 24.789474 27.567568 27.236841 1.108695 0.000004
18:38:28 26.078947 26.210527 25.710526 24.789474 27.567568 27.236841 1.108695 0.000004
18:38:29 26.078947 26.210527 25.710526 24.789474 27.567568 27.236841 1.108695 0.000004
18:38:29 26.078947 26.210527 25.710526 24.789474 27.567568 27.236841 1.108695 0.000004
18:38:30 26.078947 26.210527 25.710526 24.789474 27.567568 27.236841 1.108695 0.000004
18:38:30 26.078947 26.210527 25.710526 24.789474 27.567568 27.236841 1.108695 0.000004
18:38:30 26.078947 26.210527 25.710526 24.789474 27.567568 27.236841 1.108695 0.000004
18:38:31 26.078947 26.210527 25.710526 24.789474 27.567568 27.236841 1.108695 0.000004
18:38:31 26.078947 26.210527 25.710526 24.789474 27.567568 27.236841 1.108695 0.000004
18:38:32 26.078947 26.210527 25.710526 24.789474 27.567568 27.236841 1.152171 0.000004
18:38:32 26.078947 26.210527 25.710526 24.789474 27.567568 27.236841 1.152171 0.000004
18:38:32 26.078947 26.210527 25.710526 24.789474 27.567568 27.236841 1.152171 0.000004
18:38:33 26.078947 26.210527 25.710526 24.789474 27.567568 27.236841 1.173908 0.000004
18:38:33 26.078947 26.210527 25.710526 24.789474 27.567568 27.236841 1.173908 0.000004
18:38:34 26.078947 26.210527 25.710526 24.789474 27.567568 27.236841 1.217394 0.000004
18:38:34 26.078947 26.210527 25.710526 24.789474 27.567568 27.236841 1.217394 0.000004
18:38:34 26.078947 26.210527 25.710526 24.789474 27.567568 27.236841 1.217394 0.000004
18:38:35 26.078947 26.210527 25.710526 24.789474 27.567568 27.236841 1.304344 0.000004
18:38:35 26.078947 26.210527 25.710526 24.789474 27.567568 27.236841 1.304344 0.000004
18:38:36 26.078947 26.210527 25.710526 24.789474 27.567568 27.236841 1.369567 0.000004
18:38:36 26.078947 26.210527 25.710526 24.789474 27.567568 27.236841 1.369567 0.000004
18:38:36 26.078947 26.210527 25.710526 24.789474 27.567568 27.236841 1.369567 0.000004
18:38:37 26.078947 26.210527 25.710526 24.789474 27.567568 27.236841 1.326092 0.000004
18:38:37 26.078947 26.210527 25.710526 24.789474 27.567568 27.236841 1.326092 0.000004
18:38:38 26.078947 26.210527 25.710526 24.789474 27.567568 27.236841 1.239131 0.000004
18:38:38 26.078947 26.210527 25.710526 24.789474 27.567568 27.236841 1.239131 0.000004
18:38:38 26.078947 26.210527 25.710526 24.789474 27.567568 27.236841 1.152171 0.000004
18:38:39 26.078947 26.210527 25.710526 24.789474 27.567568 27.236841 1.152171 0.000004
18:38:39 26.078947 26.210527 25.710526 24.789474 27.567568 27.236841 1.152171 0.000004
18:38:40 26.078947 26.210527 25.710526 24.789474 27.567568 27.236841 1.130433 0.000004
18:38:40 26.078947 26.210527 25.710526 24.789474 27.567568 27.236841 1.130433 0.000004
18:38:40 26.078947 26.210527 25.710526 24.789474 27.567568 27.236841 1.108695 0.000004
18:38:41 26.078947 26.210527 25.710526 24.789474 27.567568 27.236841 1.108695 0.000004
18:38:41 26.078947 26.210527 25.710526 24.789474 27.567568 27.236841 1.108695 0.000004
18:38:42 26.078947 26.210527 25.710526 24.789474 27.567568 27.236841 1.108695 0.000004
18:38:42 26.078947 26.210527 25.710526 24.789474 27.567568 27.236841 1.108695 0.000004
18:38:42 26.078947 26.210527 25.710526 24.789474 27.567568 27.236841 1.108695 0.000004
18:38:43 26.078947 26.210527 25.710526 24.789474 27.567568 27.236841 1.108695 0.000004
18:38:43 26.078947 26.210527 25.710526 24.789474 27.567568 27.236841 1.108695 0.000004
18:38:44 26.078947 26.210527 25.710526 24.789474 27.567568 27.236841 1.086958 0.000004
18:38:44 26.078947 26.210527 25.710526 24.789474 27.567568 27.236841 1.086958 0.000004
18:38:44 26.078947 26.210527 25.710526 24.789474 27.567568 27.236841 1.108695 0.000004
18:38:45 26.078947 26.210527 25.710526 24.789474 27.567568 27.236841 1.108695 0.000004
18:38:45 26.078947 26.210527 25.710526 24.789474 27.567568 27.236841 1.086958 0.000004
18:38:46 26.078947 26.210527 25.710526 24.789474 27.567568 27.236841 1.086958 0.000004
18:38:46 26.078947 26.210527 25.710526 24.789474 27.567568 27.236841 1.086958 0.000004
18:38:46 26.078947 26.210527 25.710526 24.789474 27.567568 27.236841 1.086958 0.000004
18:38:47 26.078947 26.210527 25.710526 24.789474 27.567568 27.236841 1.086958 0.000004
18:38:47 26.078947 26.210527 25.710526 24.789474 27.567568 27.236841 1.086958 0.000004
18:38:48 26.078947 26.210527 25.710526 24.789474 27.567568 27.236841 1.086958 0.021742
18:38:48 26.078947 26.210527 25.710526 24.789474 27.567568 27.236841 1.086958 0.021742
18:38:48 26.078947 26.210527 25.710526 24.789474 27.567568 27.236841 1.108695 0.021742
18:38:49 26.078947 26.210527 25.710526 24.789474 27.567568 27.236841 1.108695 0.000004
18:38:49 26.078947 26.210527 25.710526 24.789474 27.567568 27.236841 1.108695 0.000004
18:38:50 26.078947 26.210527 25.710526 24.789474 27.567568 27.236841 1.108695 0.000004
18:38:50 26.078947 26.210527 25.710526 24.789474 27.567568 27.236841 1.108695 0.000004
18:38:50 26.078947 26.210527 25.710526 24.789474 27.567568 27.236841 1.108695 0.000004
18:38:51 26.078947 26.210527 25.710526 24.789474 27.567568 27.236841 1.108695 0.000004
18:38:51 26.078947 26.210527 25.710526 24.789474 27.567568 27.236841 1.108695 0.000004
18:38:52 26.078947 26.210527 25.710526 24.789474 27.567568 27.236841 1.108695 0.000004
18:38:52 26.078947 26.210527 25.710526 24.789474 27.567568 27.236841 1.108695 0.000004
18:38:53 26.078947 26.210527 25.710526 24.789474 27.567568 27.236841 1.108695 0.000004
18:38:53 26.078947 26.210527 25.710526 24.789474 27.567568 27.236841 1.108695 0.000004
18:38:53 26.078947 26.210527 25.710526 24.789474 27.567568 27.236841 1.108695 0.000004
18:38:54 26.078947 26.210527 25.710526 24.789474 27.567568 27.236841 1.108695 0.000004
18:38:54 26.078947 26.210527 25.710526 24.789474 27.567568 27.236841 1.108695 0.000004
18:38:55 26.078947 26.210527 25.710526 24.789474 27.567568 27.236841 1.108695 0.000004
18:38:55 26.078947 26.210527 25.710526 24.789474 27.567568 27.236841 1.108695 0.000004
18:38:55 26.078947 26.210527 25.710526 24.789474 27.567568 27.236841 1.108695 0.000004
18:38:56 26.078947 26.210527 25.710526 24.789474 27.567568 27.236841 1.108695 0.000004
18:38:56 26.078947 26.210527 25.710526 24.789474 27.567568 27.236841 1.108695 0.000004
18:38:57 26.078947 26.210527 25.710526 24.789474 27.567568 27.236841 1.108695 0.000004
18:38:57 26.078947 26.210527 25.710526 24.789474 27.567568 27.236841 1.108695 0.000004
18:38:57 26.078947 26.210527 25.710526 24.789474 27.567568 27.236841 1.108695 0.000004
18:38:58 26.078947 26.210527 25.710526 24.789474 27.567568 27.236841 1.108695 0.000004
18:38:58 26.078947 26.210527 25.710526 24.789474 27.567568 27.236841 1.108695 0.000004
18:38:59 26.078947 26.210527 25.710526 24.789474 27.567568 27.236841 1.108695 0.000004
18:38:59 26.078947 26.210527 25.710526 24.789474 27.567568 27.236841 1.108695 0.000004
18:38:59 26.078947 26.210527 25.710526 24.789474 27.567568 27.236841 1.108695 0.000004
18:39:00 26.078947 26.210527 25.710526 24.789474 27.567568 27.236841 1.108695 0.000004
18:39:00 26.078947 26.210527 25.710526 24.789474 27.567568 27.236841 1.108695 0.000004
18:39:01 26.078947 26.210527 25.710526 24.789474 27.567568 27.236841 1.108695 0.000004
18:39:01 26.078947 26.210527 25.710526 24.789474 27.567568 27.236841 1.108695 0.000004
18:39:01 26.078947 26.210527 25.710526 24.789474 27.567568 27.236841 1.108695 0.000004
18:39:02 26.078947 26.210527 25.710526 24.789474 27.567568 27.236841 1.108695 0.000004
18:39:02 26.078947 26.210527 25.710526 24.789474 27.567568 27.236841 1.108695 0.000004
18:39:03 26.078947 26.210527 25.710526 24.789474 27.567568 27.236841 1.108695 0.000004
18:39:03 26.078947 26.210527 25.710526 24.789474 27.567568 27.236841 1.130433 0.000004
18:39:03 26.078947 26.210527 25.710526 24.789474 27.567568 27.236841 1.130433 0.000004
18:39:04 26.078947 26.210527 25.710526 24.789474 27.567568 27.236841 1.152171 0.000004
18:39:04 26.078947 26.210527 25.710526 24.789474 27.567568 27.236841 1.152171 0.000004
18:39:05 26.078947 26.210527 25.710526 24.789474 27.567568 27.236841 1.195656 0.000004
18:39:05 26.078947 26.210527 25.710526 24.789474 27.567568 27.236841 1.195656 0.000004
18:39:05 26.078947 26.210527 25.710526 24.789474 27.567568 27.236841 1.195656 0.000004
18:39:06 26.078947 26.210527 25.710526 24.789474 27.567568 27.236841 1.260869 0.000004
18:39:06 26.078947 26.210527 25.710526 24.789474 27.567568 27.236841 1.260869 0.000004
18:39:07 26.078947 26.210527 25.710526 24.789474 27.567568 27.236841 1.304344 0.000004
18:39:07 26.078947 26.210527 25.710526 24.789474 27.567568 27.236841 1.304344 0.000004
18:39:07 26.078947 26.210527 25.710526 24.789474 27.567568 27.236841 1.304344 0.000004
18:39:08 26.078947 26.210527 25.710526 24.789474 27.567568 27.236841 1.347829 0.000004
18:39:08 26.078947 26.210527 25.710526 24.789474 27.567568 27.236841 1.347829 0.000004
18:39:09 26.078947 26.210527 25.710526 24.789474 27.567568 27.236841 1.282606 0.000004
18:39:09 26.078947 26.210527 25.710526 24.789474 27.567568 27.236841 1.282606 0.000004
18:39:09 26.078947 26.210527 25.710526 24.789474 27.567568 27.236841 1.217394 0.000004
18:39:10 26.078947 26.210527 25.710526 24.789474 27.567568 27.236841 1.217394 0.000004
18:39:10 26.078947 26.210527 25.710526 24.789474 27.567568 27.236841 1.217394 0.000004
18:39:11 26.078947 26.210527 25.710526 24.789474 27.567568 27.236841 1.130433 0.000004
18:39:11 26.078947 26.210527 25.710526 24.789474 27.567568 27.236841 1.130433 0.000004
18:39:11 26.078947 26.210527 25.710526 24.789474 27.567568 27.236841 1.130433 0.000004
18:39:12 26.078947 26.210527 25.710526 24.789474 27.567568 27.236841 1.130433 0.000004
18:39:12 26.078947 26.210527 25.710526 24.789474 27.567568 27.236841 1.130433 0.000004
18:39:13 26.078947 26.210527 25.710526 24.789474 27.567568 27.236841 1.108695 0.000004
18:39:13 26.078947 26.210527 25.710526 24.789474 27.567568 27.236841 1.108695 0.000004
18:39:13 26.078947 26.210527 25.710526 24.789474 27.567568 27.236841 1.108695 0.000004
18:39:14 26.078947 26.210527 25.710526 24.789474 27.567568 27.236841 1.108695 0.000004
18:39:14 26.078947 26.210527 25.710526 24.789474 27.567568 27.236841 1.108695 0.000004
18:39:15 26.078947 26.210527 25.710526 24.789474 27.567568 27.236841 1.086958 0.000004
18:39:15 26.078947 26.210527 25.710526 24.789474 27.567568 27.236841 1.086958 0.000004
18:39:15 26.078947 26.210527 25.710526 24.789474 27.567568 27.236841 1.108695 0.000004
18:39:16 26.078947 26.210527 25.710526 24.789474 27.567568 27.236841 1.108695 0.000004
18:39:16 26.078947 26.210527 25.710526 24.789474 27.567568 27.236841 1.086958 0.000004
18:39:17 26.078947 26.210527 25.710526 24.789474 27.567568 27.236841 1.086958 0.000004
18:39:17 26.078947 26.210527 25.710526 24.789474 27.567568 27.236841 1.086958 0.000004
18:39:17 26.078947 26.210527 25.710526 24.789474 27.567568 27.236841 1.086958 0.000004
18:39:18 26.078947 26.210527 25.710526 24.789474 27.567568 27.236841 1.086958 0.000004
18:39:18 26.078947 26.210527 25.710526 24.789474 27.567568 27.236841 1.086958 0.000004
18:39:19 26.078947 26.210527 25.710526 24.789474 27.567568 27.236841 1.086958 0.000004
18:39:19 26.078947 26.210527 25.710526 24.789474 27.567568 27.236841 1.086958 0.000004
18:39:19 26.078947 26.210527 25.710526 24.789474 27.567568 27.236841 1.086958 0.000004
18:39:20 26.078947 26.210527 25.710526 24.789474 27.567568 27.236841 1.086958 0.000004
18:39:20 26.078947 26.210527 25.710526 24.789474 27.567568 27.236841 1.086958 0.000004
18:39:21 26.078947 26.210527 25.710526 24.789474 27.567568 27.236841 1.086958 0.000004
18:39:21 26.078947 26.210527 25.710526 24.789474 27.567568 27.236841 1.086958 0.000004
18:39:21 26.078947 26.210527 25.710526 24.789474 27.567568 27.236841 1.086958 0.000004
18:39:22 26.078947 26.210527 25.710526 24.789474 27.567568 27.236841 1.086958 0.000004
18:39:22 26.078947 26.210527 25.710526 24.789474 27.567568 27.236841 1.086958 0.000004
18:39:23 26.078947 26.210527 25.710526 24.789474 27.567568 27.236841 1.086958 0.000004
18:39:23 26.078947 26.210527 25.710526 24.789474 27.567568 27.236841 1.108695 0.000004
18:39:23 26.078947 26.210527 25.710526 24.789474 27.567568 27.236841 1.108695 0.000004
18:39:24 26.078947 26.210527 25.710526 24.789474 27.567568 27.236841 1.108695 0.000004
18:39:24 26.078947 26.210527 25.710526 24.789474 27.567568 27.236841 1.108695 0.000004
18:39:25 26.078947 26.210527 25.710526 24.789474 27.567568 27.236841 1.108695 0.000004
18:39:25 26.078947 26.210527 25.710526 24.789474 27.567568 27.236841 1.108695 0.000004
18:39:25 26.078947 26.210527 25.710526 24.789474 27.567568 27.236841 1.108695 0.000004
18:39:26 26.078947 26.210527 25.710526 24.789474 27.567568 27.236841 1.108695 0.000004
18:39:26 26.078947 26.210527 25.710526 24.789474 27.567568 27.236841 1.108695 0.000004
18:39:27 26.078947 26.210527 25.710526 24.789474 27.567568 27.236841 1.108695 0.000004
18:39:27 26.078947 26.210527 25.710526 24.789474 27.567568 27.236841 1.108695 0.000004
18:39:27 26.078947 26.210527 25.710526 24.789474 27.567568 27.236841 1.108695 0.000004
18:39:28 26.078947 26.210527 25.710526 24.789474 27.567568 27.236841 1.108695 0.000004
18:39:28 26.078947 26.210527 25.710526 24.789474 27.567568 27.236841 1.108695 0.000004
18:39:29 26.078947 26.210527 25.710526 24.789474 27.567568 27.236841 1.108695 0.000004
18:39:29 26.078947 26.210527 25.710526 24.789474 27.567568 27.236841 1.108695 0.000004
18:39:29 26.078947 26.210527 25.710526 24.789474 27.567568 27.236841 1.108695 0.000004
18:39:30 26.078947 26.210527 25.710526 24.789474 27.567568 27.236841 1.108695 0.000004
18:39:30 26.078947 26.210527 25.710526 24.789474 27.567568 27.236841 1.108695 0.000004
18:39:31 26.078947 26.210527 25.710526 24.789474 27.567568 27.236841 1.108695 0.000004
18:39:31 26.078947 26.210527 25.710526 24.789474 27.567568 27.236841 1.130433 0.000004
18:39:31 26.078947 26.210527 25.710526 24.789474 27.567568 27.236841 1.130433 0.000004
18:39:32 26.078947 26.210527 25.710526 24.789474 27.567568 27.236841 1.108695 0.000004
18:39:32 26.078947 26.210527 25.710526 24.789474 27.567568 27.236841 1.108695 0.000004
18:39:33 26.078947 26.210527 25.710526 24.789474 27.567568 27.236841 1.108695 0.000004
18:39:33 26.078947 26.210527 25.710526 24.789474 27.567568 27.236841 1.108695 0.000004
18:39:33 26.078947 26.210527 25.710526 24.789474 27.567568 27.236841 1.108695 0.000004
18:39:34 26.078947 26.210527 25.710526 24.789474 27.567568 27.236841 1.108695 0.000004
18:39:34 26.078947 26.210527 25.710526 24.789474 27.567568 27.236841 1.108695 0.000004
18:39:35 26.078947 26.210527 25.710526 24.789474 27.567568 27.236841 1.130433 0.000004
18:39:35 26.078947 26.210527 25.710526 24.789474 27.567568 27.236841 1.130433 0.000004
18:39:35 26.078947 26.210527 25.710526 24.789474 27.567568 27.236841 1.130433 0.000004
18:39:36 26.078947 26.210527 25.710526 24.789474 27.567568 27.236841 1.152171 0.000004
18:39:36 26.078947 26.210527 25.710526 24.789474 27.567568 27.236841 1.152171 0.000004
18:39:37 26.078947 26.210527 25.710526 24.789474 27.567568 27.236841 1.195656 0.000004
18:39:37 26.078947 26.210527 25.710526 24.789474 27.567568 27.236841 1.195656 0.000004
18:39:37 26.078947 26.210527 25.710526 24.789474 27.567568 27.236841 1.195656 0.000004
18:39:38 26.078947 26.210527 25.710526 24.789474 27.567568 27.236841 1.282606 0.000004
18:39:38 26.078947 26.210527 25.710526 24.789474 27.567568 27.236841 1.282606 0.000004
18:39:39 26.078947 26.210527 25.710526 24.789474 27.567568 27.236841 1.347829 0.000004
18:39:39 26.078947 26.210527 25.710526 24.789474 27.567568 27.236841 1.347829 0.000004
18:39:39 26.078947 26.210527 25.710526 24.789474 27.567568 27.236841 1.347829 0.000004
18:39:40 26.078947 26.210527 25.710526 24.789474 27.567568 27.236841 1.326092 0.000004
18:39:40 26.078947 26.210527 25.710526 24.789474 27.567568 27.236841 1.326092 0.000004
18:39:41 26.078947 26.210527 25.710526 24.789474 27.567568 27.236841 1.239131 0.000004
18:39:41 26.078947 26.210527 25.710526 24.789474 27.567568 27.236841 1.239131 0.000004
18:39:41 26.078947 26.210527 25.710526 24.789474 27.567568 27.236841 1.173908 0.000004
18:39:42 26.078947 26.210527 25.710526 24.789474 27.567568 27.236841 1.173908 0.000004
18:39:42 26.078947 26.210527 25.710526 24.789474 27.567568 27.236841 1.173908 0.000004
18:39:43 26.078947 26.210527 25.710526 24.789474 27.567568 27.236841 1.108695 0.000004
18:39:43 26.078947 26.210527 25.710526 24.789474 27.567568 27.236841 1.108695 0.000004
18:39:43 26.078947 26.210527 25.710526 24.789474 27.567568 27.236841 1.108695 0.000004
18:39:44 26.078947 26.210527 25.710526 24.789474 27.567568 27.236841 1.108695 0.000004
18:39:44 26.078947 26.210527 25.710526 24.789474 27.567568 27.236841 1.108695 0.000004
18:39:45 26.078947 26.210527 25.710526 24.789474 27.567568 27.236841 1.130433 0.000004
18:39:45 26.078947 26.210527 25.710526 24.789474 27.567568 27.236841 1.130433 0.000004
18:39:45 26.078947 26.210527 25.710526 24.789474 27.567568 27.236841 1.108695 0.000004
18:39:46 26.078947 26.210527 25.710526 24.789474 27.567568 27.236841 1.108695 0.000004
18:39:46 26.078947 26.210527 25.710526 24.789474 27.567568 27.236841 1.108695 0.000004
18:39:47 26.078947 26.210527 25.710526 24.789474 27.567568 27.236841 1.086958 0.000004
18:39:47 26.078947 26.210527 25.710526 24.789474 27.567568 27.236841 1.086958 0.000004
18:39:47 26.078947 26.210527 25.710526 24.789474 27.567568 27.236841 1.108695 0.000004
18:39:48 26.078947 26.210527 25.710526 24.789474 27.567568 27.236841 1.108695 0.000004
18:39:48 26.078947 26.210527 25.710526 24.789474 27.567568 27.236841 1.108695 0.000004
18:39:49 26.078947 26.210527 25.710526 24.789474 27.567568 27.236841 1.108695 0.000004
18:39:49 26.078947 26.210527 25.710526 24.789474 27.567568 27.236841 1.108695 0.000004
18:39:49 26.078947 26.210527 25.710526 24.789474 27.567568 27.236841 1.086958 0.000004
18:39:50 26.078947 26.210527 25.710526 24.789474 27.567568 27.236841 1.086958 0.000004
18:39:50 26.078947 26.210527 25.710526 24.789474 27.567568 27.236841 1.086958 0.000004
18:39:51 26.078947 26.210527 25.710526 24.789474 27.567568 27.236841 1.086958 0.000004
