18:09:45 26.184212 26.289474 25.789474 24.815790 27.648649 27.289473 1.108695 0.000004
18:09:46 26.184212 26.289474 25.789474 24.815790 27.189190 26.973684 1.108695 4.239128
18:09:46 26.184212 26.289474 25.789474 24.815790 27.189190 26.973684 1.108695 4.239128
18:09:46 26.184212 26.289474 25.789474 24.815790 27.405403 27.052631 1.108695 4.239128
18:09:47 26.184212 26.289474 25.789474 24.815790 27.405403 27.052631 1.108695 3.304351
18:09:47 26.184212 26.289474 25.789474 24.815790 27.405403 27.052631 1.108695 3.304351
18:09:48 26.184212 26.289474 25.789474 24.815790 27.378378 27.052631 1.108695 3.326088
18:09:48 26.184212 26.289474 25.789474 24.815790 27.378378 27.052631 1.108695 3.326088
18:09:48 26.184212 26.289474 25.789474 24.815790 27.378378 27.052631 1.108695 3.326088
18:09:49 26.184212 26.289474 25.789474 24.815790 27.378378 27.052631 1.108695 3.326088
18:09:49 26.184212 26.289474 25.789474 24.815790 27.378378 27.052631 1.086958 3.326088
18:09:50 26.184212 26.289474 25.789474 24.815790 27.378378 27.052631 1.086958 3.326088
18:09:50 26.184212 26.289474 25.789474 24.815790 27.378378 27.052631 1.086958 3.326088
18:09:50 26.184212 26.289474 25.789474 24.815790 27.378378 27.052631 1.108695 3.347826
18:09:51 26.184212 26.289474 25.789474 24.815790 27.378378 27.052631 1.108695 3.347826
18:09:51 26.184212 26.289474 25.789474 24.815790 27.378378 27.052631 1.108695 3.347826
18:09:52 26.184212 26.289474 25.789474 24.815790 27.378378 27.052631 1.108695 3.282614
18:09:52 26.184212 26.289474 25.789474 24.815790 27.378378 27.052631 1.108695 3.282614
18:09:52 26.184212 26.289474 25.789474 24.815790 27.378378 27.052631 1.108695 3.260865
18:09:53 26.184212 26.289474 25.789474 24.815790 27.378378 27.052631 1.108695 3.260865
18:09:53 26.184212 26.289474 25.789474 24.815790 27.378378 27.026316 1.108695 3.260865
18:09:54 26.184212 26.289474 25.789474 24.815790 27.378378 27.026316 1.108695 3.304351
18:09:54 26.184212 26.289474 25.789474 24.815790 27.378378 27.026316 1.130433 3.304351
18:09:54 26.184212 26.289474 25.789474 24.815790 27.378378 27.026316 1.130433 3.608697
18:09:55 26.184212 26.289474 25.789474 24.815790 27.378378 27.026316 1.130433 3.608697
18:09:55 26.184212 26.289474 25.789474 24.815790 27.378378 27.026316 1.108695 3.608697
18:09:56 26.184212 26.289474 25.789474 24.815790 27.378378 27.026316 1.108695 3.347826
18:09:56 26.184212 26.289474 25.789474 24.815790 27.378378 27.026316 1.130433 3.347826
18:09:56 26.184212 26.289474 25.789474 24.815790 27.378378 27.026316 1.130433 3.369564
18:09:57 26.184212 26.289474 25.789474 24.815790 27.378378 27.026316 1.130433 3.369564
18:09:57 26.184212 26.289474 25.789474 24.815790 27.378378 27.026316 1.108695 3.326088
18:09:58 26.184212 26.289474 25.789474 24.815790 27.378378 27.026316 1.108695 3.326088
18:09:58 26.184212 26.289474 25.789474 24.815790 27.378378 27.026316 1.108695 3.326088
18:09:58 26.184212 26.289474 25.789474 24.815790 27.378378 27.026316 1.108695 3.304351
18:09:59 26.184212 26.289474 25.789474 24.815790 27.378378 27.026316 1.108695 3.304351
18:09:59 26.184212 26.289474 25.789474 24.815790 27.378378 27.026316 1.108695 3.326088
18:10:00 26.184212 26.289474 25.789474 24.815790 27.378378 27.026316 1.108695 3.326088
18:10:00 26.184212 26.289474 25.789474 24.815790 27.378378 27.026316 1.108695 3.326088
18:10:00 26.184212 26.289474 25.789474 24.815790 27.378378 27.026316 1.108695 3.369564
18:10:01 26.184212 26.289474 25.789474 24.815790 27.378378 27.026316 1.108695 3.369564
18:10:01 26.184212 26.289474 25.789474 24.815790 27.378378 27.026316 1.108695 3.304351
18:10:02 26.184212 26.289474 25.789474 24.815790 27.378378 27.026316 1.108695 3.304351
18:10:02 26.184212 26.289474 25.789474 24.815790 27.378378 27.026316 1.130433 3.326088
18:10:02 26.184212 26.289474 25.789474 24.815790 27.378378 27.026316 1.130433 3.326088
18:10:03 26.184212 26.289474 25.789474 24.815790 27.378378 27.026316 1.130433 3.326088
18:10:03 26.184212 26.289474 25.789474 24.815790 27.378378 27.026316 1.130433 3.347826
18:10:04 26.184212 26.289474 25.789474 24.815790 27.378378 27.026316 1.152171 3.347826
18:10:04 26.184212 26.289474 25.789474 24.815790 27.378378 27.026316 1.152171 3.260865
18:10:04 26.157894 26.289474 25.789474 24.815790 27.378378 27.026316 1.152171 3.260865
18:10:05 26.157894 26.289474 25.789474 24.815790 27.378378 27.026316 1.173908 3.260865
18:10:05 26.157894 26.289474 25.789474 24.815790 27.378378 27.026316 1.173908 3.239128
18:10:06 26.157894 26.289474 25.789474 24.815790 27.378378 27.026316 1.239131 3.239128
18:10:06 26.157894 26.289474 25.789474 24.815790 27.378378 27.026316 1.239131 3.217390
18:10:06 26.157894 26.289474 25.789474 24.815790 27.378378 27.026316 1.239131 3.217390
18:10:07 26.157894 26.289474 25.789474 24.815790 27.351351 27.026316 1.304344 3.217390
18:10:07 26.157894 26.289474 25.789474 24.815790 27.351351 27.026316 1.304344 3.260865
18:10:08 26.157894 26.289474 25.789474 24.842106 27.351351 27.026316 1.369567 3.260865
18:10:08 26.157894 26.289474 25.789474 24.842106 27.351351 27.026316 1.369567 3.260865
18:10:08 26.157894 26.289474 25.789474 24.842106 27.351351 27.026316 1.369567 3.260865
18:10:09 26.157894 26.289474 25.789474 24.842106 27.351351 27.000000 1.326092 3.260865
18:10:09 26.157894 26.289474 25.789474 24.842106 27.351351 27.000000 1.326092 2.673910
18:10:10 26.157894 26.289474 25.789474 24.842106 27.594595 27.000000 1.239131 2.673910
18:10:10 26.157894 26.263159 25.789474 24.842106 27.594595 27.263157 1.239131 0.000004
18:10:10 26.157894 26.263159 25.789474 24.842106 27.594595 27.263157 1.173908 0.000004
18:10:11 26.157894 26.263159 25.789474 24.842106 27.594595 27.263157 1.173908 0.000004
18:10:11 26.157894 26.263159 25.763159 24.842106 27.594595 27.263157 1.173908 0.000004
18:10:12 26.157894 26.263159 25.763159 24.842106 27.594595 27.263157 1.130433 0.000004
18:10:12 26.157894 26.263159 25.763159 24.842106 27.594595 27.263157 1.130433 0.000004
18:10:12 26.157894 26.263159 25.763159 24.842106 27.594595 27.263157 1.152171 0.000004
18:10:13 26.157894 26.263159 25.763159 24.842106 27.486486 27.078947 1.152171 2.565222
18:10:13 26.157894 26.263159 25.763159 24.842106 27.486486 27.078947 1.152171 2.565222
18:10:14 26.157894 26.263159 25.763159 24.842106 27.351351 27.000000 1.130433 2.565222
18:10:14 26.131578 26.263159 25.763159 24.842106 27.351351 27.000000 1.130433 3.239128
18:10:14 26.131578 26.263159 25.763159 24.842106 27.351351 27.000000 1.108695 3.239128
18:10:15 26.131578 26.263159 25.763159 24.842106 27.351351 27.000000 1.108695 3.304351
18:10:15 26.131578 26.263159 25.763159 24.842106 27.351351 27.000000 1.108695 3.304351
18:10:16 26.131578 26.263159 25.763159 24.842106 27.351351 27.000000 1.108695 3.304351
18:10:16 26.131578 26.263159 25.763159 24.842106 27.351351 27.000000 1.108695 3.304351
18:10:16 26.131578 26.263159 25.763159 24.842106 27.324326 27.000000 1.108695 3.304351
18:10:17 26.131578 26.263159 25.763159 24.842106 27.324326 27.000000 1.108695 3.326088
18:10:17 26.131578 26.263159 25.763159 24.842106 27.324326 27.000000 1.108695 3.326088
18:10:18 26.131578 26.263159 25.763159 24.842106 27.324326 27.000000 1.108695 3.282614
18:10:18 26.131578 26.263159 25.763159 24.842106 27.324326 27.000000 1.108695 3.282614
18:10:18 26.131578 26.263159 25.763159 24.842106 27.324326 26.973684 1.108695 3.282614
18:10:19 26.131578 26.263159 25.763159 24.842106 27.324326 26.973684 1.108695 3.260865
18:10:19 26.131578 26.263159 25.736843 24.842106 27.324326 26.973684 1.108695 3.260865
18:10:20 26.131578 26.263159 25.736843 24.842106 27.324326 27.000000 1.108695 3.282614
18:10:20 26.131578 26.263159 25.736843 24.842106 27.324326 27.000000 1.108695 3.282614
18:10:20 26.131578 26.263159 25.736843 24.842106 27.324326 26.973684 1.108695 3.282614
18:10:21 26.131578 26.263159 25.736843 24.842106 27.324326 26.973684 1.108695 3.304351
18:10:21 26.131578 26.263159 25.736843 24.842106 27.324326 26.973684 1.108695 3.304351
18:10:22 26.105263 26.263159 25.736843 24.842106 27.324326 26.973684 1.108695 3.326088
18:10:22 26.105263 26.263159 25.736843 24.842106 27.324326 26.973684 1.108695 3.326088
18:10:22 26.105263 26.263159 25.736843 24.842106 27.324326 26.973684 1.108695 3.282614
18:10:23 26.105263 26.263159 25.736843 24.842106 27.324326 26.973684 1.108695 3.282614
18:10:23 26.105263 26.263159 25.736843 24.842106 27.324326 26.973684 1.108695 3.282614
18:10:24 26.105263 26.263159 25.736843 24.842106 27.324326 26.973684 1.108695 3.282614
18:10:24 26.105263 26.263159 25.736843 24.842106 27.324326 26.973684 1.130433 3.282614
18:10:24 26.105263 26.263159 25.736843 24.842106 27.324326 26.973684 1.130433 3.195653
18:10:25 26.105263 26.263159 25.736843 24.842106 27.324326 26.973684 1.130433 3.195653
18:10:25 26.105263 26.263159 25.736843 24.842106 27.324326 26.973684 1.130433 3.195653
18:10:26 26.105263 26.263159 25.736843 24.842106 27.324326 26.973684 1.130433 3.260865
18:10:26 26.105263 26.263159 25.736843 24.842106 27.324326 26.973684 1.130433 3.260865
18:10:26 26.105263 26.263159 25.736843 24.842106 27.324326 26.973684 1.130433 3.260865
18:10:27 26.105263 26.263159 25.736843 24.842106 27.324326 26.973684 1.130433 3.260865
18:10:27 26.105263 26.263159 25.736843 24.842106 27.324326 26.973684 1.130433 3.260865
18:10:28 26.105263 26.236841 25.736843 24.842106 27.324326 26.973684 1.130433 3.260865
18:10:28 26.105263 26.236841 25.736843 24.842106 27.324326 26.973684 1.130433 3.260865
18:10:28 26.105263 26.236841 25.736843 24.842106 27.324326 26.973684 1.130433 3.260865
18:10:29 26.105263 26.263159 25.736843 24.842106 27.324326 26.973684 1.130433 3.260865
18:10:29 26.105263 26.263159 25.736843 24.842106 27.324326 26.973684 1.130433 3.304351
18:10:30 26.131578 26.263159 25.736843 24.842106 27.324326 26.973684 1.130433 3.304351
