18:18:42 26.157894 26.263159 25.789474 24.815790 27.621620 27.289473 1.108695 0.000004
18:18:42 26.157894 26.263159 25.789474 24.815790 27.324326 27.289473 1.108695 0.000004
18:18:43 26.157894 26.263159 25.789474 24.815790 27.324326 27.000000 1.108695 3.369564
18:18:43 26.157894 26.263159 25.763159 24.815790 27.324326 27.000000 1.108695 3.369564
18:18:44 26.157894 26.263159 25.763159 24.815790 27.351351 27.026316 1.108695 3.304351
18:18:44 26.157894 26.263159 25.763159 24.815790 27.351351 27.026316 1.108695 3.304351
18:18:44 26.157894 26.263159 25.763159 24.815790 27.378378 27.026316 1.108695 3.304351
18:18:45 26.131578 26.263159 25.763159 24.815790 27.378378 27.026316 1.108695 3.304351
18:18:45 26.131578 26.263159 25.763159 24.815790 27.378378 27.026316 1.108695 3.304351
18:18:46 26.131578 26.263159 25.763159 24.815790 27.351351 27.026316 1.108695 3.304351
18:18:46 26.131578 26.263159 25.763159 24.815790 27.351351 27.026316 1.108695 3.304351
18:18:46 26.131578 26.263159 25.763159 24.815790 27.351351 27.026316 1.108695 3.304351
18:18:47 26.131578 26.263159 25.763159 24.815790 27.351351 27.026316 1.108695 3.282614
18:18:47 26.131578 26.263159 25.763159 24.815790 27.351351 27.026316 1.108695 3.282614
18:18:48 26.131578 26.263159 25.763159 24.815790 27.351351 27.026316 1.108695 3.239128
18:18:48 26.131578 26.263159 25.763159 24.815790 27.351351 27.026316 1.108695 3.239128
18:18:48 26.131578 26.263159 25.763159 24.815790 27.351351 27.000000 1.108695 3.304351
18:18:49 26.131578 26.263159 25.763159 24.815790 27.351351 27.000000 1.108695 3.304351
18:18:49 26.131578 26.263159 25.763159 24.842106 27.351351 27.000000 1.108695 3.304351
18:18:50 26.131578 26.263159 25.763159 24.842106 27.351351 27.000000 1.108695 3.304351
18:18:50 26.131578 26.263159 25.763159 24.842106 27.351351 27.000000 1.108695 3.304351
18:18:50 26.131578 26.263159 25.763159 24.842106 27.351351 27.000000 1.108695 3.282614
18:18:51 26.131578 26.263159 25.763159 24.842106 27.351351 27.000000 1.108695 3.282614
18:18:51 26.131578 26.263159 25.763159 24.842106 27.324326 27.000000 1.108695 3.282614
18:18:52 26.105263 26.263159 25.763159 24.842106 27.324326 27.000000 1.108695 3.239128
18:18:52 26.105263 26.263159 25.736843 24.842106 27.324326 27.000000 1.130433 3.239128
18:18:52 26.105263 26.263159 25.736843 24.842106 27.324326 27.000000 1.130433 3.282614
18:18:53 26.105263 26.236841 25.736843 24.842106 27.324326 27.000000 1.130433 3.282614
18:18:53 26.105263 26.236841 25.736843 24.842106 27.324326 27.000000 1.130433 3.282614
18:18:54 26.105263 26.236841 25.736843 24.842106 27.324326 27.000000 1.130433 3.260865
18:18:54 26.105263 26.236841 25.736843 24.842106 27.324326 27.000000 1.130433 3.260865
18:18:54 26.105263 26.236841 25.736843 24.842106 27.324326 26.973684 1.130433 3.260865
18:18:55 26.105263 26.236841 25.736843 24.842106 27.324326 26.973684 1.130433 3.260865
18:18:55 26.105263 26.236841 25.736843 24.842106 27.324326 26.973684 1.130433 3.304351
18:18:56 26.105263 26.236841 25.736843 24.842106 27.324326 26.973684 1.130433 3.304351
18:18:56 26.105263 26.236841 25.736843 24.842106 27.324326 26.973684 1.130433 3.304351
