13:02:19 28.263159 26.078949 27.789474 26.263157 27.459461 26.842106 1.239131 4.521737
13:02:20 28.263159 26.078949 27.789474 26.263157 27.378378 26.947369 1.239131 3.217390
13:02:21 28.263159 26.078949 27.789474 26.263157 27.351351 26.947369 1.239131 3.195653
13:02:22 28.263159 26.078949 27.789474 26.263157 27.351351 26.947369 1.260869 3.239128
13:02:22 28.263159 26.078949 27.789474 26.263157 27.351351 26.947369 1.260869 3.239128
13:02:23 28.263159 26.078949 27.789474 26.263157 27.351351 26.947369 1.260869 3.217390
13:02:24 28.263159 26.078949 27.789474 26.263157 27.351351 26.947369 1.239131 3.239128
13:02:25 28.263159 26.078949 27.789474 26.263157 27.351351 26.947369 1.239131 3.217390
13:02:25 28.263159 26.078949 27.789474 26.263157 27.351351 26.947369 1.239131 3.217390
13:02:26 28.263159 26.078949 27.789474 26.263157 27.351351 26.947369 1.239131 3.239128
13:02:27 28.263159 26.078949 27.789474 26.263157 27.351351 26.947369 1.239131 3.195653
13:02:28 28.263159 26.078949 27.789474 26.263157 27.351351 26.947369 1.239131 3.217390
13:02:28 28.263159 26.078949 27.789474 26.263157 27.351351 26.947369 1.239131 3.217390
13:02:29 28.263159 26.078949 27.789474 26.263157 27.351351 26.947369 1.260869 3.217390
13:02:30 28.263159 26.078949 27.789474 26.289474 27.324326 26.947369 1.260869 3.195653
13:02:31 28.263159 26.078949 27.789474 26.289474 27.324326 26.947369 1.260869 3.195653
13:02:32 28.236841 26.078949 27.789474 26.289474 27.324326 26.947369 1.304344 3.239128
13:02:32 28.236841 26.078949 27.789474 26.289474 27.324326 26.947369 1.391304 3.217390
13:02:33 28.236841 26.078949 27.789474 26.289474 27.324326 26.947369 1.434779 3.239128
13:02:34 28.236841 26.078949 27.789474 26.289474 27.324326 26.921051 1.456517 3.239128
13:02:35 28.236841 26.078949 27.789474 26.289474 27.324326 26.921051 1.413042 3.217390
13:02:36 28.236841 26.078949 27.789474 26.289474 27.324326 26.921051 1.413042 3.260865
13:02:36 28.236841 26.078949 27.789474 26.289474 27.324326 26.921051 1.347829 3.260865
13:02:37 28.236841 26.052631 27.763157 26.289474 27.324326 26.921051 1.260869 3.239128
13:02:38 28.236841 26.052631 27.763157 26.315790 27.324326 26.921051 1.260869 3.239128
13:02:39 28.210527 26.052631 27.763157 26.315790 27.324326 26.947369 1.260869 2.956519
13:02:39 28.210527 26.052631 27.763157 26.315790 27.432432 27.026316 1.260869 1.847831
13:02:40 28.210527 26.052631 27.763157 26.315790 27.459461 27.052631 1.239131 1.239128
13:02:41 28.210527 26.052631 27.763157 26.315790 27.486486 27.105263 1.239131 1.239128
13:02:42 28.210527 26.052631 27.763157 26.315790 27.486486 27.105263 1.239131 0.934781
13:02:42 28.210527 26.052631 27.763157 26.315790 27.486486 27.105263 1.239131 0.782608
13:02:43 28.210527 26.052631 27.763157 26.315790 27.513514 27.105263 1.239131 0.608697
13:02:44 28.210527 26.052631 27.763157 26.315790 27.513514 27.131578 1.239131 0.499999
13:02:45 28.210527 26.052631 27.763157 26.315790 27.513514 27.131578 1.239131 0.499999
13:02:45 28.210527 26.052631 27.763157 26.315790 27.513514 27.131578 1.239131 0.456524
13:02:46 28.210527 26.052631 27.763157 26.315790 27.513514 27.131578 1.239131 0.347826
13:02:47 28.210527 26.052631 27.763157 26.315790 27.513514 27.131578 1.239131 0.347826
13:02:48 28.210527 26.052631 27.763157 26.315790 27.513514 27.131578 1.239131 0.347826
13:02:48 28.210527 26.052631 27.763157 26.315790 27.513514 27.131578 1.239131 0.347826
13:02:49 28.210527 26.052631 27.736843 26.315790 27.513514 27.131578 1.239131 0.347826
13:02:50 28.210527 26.052631 27.736843 26.289474 27.513514 27.131578 1.239131 0.347826
13:02:51 28.210527 26.052631 27.736843 26.289474 27.513514 27.131578 1.239131 0.347826
13:02:51 28.210527 26.026314 27.736843 26.289474 27.513514 27.131578 1.260869 0.347826
13:02:52 28.210527 26.026314 27.736843 26.315790 27.540543 27.131578 1.260869 0.369563
13:02:53 28.210527 26.026314 27.736843 26.315790 27.513514 27.131578 1.260869 0.391301
13:02:54 28.210527 26.026314 27.736843 26.289474 27.513514 27.131578 1.260869 0.391301
13:02:54 28.210527 26.026314 27.736843 26.289474 27.513514 27.131578 1.260869 0.391301
13:02:55 28.210527 26.026314 27.736843 26.289474 27.513514 27.131578 1.260869 0.391301
13:02:56 28.210527 26.052631 27.736843 26.289474 27.513514 27.131578 1.260869 0.391301
13:02:57 28.210527 26.052631 27.736843 26.289474 27.513514 27.131578 1.260869 0.391301
13:02:57 28.210527 26.052631 27.736843 26.289474 27.513514 27.131578 1.239131 0.391301
13:02:58 28.210527 26.052631 27.736843 26.289474 27.513514 27.131578 1.239131 0.391301
13:02:59 28.210527 26.052631 27.736843 26.289474 27.513514 27.131578 1.239131 0.391301
13:03:00 28.210527 26.052631 27.736843 26.289474 27.513514 27.131578 1.239131 0.391301
13:03:00 28.210527 26.052631 27.736843 26.289474 27.513514 27.131578 1.260869 0.391301
13:03:01 28.210527 26.052631 27.736843 26.289474 27.513514 27.131578 1.282606 0.391301
13:03:02 28.210527 26.052631 27.736843 26.289474 27.513514 27.131578 1.282606 0.391301
13:03:03 28.210527 26.026314 27.736843 26.289474 27.513514 27.131578 1.304344 0.391301
13:03:03 28.210527 26.026314 27.736843 26.289474 27.513514 27.131578 1.347829 0.391301
13:03:04 28.210527 26.052631 27.736843 26.289474 27.540543 27.131578 1.413042 0.391301
13:03:05 28.210527 26.052631 27.736843 26.315790 27.540543 27.131578 1.500003 0.304351
13:03:06 28.210527 26.052631 27.736843 26.315790 27.513514 27.131578 1.500003 0.326088
13:03:06 28.210527 26.052631 27.736843 26.315790 27.513514 27.131578 1.456517 0.326088
13:03:07 28.210527 26.052631 27.736843 26.289474 27.513514 27.131578 1.391304 0.326088
13:03:09 28.210527 26.052631 27.736843 26.315790 27.513514 27.131578 1.326092 0.326088
13:03:09 28.105263 25.921053 27.736843 26.315790 27.513514 27.131578 7.347830 0.326088
13:03:10 28.105263 25.921053 27.657896 26.026316 27.513514 27.131578 7.413043 0.326088
13:03:11 28.105263 25.921053 27.657896 26.000000 27.513514 27.131578 7.304344 0.326088
13:03:12 28.105263 25.921053 27.657896 26.026316 27.513514 27.131578 7.304344 0.326088
13:03:12 28.105263 25.921053 27.657896 26.026316 27.513514 27.131578 7.282607 0.326088
13:03:13 28.105263 25.921053 27.657896 26.000000 27.513514 27.131578 7.326082 0.326088
13:03:14 28.105263 25.921053 27.657896 26.000000 27.513514 27.131578 7.195656 0.326088
13:03:15 28.105263 25.921053 27.657896 26.000000 27.513514 27.131578 7.239131 0.326088
13:03:15 28.105263 25.921053 27.657896 26.000000 27.513514 27.131578 7.239131 0.326088
13:03:16 28.078949 25.921053 27.657896 26.000000 27.513514 27.131578 7.282607 0.326088
13:03:17 28.078949 25.921053 27.657896 26.000000 27.513514 27.131578 7.173909 0.326088
13:03:18 28.078949 25.921053 27.657896 26.000000 27.513514 27.131578 7.282607 0.326088
13:03:18 28.078949 25.921053 27.657896 26.000000 27.513514 27.131578 7.282607 0.326088
13:03:19 28.078949 25.921053 27.657896 26.000000 27.513514 27.131578 7.260869 0.326088
13:03:20 28.157894 25.921053 27.657896 25.921051 27.513514 27.131578 2.782612 0.391301
13:03:21 28.157894 26.000000 27.710527 26.210526 27.513514 27.131578 2.739126 0.391301
13:03:21 28.157894 26.000000 27.710527 26.210526 27.513514 27.131578 2.739126 0.391301
13:03:22 28.157894 26.000000 27.710527 26.210526 27.513514 27.131578 2.739126 0.326088
13:03:23 28.157894 26.000000 27.710527 26.210526 27.513514 27.131578 2.739126 0.326088
13:03:24 28.157894 26.000000 27.710527 26.210526 27.513514 27.131578 2.760874 0.326088
13:03:24 28.157894 26.000000 27.710527 26.210526 27.513514 27.131578 2.739126 0.326088
13:03:25 28.157894 26.000000 27.710527 26.210526 27.513514 27.131578 2.739126 0.326088
13:03:26 28.157894 26.000000 27.710527 26.210526 27.513514 27.131578 2.739126 0.326088
13:03:27 28.157894 26.000000 27.710527 26.210526 27.513514 27.131578 2.739126 0.326088
13:03:27 28.157894 26.000000 27.710527 26.210526 27.513514 27.131578 2.717388 0.326088
13:03:28 28.157894 26.000000 27.710527 26.210526 27.513514 27.131578 2.717388 0.326088
13:03:29 28.157894 26.000000 27.710527 26.210526 27.513514 27.131578 2.717388 0.391301
13:03:30 28.157894 26.000000 27.710527 26.210526 27.513514 27.131578 2.717388 0.391301
13:03:30 28.157894 26.000000 27.710527 26.210526 27.513514 27.131578 2.695651 0.391301
