13:22:58 28.131580 26.000000 27.684210 26.210526 27.270269 26.894737 1.260869 3.086955
13:22:59 28.131580 26.000000 27.684210 26.210526 27.297297 26.894737 1.239131 3.086955
13:23:00 28.131580 26.000000 27.684210 26.210526 27.297297 26.894737 1.239131 3.195653
13:23:01 28.131580 26.000000 27.684210 26.210526 27.297297 26.894737 1.239131 3.086955
13:23:02 28.131580 26.000000 27.684210 26.210526 27.297297 26.921051 1.260869 2.934782
13:23:02 28.131580 26.000000 27.684210 26.210526 27.297297 26.921051 1.260869 2.978256
13:23:03 28.131580 26.000000 27.684210 26.210526 27.297297 26.921051 1.282606 2.978256
13:23:04 28.131580 26.000000 27.710527 26.210526 27.297297 26.921051 1.304344 3.021742
13:23:05 28.131580 26.000000 27.684210 26.210526 27.297297 26.921051 1.347829 3.000005
13:23:06 28.131580 26.000000 27.684210 26.210526 27.324326 26.947369 1.347829 2.652173
13:23:06 28.131580 26.000000 27.684210 26.210526 27.324326 26.947369 1.369567 2.586960
13:23:07 28.131580 26.000000 27.684210 26.210526 27.324326 26.947369 1.391304 2.673910
13:23:08 28.131580 26.000000 27.684210 26.210526 27.324326 26.947369 1.369567 2.673910
13:23:09 28.131580 26.000000 27.684210 26.210526 27.324326 26.947369 1.326092 2.630435
13:23:10 28.131580 26.000000 27.684210 26.210526 27.324326 26.947369 1.326092 2.499999
13:23:10 28.131580 26.000000 27.684210 26.210526 27.324326 26.947369 1.304344 2.478262
13:23:11 28.131580 26.000000 27.684210 26.210526 27.324326 26.947369 1.260869 2.521737
13:23:12 28.131580 26.000000 27.684210 26.210526 27.324326 26.947369 1.239131 2.347826
13:23:13 28.131580 26.000000 27.684210 26.210526 27.324326 26.947369 1.239131 2.347826
13:23:14 28.131580 26.000000 27.684210 26.210526 27.324326 26.947369 1.239131 2.347826
13:23:14 28.131580 26.000000 27.684210 26.210526 27.324326 26.947369 1.239131 2.195653
13:23:15 28.131580 26.000000 27.684210 26.210526 27.351351 26.973684 1.260869 2.217390
13:23:16 28.131580 26.000000 27.684210 26.210526 27.351351 26.973684 1.239131 2.195653
13:23:17 28.131580 26.000000 27.684210 26.210526 27.351351 26.973684 1.239131 2.130430
13:23:18 28.131580 26.000000 27.684210 26.210526 27.351351 26.973684 1.239131 2.130430
13:23:18 28.131580 26.000000 27.684210 26.210526 27.351351 26.973684 1.239131 2.000004
13:23:19 28.131580 26.000000 27.684210 26.210526 27.351351 26.973684 1.239131 2.065217
13:23:20 28.131580 26.000000 27.684210 26.210526 27.351351 26.973684 1.239131 2.065217
13:23:21 28.131580 26.000000 27.684210 26.210526 27.351351 26.973684 1.239131 2.086955
13:23:22 28.131580 26.000000 27.710527 26.210526 27.351351 26.973684 1.239131 2.086955
13:23:22 28.131580 26.000000 27.684210 26.210526 27.351351 26.973684 1.239131 2.065217
13:23:23 28.131580 26.000000 27.684210 26.210526 27.351351 26.973684 1.239131 2.065217
13:23:24 28.131580 26.000000 27.684210 26.210526 27.351351 26.973684 1.239131 2.065217
13:23:25 28.131580 26.000000 27.684210 26.210526 27.351351 26.973684 1.239131 2.152178
13:23:26 28.131580 26.000000 27.684210 26.210526 27.351351 26.973684 1.239131 2.173915
13:23:26 28.131580 26.000000 27.684210 26.210526 27.351351 26.973684 1.239131 2.173915
13:23:27 28.131580 26.000000 27.684210 26.210526 27.351351 26.973684 1.260869 2.043479
13:23:28 28.131580 26.000000 27.684210 26.210526 27.351351 26.973684 1.260869 2.043479
13:23:29 28.131580 26.000000 27.684210 26.210526 27.351351 26.973684 1.260869 2.021742
13:23:30 28.131580 26.000000 27.684210 26.210526 27.351351 26.973684 1.260869 2.021742
13:23:30 28.131580 26.000000 27.684210 26.210526 27.351351 26.973684 1.260869 2.043479
13:23:31 28.131580 26.000000 27.684210 26.210526 27.351351 26.973684 1.239131 2.043479
13:23:32 28.131580 26.000000 27.684210 26.210526 27.351351 26.973684 1.260869 2.021742
13:23:33 28.131580 26.000000 27.684210 26.210526 27.351351 26.973684 1.260869 2.021742
13:23:34 28.131580 26.000000 27.684210 26.210526 27.351351 26.973684 1.282606 2.021742
13:23:34 28.131580 26.000000 27.684210 26.210526 27.351351 26.973684 1.282606 1.956519
13:23:35 28.131580 26.000000 27.684210 26.210526 27.351351 26.973684 1.304344 1.956519
13:23:36 28.131580 26.000000 27.684210 26.210526 27.351351 26.973684 1.304344 1.978256
13:23:37 28.131580 26.000000 27.684210 26.210526 27.351351 26.973684 1.347829 1.934781
13:23:38 28.131580 26.000000 27.684210 26.210526 27.351351 26.973684 1.347829 1.956519
13:23:38 28.131580 26.000000 27.684210 26.210526 27.351351 26.973684 1.347829 1.978256
13:23:39 28.131580 26.000000 27.684210 26.210526 27.351351 26.973684 1.347829 1.978256
13:23:40 28.131580 26.000000 27.684210 26.210526 27.351351 26.973684 1.326092 1.978256
13:23:41 28.131580 26.000000 27.684210 26.210526 27.351351 26.973684 1.282606 2.000004
13:23:42 28.131580 26.000000 27.684210 26.210526 27.351351 26.973684 1.282606 1.978256
13:23:42 28.131580 26.000000 27.684210 26.210526 27.351351 26.973684 1.282606 2.065217
13:23:43 28.131580 26.000000 27.684210 26.210526 27.351351 26.973684 1.260869 2.065217
13:23:44 28.131580 26.000000 27.684210 26.210526 27.351351 26.973684 1.239131 2.086955
13:23:45 28.131580 26.000000 27.684210 26.210526 27.351351 26.973684 1.239131 2.086955
13:23:46 28.131580 26.000000 27.684210 26.210526 27.351351 26.973684 1.239131 2.086955
13:23:46 28.131580 26.000000 27.684210 26.210526 27.351351 26.973684 1.239131 2.086955
13:23:47 28.131580 26.000000 27.684210 26.210526 27.351351 26.973684 1.239131 2.021742
13:23:48 28.131580 26.000000 27.684210 26.210526 27.351351 26.973684 1.239131 2.152178
13:23:49 28.131580 26.000000 27.684210 26.210526 27.351351 26.973684 1.239131 2.086955
13:23:50 28.131580 26.000000 27.684210 26.210526 27.351351 26.973684 1.239131 2.086955
13:23:50 28.131580 26.000000 27.684210 26.210526 27.351351 26.973684 1.239131 2.086955
13:23:51 28.131580 26.000000 27.684210 26.210526 27.351351 26.973684 1.239131 2.108692
13:23:52 28.131580 26.000000 27.684210 26.210526 27.351351 26.973684 1.239131 2.130430
13:23:53 28.131580 26.000000 27.710527 26.210526 27.351351 26.973684 1.239131 2.086955
13:23:54 28.131580 26.000000 27.684210 26.210526 27.351351 26.973684 1.239131 2.086955
13:23:54 28.131580 26.000000 27.710527 26.210526 27.351351 26.973684 1.239131 2.043479
13:23:55 28.131580 26.000000 27.684210 26.210526 27.351351 26.973684 1.239131 2.108692
13:23:56 28.131580 26.000000 27.684210 26.210526 27.351351 26.973684 1.239131 2.000004
13:23:57 28.131580 26.000000 27.684210 26.210526 27.324326 26.947369 1.239131 2.260865
13:23:58 28.131580 26.000000 27.684210 26.210526 27.324326 26.947369 1.239131 2.260865
13:23:58 28.131580 26.000000 27.684210 26.210526 27.324326 26.947369 1.239131 2.260865
