18:40:09 26.078947 26.210527 25.710526 24.789474 27.567568 27.236841 1.217394 0.000004
18:40:09 26.078947 26.210527 25.710526 24.789474 27.567568 27.236841 1.217394 0.000004
18:40:10 26.078947 26.210527 25.710526 24.789474 27.567568 27.236841 1.260869 0.000004
18:40:10 26.078947 26.210527 25.710526 24.789474 27.567568 27.236841 1.260869 0.000004
18:40:11 26.078947 26.210527 25.710526 24.789474 27.567568 27.236841 1.347829 0.000004
18:40:11 26.078947 26.210527 25.710526 24.789474 27.567568 27.236841 1.347829 0.000004
18:40:11 26.078947 26.210527 25.710526 24.789474 27.567568 27.236841 1.347829 0.000004
18:40:12 26.078947 26.210527 25.710526 24.789474 27.567568 27.236841 1.326092 0.000004
18:40:12 26.078947 26.210527 25.710526 24.789474 27.567568 27.236841 1.326092 0.000004
18:40:13 26.078947 26.210527 25.710526 24.789474 27.567568 27.236841 1.195656 0.000004
18:40:13 26.078947 26.210527 25.710526 24.789474 27.567568 27.236841 1.195656 0.000004
18:40:13 26.078947 26.210527 25.710526 24.789474 27.567568 27.236841 1.152171 0.000004
18:40:14 26.078947 26.210527 25.710526 24.789474 27.567568 27.236841 1.152171 0.000004
18:40:14 26.078947 26.210527 25.710526 24.789474 27.567568 27.236841 1.152171 0.000004
18:40:15 26.078947 26.210527 25.710526 24.789474 27.567568 27.236841 1.108695 0.000004
18:40:15 26.078947 26.210527 25.710526 24.789474 27.567568 27.236841 1.108695 0.000004
18:40:15 26.078947 26.210527 25.710526 24.789474 27.567568 27.236841 1.108695 0.000004
18:40:16 26.078947 26.210527 25.710526 24.789474 27.567568 27.236841 1.108695 0.000004
18:40:16 26.078947 26.210527 25.710526 24.789474 27.567568 27.236841 1.108695 0.000004
18:40:17 26.078947 26.210527 25.710526 24.789474 27.567568 27.236841 1.108695 0.000004
18:40:17 26.078947 26.210527 25.710526 24.789474 27.567568 27.236841 1.108695 0.000004
18:40:17 26.078947 26.210527 25.710526 24.789474 27.567568 27.236841 1.086958 0.000004
18:40:18 26.078947 26.210527 25.710526 24.789474 27.567568 27.236841 1.086958 0.000004
18:40:18 26.078947 26.210527 25.710526 24.789474 27.567568 27.236841 1.086958 0.000004
18:40:19 26.078947 26.210527 25.710526 24.789474 27.567568 27.236841 1.086958 0.000004
18:40:19 26.078947 26.210527 25.710526 24.789474 27.567568 27.236841 1.086958 0.000004
18:40:19 26.078947 26.210527 25.710526 24.789474 27.567568 27.236841 1.086958 0.000004
18:40:20 26.078947 26.210527 25.710526 24.789474 27.567568 27.236841 1.086958 0.000004
18:40:20 26.078947 26.210527 25.710526 24.789474 27.567568 27.236841 1.086958 0.000004
18:40:21 26.078947 26.210527 25.710526 24.789474 27.567568 27.236841 1.086958 0.000004
18:40:21 26.078947 26.210527 25.710526 24.789474 27.567568 27.236841 1.086958 0.000004
18:40:21 26.078947 26.210527 25.710526 24.789474 27.567568 27.236841 1.086958 0.000004
18:40:22 26.078947 26.210527 25.710526 24.789474 27.567568 27.236841 1.086958 0.000004
18:40:22 26.078947 26.210527 25.710526 24.789474 27.567568 27.236841 1.086958 0.000004
18:40:23 26.078947 26.210527 25.710526 24.789474 27.567568 27.236841 1.086958 0.000004
18:40:23 26.078947 26.210527 25.710526 24.789474 27.567568 27.236841 1.086958 0.000004
18:40:23 26.078947 26.210527 25.710526 24.789474 27.567568 27.236841 1.086958 0.000004
18:40:24 26.078947 26.210527 25.710526 24.789474 27.567568 27.236841 1.086958 0.000004
18:40:24 26.078947 26.210527 25.710526 24.789474 27.567568 27.236841 1.086958 0.000004
18:40:25 26.078947 26.210527 25.710526 24.789474 27.567568 27.236841 1.086958 0.000004
18:40:25 26.078947 26.210527 25.710526 24.789474 27.567568 27.236841 1.108695 0.000004
18:40:25 26.078947 26.210527 25.710526 24.789474 27.567568 27.236841 1.108695 0.000004
18:40:26 26.078947 26.210527 25.710526 24.789474 27.567568 27.236841 1.108695 0.000004
18:40:26 26.078947 26.210527 25.710526 24.789474 27.567568 27.236841 1.108695 0.000004
18:40:27 26.078947 26.210527 25.710526 24.789474 27.567568 27.236841 1.108695 0.000004
18:40:27 26.078947 26.210527 25.710526 24.789474 27.567568 27.236841 1.108695 0.000004
18:40:27 26.078947 26.210527 25.710526 24.789474 27.567568 27.236841 1.108695 0.000004
18:40:28 26.078947 26.210527 25.710526 24.789474 27.567568 27.236841 1.108695 0.000004
18:40:28 26.078947 26.210527 25.710526 24.789474 27.567568 27.236841 1.108695 0.000004
18:40:29 26.078947 26.210527 25.710526 24.789474 27.567568 27.236841 1.108695 0.000004
18:40:29 26.078947 26.210527 25.710526 24.789474 27.567568 27.236841 1.108695 0.000004
18:40:29 26.078947 26.210527 25.710526 24.789474 27.567568 27.236841 1.108695 0.000004
18:40:30 26.078947 26.184210 25.710526 24.789474 27.567568 27.236841 1.108695 0.000004
18:40:30 26.078947 26.184210 25.710526 24.789474 27.567568 27.236841 1.108695 0.000004
18:40:31 26.078947 26.184210 25.710526 24.789474 27.567568 27.236841 1.108695 0.000004
18:40:31 26.078947 26.184210 25.710526 24.789474 27.567568 27.236841 1.108695 0.000004
18:40:31 26.078947 26.184210 25.710526 24.789474 27.567568 27.236841 1.108695 0.000004
18:40:32 26.078947 26.210527 25.710526 24.789474 27.567568 27.236841 1.108695 0.000004
18:40:32 26.078947 26.210527 25.710526 24.789474 27.567568 27.236841 1.108695 0.000004
18:40:33 26.078947 26.184210 25.710526 24.789474 27.567568 27.236841 1.108695 0.000004
18:40:33 26.078947 26.184210 25.710526 24.789474 27.567568 27.236841 1.086958 0.000004
18:40:33 26.078947 26.210527 25.710526 24.789474 27.567568 27.236841 1.086958 0.000004
18:40:34 26.078947 26.210527 25.710526 24.789474 27.567568 27.236841 1.108695 0.000004
18:40:34 26.078947 26.210527 25.710526 24.789474 27.567568 27.236841 1.108695 0.000004
18:40:35 26.078947 26.210527 25.710526 24.789474 27.567568 27.236841 1.108695 0.000004
18:40:35 26.078947 26.210527 25.710526 24.789474 27.567568 27.236841 1.108695 0.000004
18:40:35 26.078947 26.210527 25.710526 24.789474 27.567568 27.236841 1.108695 0.000004
18:40:36 26.078947 26.210527 25.710526 24.789474 27.567568 27.236841 1.108695 0.000004
18:40:36 26.078947 26.210527 25.710526 24.789474 27.567568 27.236841 1.108695 0.000004
18:40:37 26.078947 26.210527 25.710526 24.789474 27.567568 27.236841 1.108695 0.000004
18:40:37 26.078947 26.210527 25.710526 24.789474 27.567568 27.236841 1.108695 0.000004
18:40:37 26.078947 26.210527 25.710526 24.789474 27.567568 27.236841 1.108695 0.000004
18:40:38 26.078947 26.210527 25.710526 24.789474 27.567568 27.236841 1.130433 0.000004
18:40:38 26.078947 26.210527 25.710526 24.789474 27.567568 27.236841 1.130433 0.000004
18:40:39 26.078947 26.210527 25.710526 24.789474 27.567568 27.236841 1.152171 0.000004
18:40:39 26.078947 26.210527 25.710526 24.789474 27.567568 27.236841 1.152171 0.000004
18:40:39 26.078947 26.210527 25.710526 24.789474 27.567568 27.236841 1.152171 0.000004
18:40:40 26.078947 26.210527 25.710526 24.789474 27.567568 27.236841 1.195656 0.000004
18:40:40 26.078947 26.210527 25.710526 24.789474 27.567568 27.236841 1.195656 0.000004
18:40:41 26.078947 26.210527 25.710526 24.789474 27.567568 27.236841 1.260869 0.000004
18:40:41 26.078947 26.210527 25.710526 24.789474 27.567568 27.236841 1.260869 0.000004
18:40:41 26.078947 26.210527 25.710526 24.789474 27.567568 27.236841 1.260869 0.000004
18:40:42 26.078947 26.210527 25.710526 24.789474 27.567568 27.236841 1.326092 0.000004
18:40:42 26.078947 26.210527 25.710526 24.789474 27.567568 27.236841 1.326092 0.000004
18:40:43 26.078947 26.210527 25.710526 24.789474 27.567568 27.236841 1.326092 0.000004
18:40:43 26.078947 26.210527 25.710526 24.789474 27.567568 27.236841 1.326092 0.000004
18:40:43 26.078947 26.210527 25.710526 24.789474 27.567568 27.236841 1.326092 0.000004
18:40:44 26.078947 26.210527 25.710526 24.789474 27.567568 27.236841 1.282606 0.000004
18:40:44 26.078947 26.210527 25.710526 24.789474 27.567568 27.236841 1.282606 0.000004
18:40:45 26.078947 26.210527 25.710526 24.789474 27.567568 27.236841 1.195656 0.000004
18:40:45 26.078947 26.210527 25.710526 24.789474 27.567568 27.236841 1.195656 0.000004
18:40:45 26.078947 26.210527 25.710526 24.789474 27.567568 27.236841 1.130433 0.000004
18:40:46 26.078947 26.210527 25.710526 24.789474 27.567568 27.236841 1.130433 0.000004
18:40:46 26.078947 26.210527 25.710526 24.789474 27.567568 27.236841 1.130433 0.000004
18:40:47 26.078947 26.210527 25.710526 24.789474 27.567568 27.236841 1.108695 0.000004
18:40:47 26.078947 26.210527 25.710526 24.789474 27.567568 27.236841 1.108695 0.000004
