22:06:21 26.500000 26.473684 26.210526 25.710526 26.081081 26.131578 1.260869 -0.021744
22:06:22 26.500000 26.473684 26.210526 25.710526 26.081081 26.131578 1.282606 -0.021744
22:06:22 26.500000 26.473684 26.210526 25.710526 26.081081 26.131578 1.282606 -0.021744
22:06:23 26.500000 26.473684 26.210526 25.710526 26.081081 26.131578 1.304344 -0.021744
22:06:24 26.500000 26.473684 26.210526 25.710526 26.081081 26.131578 1.304344 -0.043481
22:06:25 26.500000 26.447369 26.210526 25.710526 26.081081 26.131578 1.304344 -0.043481
22:06:25 26.500000 26.447369 26.210526 25.710526 26.081081 26.131578 1.304344 -0.043481
22:06:26 26.500000 26.473684 26.210526 25.710526 26.081081 26.131578 1.260869 -0.043481
22:06:27 26.500000 26.473684 26.210526 25.710526 26.081081 26.131578 1.260869 -0.043481
22:06:28 26.500000 26.473684 26.210526 25.710526 26.081081 26.131578 1.260869 -0.043481
22:06:28 26.500000 26.473684 26.210526 25.710526 26.081081 26.131578 1.282606 -0.043481
22:06:29 26.500000 26.473684 26.210526 25.710526 26.081081 26.131578 1.304344 -0.043481
22:06:30 26.500000 26.473684 26.210526 25.710526 26.081081 26.131578 1.282606 -0.043481
22:06:31 26.500000 26.473684 26.210526 25.710526 26.081081 26.131578 1.282606 -0.043481
22:06:31 26.500000 26.473684 26.210526 25.710526 26.081081 26.131578 1.282606 -0.043481
22:06:32 26.500000 26.473684 26.210526 25.710526 26.081081 26.131578 1.304344 -0.043481
22:06:33 26.500000 26.473684 26.210526 25.710526 26.081081 26.131578 1.347829 -0.043481
22:06:33 26.500000 26.473684 26.210526 25.631578 26.081081 26.131578 1.347829 -0.043481
22:06:34 26.500000 26.473684 26.210526 25.631578 26.081081 26.131578 1.369567 -0.021744
22:06:35 26.500000 26.473684 26.210526 25.657896 26.081081 26.131578 1.434779 -0.043481
22:06:36 26.500000 26.473684 26.210526 25.710526 26.081081 26.131578 1.347829 -0.043481
22:06:36 26.500000 26.473684 26.210526 25.710526 26.081081 26.131578 1.347829 -0.043481
22:06:37 26.500000 26.473684 26.210526 25.710526 26.081081 26.131578 1.369567 -0.043481
22:06:38 26.500000 26.473684 26.210526 25.710526 26.081081 26.131578 1.391304 -0.043481
22:06:39 26.526318 26.473684 26.210526 25.710526 26.081081 26.131578 1.369567 -0.043481
22:06:39 26.500000 26.473684 26.210526 25.710526 26.081081 26.131578 1.369567 -0.043481
22:06:40 26.500000 26.473684 26.210526 25.710526 26.081081 26.131578 1.326092 -0.043481
22:06:41 26.500000 26.473684 26.210526 25.710526 26.081081 26.131578 1.326092 -0.043481
22:06:42 26.500000 26.473684 26.210526 25.710526 26.081081 26.131578 1.304344 -0.043481
22:06:42 26.500000 26.473684 26.210526 25.710526 26.081081 26.131578 1.282606 -0.021744
22:06:43 26.500000 26.473684 26.210526 25.710526 26.081081 26.131578 1.282606 -0.021744
22:06:44 26.500000 26.473684 26.210526 25.710526 26.081081 26.131578 1.282606 -0.021744
22:06:45 26.500000 26.473684 26.210526 25.710526 26.081081 26.131578 1.282606 -0.021744
22:06:45 26.500000 26.473684 26.236843 25.710526 26.081081 26.131578 1.304344 -0.021744
22:06:46 26.500000 26.473684 26.210526 25.710526 26.081081 26.131578 1.304344 -0.021744
22:06:47 26.500000 26.473684 26.210526 25.710526 26.081081 26.131578 1.260869 -0.021744
22:06:48 26.500000 26.473684 26.210526 25.710526 26.081081 26.131578 1.260869 -0.021744
22:06:48 26.500000 26.473684 26.210526 25.710526 26.081081 26.131578 1.260869 -0.021744
22:06:49 26.500000 26.473684 26.210526 25.710526 26.081081 26.131578 1.260869 -0.021744
22:06:50 26.500000 26.473684 26.210526 25.710526 26.081081 26.131578 1.260869 -0.021744
22:06:50 26.500000 26.473684 26.210526 25.710526 26.081081 26.131578 1.260869 -0.021744
22:06:51 26.500000 26.473684 26.210526 25.710526 26.081081 26.131578 1.260869 -0.021744
22:06:52 26.500000 26.473684 26.210526 25.710526 26.081081 26.131578 1.260869 -0.021744
22:06:53 26.500000 26.473684 26.210526 25.710526 26.081081 26.131578 1.260869 -0.043481
22:06:53 26.500000 26.473684 26.210526 25.710526 26.081081 26.131578 1.304344 -0.043481
22:06:54 26.473682 26.473684 26.210526 25.710526 26.081081 26.131578 1.326092 -0.043481
22:06:55 26.500000 26.473684 26.210526 25.710526 26.081081 26.131578 1.326092 -0.043481
22:06:56 26.500000 26.473684 26.210526 25.710526 26.081081 26.131578 1.304344 -0.043481
22:06:56 26.500000 26.473684 26.210526 25.710526 26.081081 26.131578 1.260869 -0.043481
22:06:57 26.500000 26.473684 26.236843 25.710526 26.081081 26.131578 1.282606 -0.043481
22:06:58 26.500000 26.473684 26.210526 25.710526 26.081081 26.131578 1.260869 -0.043481
22:06:59 26.500000 26.473684 26.210526 25.710526 26.081081 26.131578 1.260869 -0.043481
22:06:59 26.500000 26.473684 26.210526 25.710526 26.081081 26.131578 1.282606 -0.043481
22:07:00 26.500000 26.473684 26.210526 25.710526 26.081081 26.131578 1.282606 -0.043481
22:07:01 26.500000 26.473684 26.210526 25.710526 26.081081 26.131578 1.282606 -0.043481
22:07:02 26.500000 26.473684 26.210526 25.710526 26.081081 26.131578 1.282606 -0.043481
22:07:02 26.500000 26.473684 26.210526 25.710526 26.081081 26.131578 1.282606 -0.043481
22:07:03 26.500000 26.473684 26.210526 25.710526 26.081081 26.131578 1.304344 -0.043481
22:07:04 26.500000 26.473684 26.210526 25.684210 26.081081 26.131578 1.347829 -0.043481
22:07:04 26.500000 26.473684 26.210526 25.631578 26.081081 26.131578 1.347829 -0.021744
22:07:05 26.500000 26.473684 26.210526 25.631578 26.081081 26.131578 1.391304 -0.021744
22:07:06 26.500000 26.473684 26.210526 25.710526 26.081081 26.131578 1.347829 -0.043481
22:07:07 26.500000 26.473684 26.210526 25.710526 26.081081 26.131578 1.369567 -0.043481
22:07:07 26.500000 26.473684 26.210526 25.710526 26.081081 26.131578 1.369567 -0.043481
22:07:08 26.500000 26.473684 26.210526 25.710526 26.081081 26.131578 1.369567 -0.043481
22:07:09 26.500000 26.473684 26.210526 25.710526 26.081081 26.131578 1.391304 -0.043481
22:07:10 26.500000 26.473684 26.210526 25.710526 26.081081 26.131578 1.434779 -0.043481
22:07:10 26.500000 26.473684 26.210526 25.710526 26.081081 26.131578 1.434779 -0.043481
22:07:11 26.500000 26.473684 26.210526 25.710526 26.081081 26.131578 1.586953 -0.043481
22:07:12 26.500000 26.473684 26.210526 25.710526 26.081081 26.131578 1.326092 -0.043481
22:07:13 26.500000 26.473684 26.210526 25.710526 26.081081 26.131578 1.304344 -0.043481
22:07:13 26.500000 26.473684 26.210526 25.710526 26.081081 26.131578 1.282606 -0.043481
22:07:14 26.500000 26.473684 26.210526 25.710526 26.108109 26.131578 1.282606 -0.043481
22:07:15 26.500000 26.473684 26.210526 25.710526 26.081081 26.131578 1.304344 -0.043481
22:07:16 26.500000 26.473684 26.210526 25.710526 26.081081 26.131578 1.282606 -0.043481
22:07:16 26.500000 26.473684 26.210526 25.710526 26.081081 26.131578 1.260869 -0.043481
22:07:17 26.500000 26.473684 26.210526 25.710526 26.081081 26.131578 1.260869 -0.043481
22:07:18 26.500000 26.473684 26.210526 25.710526 26.081081 26.131578 1.260869 -0.021744
22:07:18 26.500000 26.473684 26.210526 25.710526 26.081081 26.131578 1.260869 -0.021744
22:07:19 26.500000 26.473684 26.210526 25.710526 26.081081 26.131578 1.260869 -0.043481
22:07:20 26.500000 26.473684 26.210526 25.710526 26.081081 26.131578 1.260869 -0.043481
22:07:21 26.500000 26.473684 26.210526 25.710526 26.081081 26.131578 1.260869 -0.021744
22:07:21 26.500000 26.473684 26.210526 25.710526 26.081081 26.105263 1.260869 -0.021744
22:07:22 26.500000 26.473684 26.210526 25.710526 26.081081 26.105263 1.260869 -0.021744
22:07:23 26.500000 26.473684 26.210526 25.710526 26.081081 26.131578 1.260869 0.000004
22:07:24 26.500000 26.473684 26.210526 25.710526 26.081081 26.131578 1.282606 -0.021744
22:07:24 26.500000 26.473684 26.210526 25.710526 26.081081 26.131578 1.326092 -0.021744
22:07:25 26.473682 26.473684 26.210526 25.710526 26.081081 26.131578 1.326092 -0.021744
22:07:26 26.500000 26.473684 26.210526 25.710526 26.081081 26.131578 1.326092 -0.043481
22:07:27 26.500000 26.473684 26.210526 25.710526 26.081081 26.131578 1.260869 -0.043481
22:07:27 26.500000 26.473684 26.210526 25.710526 26.081081 26.131578 1.282606 -0.043481
22:07:28 26.500000 26.473684 26.210526 25.710526 26.081081 26.131578 1.260869 -0.043481
22:07:29 26.500000 26.473684 26.210526 25.710526 26.081081 26.131578 1.260869 -0.043481
22:07:30 26.500000 26.473684 26.210526 25.710526 26.081081 26.131578 1.260869 -0.043481
22:07:30 26.500000 26.473684 26.210526 25.710526 26.081081 26.131578 1.282606 -0.043481
22:07:31 26.500000 26.473684 26.210526 25.710526 26.081081 26.131578 1.282606 -0.043481
22:07:32 26.500000 26.473684 26.210526 25.710526 26.081081 26.131578 1.282606 -0.043481
22:07:33 26.500000 26.473684 26.210526 25.710526 26.081081 26.131578 1.282606 -0.043481
22:07:33 26.500000 26.473684 26.210526 25.710526 26.081081 26.131578 1.282606 -0.043481
22:07:34 26.500000 26.473684 26.210526 25.710526 26.081081 26.131578 1.304344 -0.043481
22:07:35 26.500000 26.473684 26.210526 25.710526 26.081081 26.131578 1.304344 -0.021744
22:07:35 26.500000 26.473684 26.210526 25.710526 26.081081 26.131578 1.304344 -0.021744
22:07:36 26.500000 26.473684 26.210526 25.710526 26.081081 26.131578 1.326092 -0.043481
22:07:37 26.500000 26.473684 26.210526 25.710526 26.081081 26.131578 1.347829 -0.043481
22:07:38 26.500000 26.473684 26.210526 25.710526 26.081081 26.131578 1.347829 -0.043481
22:07:38 26.500000 26.473684 26.210526 25.710526 26.081081 26.131578 1.347829 -0.043481
22:07:39 26.500000 26.473684 26.210526 25.710526 26.081081 26.131578 1.369567 -0.043481
22:07:40 26.500000 26.473684 26.210526 25.710526 26.081081 26.131578 1.391304 -0.043481
22:07:41 26.500000 26.473684 26.210526 25.710526 26.081081 26.131578 1.586953 -0.043481
22:07:41 26.500000 26.473684 26.210526 25.710526 26.081081 26.131578 1.586953 -0.043481
22:07:42 26.500000 26.473684 26.210526 25.710526 26.081081 26.131578 1.673913 -0.043481
22:07:43 26.500000 26.473684 26.210526 25.710526 26.081081 26.131578 1.760874 -0.043481
22:07:44 26.500000 26.473684 26.210526 25.710526 26.108109 26.131578 1.326092 -0.043481
22:07:44 26.500000 26.473684 26.210526 25.710526 26.108109 26.131578 1.326092 -0.043481
22:07:45 26.500000 26.473684 26.210526 25.710526 26.108109 26.131578 1.326092 -0.043481
22:07:46 26.500000 26.473684 26.210526 25.710526 26.081081 26.131578 1.304344 -0.043481
22:07:47 26.500000 26.473684 26.210526 25.710526 26.081081 26.131578 1.282606 -0.043481
22:07:47 26.500000 26.473684 26.210526 25.710526 26.081081 26.131578 1.260869 -0.043481
22:07:48 26.500000 26.473684 26.210526 25.710526 26.081081 26.131578 1.260869 -0.043481
22:07:49 26.500000 26.473684 26.210526 25.710526 26.081081 26.131578 1.282606 -0.021744
22:07:49 26.500000 26.473684 26.210526 25.710526 26.081081 26.131578 1.260869 -0.021744
22:07:50 26.500000 26.473684 26.210526 25.710526 26.081081 26.131578 1.282606 -0.021744
22:07:51 26.500000 26.473684 26.210526 25.710526 26.081081 26.131578 1.282606 -0.021744
22:07:52 26.500000 26.473684 26.210526 25.710526 26.081081 26.131578 1.282606 -0.021744
22:07:53 26.500000 26.473684 26.210526 25.710526 26.081081 26.131578 1.282606 0.021742
22:07:54 26.500000 26.473684 26.210526 25.710526 26.081081 26.131578 1.282606 0.021742
22:07:54 26.500000 26.473684 26.210526 25.710526 26.081081 26.131578 1.347829 0.021742
22:07:55 26.500000 26.473684 26.210526 25.710526 26.081081 26.131578 1.347829 -0.021744
22:07:56 26.500000 26.473684 26.210526 25.710526 26.081081 26.131578 1.347829 -0.021744
22:07:56 26.500000 26.473684 26.210526 25.710526 26.081081 26.131578 1.282606 -0.043481
22:07:57 26.500000 26.473684 26.210526 25.710526 26.081081 26.131578 1.282606 -0.043481
22:07:58 26.500000 26.473684 26.210526 25.710526 26.081081 26.131578 1.282606 -0.043481
22:07:59 26.500000 26.473684 26.210526 25.710526 26.081081 26.131578 1.282606 -0.043481
22:07:59 26.500000 26.473684 26.210526 25.710526 26.081081 26.131578 1.260869 -0.043481
22:08:00 26.500000 26.473684 26.210526 25.710526 26.081081 26.131578 1.260869 -0.043481
22:08:01 26.500000 26.473684 26.210526 25.710526 26.081081 26.131578 1.282606 -0.043481
22:08:02 26.500000 26.473684 26.210526 25.710526 26.081081 26.131578 1.282606 -0.043481
22:08:02 26.500000 26.473684 26.210526 25.710526 26.081081 26.131578 1.304344 -0.043481
22:08:03 26.500000 26.473684 26.210526 25.710526 26.081081 26.131578 1.282606 -0.043481
22:08:04 26.500000 26.473684 26.210526 25.710526 26.081081 26.131578 1.282606 -0.043481
22:08:05 26.500000 26.473684 26.184212 25.710526 26.081081 26.131578 1.282606 -0.043481
22:08:05 26.500000 26.473684 26.184212 25.710526 26.081081 26.131578 1.282606 -0.043481
22:08:06 26.500000 26.473684 26.210526 25.710526 26.081081 26.131578 1.326092 -0.043481
22:08:07 26.500000 26.473684 26.210526 25.710526 26.081081 26.131578 1.347829 -0.043481
22:08:08 26.500000 26.473684 26.210526 25.710526 26.081081 26.131578 1.347829 -0.043481
22:08:08 26.500000 26.473684 26.210526 25.710526 26.081081 26.131578 1.347829 -0.043481
22:08:09 26.500000 26.473684 26.210526 25.710526 26.081081 26.131578 1.347829 -0.043481
22:08:10 26.500000 26.473684 26.210526 25.710526 26.081081 26.131578 1.369567 -0.043481
22:08:11 26.500000 26.473684 26.210526 25.710526 26.081081 26.131578 1.369567 -0.043481
22:08:11 26.500000 26.473684 26.210526 25.710526 26.081081 26.131578 1.391304 -0.043481
22:08:12 26.500000 26.473684 26.210526 25.710526 26.081081 26.131578 1.565215 -0.043481
22:08:13 26.500000 26.473684 26.210526 25.710526 26.081081 26.131578 2.500003 -0.043481
22:08:13 26.500000 26.473684 26.210526 25.710526 26.081081 26.131578 2.695651 -0.043481
22:08:14 26.500000 26.473684 26.210526 25.710526 26.081081 26.131578 2.695651 -0.043481
22:08:15 26.500000 26.473684 26.210526 25.710526 26.081081 26.131578 1.456517 -0.043481
22:08:16 26.500000 26.473684 26.210526 25.710526 26.081081 26.131578 1.326092 -0.043481
22:08:16 26.500000 26.473684 26.210526 25.710526 26.081081 26.131578 1.304344 -0.043481
22:08:17 26.500000 26.473684 26.210526 25.710526 26.081081 26.131578 1.304344 -0.043481
22:08:18 26.500000 26.473684 26.210526 25.710526 26.081081 26.131578 1.282606 -0.043481
22:08:19 26.500000 26.473684 26.210526 25.710526 26.081081 26.131578 1.282606 -0.043481
22:08:19 26.500000 26.473684 26.210526 25.710526 26.081081 26.131578 1.282606 -0.021744
22:08:20 26.500000 26.473684 26.210526 25.710526 26.081081 26.131578 1.282606 -0.021744
22:08:21 26.500000 26.473684 26.210526 25.710526 26.081081 26.131578 1.260869 -0.021744
