12:24:36 28.078949 28.052631 27.894737 27.552631 25.891891 25.473684 1.869562 11.869570
12:24:37 28.078949 28.052631 27.894737 27.552631 25.567568 25.500000 1.869562 9.326089
12:24:38 28.078949 28.052631 27.894737 27.552631 25.594593 25.500000 1.869562 9.478262
12:24:40 28.078949 28.052631 27.894737 27.552631 25.594593 25.526316 1.847824 9.413039
12:24:41 28.078949 28.052631 27.894737 27.552631 25.567568 25.500000 1.847824 9.500000
12:24:43 28.078949 28.052631 27.894737 27.552631 25.594593 25.500000 1.869562 9.434787
12:24:44 28.078949 28.078947 27.894737 27.552631 25.594593 25.526316 1.891299 9.021743
12:24:45 28.052631 28.078947 27.894737 27.552631 25.594593 25.526316 1.913047 9.195653
12:24:47 28.078949 28.078947 27.894737 27.552631 25.594593 25.500000 1.891299 9.217391
12:24:48 28.078949 28.052631 27.894737 27.552631 25.594593 25.526316 1.826087 9.065218
12:24:49 28.078949 28.052631 27.894737 27.552631 25.594593 25.526316 1.826087 9.130430
12:24:50 28.078949 28.052631 27.894737 27.552631 25.594593 25.500000 1.847824 9.130430
12:24:51 28.078949 28.052631 27.894737 27.552631 25.594593 25.500000 1.847824 9.173916
12:24:53 28.078949 28.052631 27.894737 27.552631 25.567568 25.500000 1.826087 9.043480
12:24:54 28.052631 28.052631 27.868422 27.552631 25.567568 25.500000 1.847824 9.021743
12:24:55 28.052631 28.052631 27.894737 27.552631 25.567568 25.500000 1.847824 9.021743
12:24:57 28.052631 28.052631 27.894737 27.552631 25.567568 25.500000 1.869562 8.978257
12:24:58 28.052631 28.052631 27.894737 27.552631 25.567568 25.500000 1.913047 9.000005
12:24:59 28.052631 28.052631 27.894737 27.552631 25.567568 25.473684 1.891299 9.108693
12:25:00 28.052631 28.052631 27.894737 27.552631 25.567568 25.500000 1.913047 9.065218
12:25:01 28.052631 28.052631 27.894737 27.552631 25.567568 25.500000 1.978260 9.021743
12:25:03 28.052631 28.052631 27.894737 27.552631 25.540541 25.473684 2.543478 8.978257
12:25:04 28.052631 28.052631 27.894737 27.552631 25.540541 25.473684 1.869562 8.956519
12:25:06 28.052631 28.052631 27.894737 27.552631 25.567568 25.473684 1.847824 8.934782
12:25:07 28.052631 28.052631 27.868422 27.552631 25.567568 25.473684 1.847824 8.956519
12:25:08 28.052631 28.052631 27.868422 27.552631 25.567568 25.473684 1.826087 9.021743
12:25:10 28.052631 28.052631 27.868422 27.552631 25.540541 25.473684 1.847824 8.956519
12:25:11 28.052631 28.052631 27.868422 27.552631 25.540541 25.473684 1.869562 9.021743
12:25:12 28.052631 28.052631 27.868422 27.552631 25.540541 25.473684 1.847824 8.934782
12:25:14 28.052631 28.052631 27.868422 27.552631 25.540541 25.447369 1.869562 9.152178
12:25:16 28.026314 28.052631 27.868422 27.552631 25.540541 25.447369 1.891299 9.086955
12:25:17 28.052631 28.052631 27.868422 27.552631 25.513514 25.421053 1.847824 9.108693
12:25:18 28.052631 28.052631 27.868422 27.552631 25.540541 25.421053 1.826087 9.152178
12:25:20 28.052631 28.026318 27.868422 27.552631 25.540541 25.421053 1.826087 9.000005
12:25:21 28.052631 28.026318 27.868422 27.552631 25.513514 25.421053 1.826087 9.021743
12:25:22 28.052631 28.026318 27.868422 27.552631 25.513514 25.421053 1.826087 9.043480
12:25:24 28.052631 28.026318 27.868422 27.552631 25.513514 25.421053 1.826087 9.086955
12:25:26 28.052631 28.052631 27.842106 27.552631 25.513514 25.421053 1.826087 9.065218
12:25:27 28.052631 28.026318 27.868422 27.552631 25.513514 25.421053 1.869562 9.021743
12:25:28 28.052631 28.052631 27.868422 27.552631 25.513514 25.394737 1.869562 9.000005
12:25:29 28.052631 28.052631 27.868422 27.552631 25.540541 25.394737 1.913047 8.978257
12:25:31 28.052631 28.052631 27.868422 27.552631 25.513514 25.394737 1.956522 8.934782
12:25:32 28.052631 28.052631 27.868422 27.552631 25.513514 25.394737 2.021735 9.000005
12:25:34 28.052631 28.026318 27.868422 27.552631 25.513514 25.394737 2.869562 9.021743
12:25:36 28.052631 28.026318 27.868422 27.552631 25.513514 25.394737 1.891299 9.000005
12:25:37 28.052631 28.026318 27.868422 27.552631 25.513514 25.394737 1.891299 8.913044
12:25:38 28.052631 28.026318 27.868422 27.552631 25.513514 25.394737 1.847824 8.978257
12:25:39 28.052631 28.026318 27.868422 27.552631 25.513514 25.394737 1.847824 9.021743
12:25:41 28.052631 28.026318 27.868422 27.552631 25.513514 25.394737 1.826087 9.000005
12:25:42 28.052631 28.026318 27.868422 27.552631 25.513514 25.394737 1.847824 9.000005
12:25:43 28.052631 28.026318 27.868422 27.552631 25.513514 25.394737 1.847824 9.043480
12:25:44 28.052631 28.026318 27.868422 27.552631 25.486486 25.394737 1.847824 9.130430
12:25:46 28.026314 28.026318 27.868422 27.552631 25.513514 25.394737 1.891299 9.043480
12:25:47 28.052631 28.026318 27.868422 27.552631 25.513514 25.394737 1.891299 9.043480
12:25:48 28.052631 28.026318 27.868422 27.552631 25.486486 25.394737 1.869562 8.978257
12:25:49 28.052631 28.026318 27.868422 27.552631 25.486486 25.394737 1.847824 9.021743
12:25:50 28.052631 28.026318 27.868422 27.552631 25.513514 25.394737 1.847824 9.043480
12:25:52 28.052631 28.026318 27.868422 27.552631 25.486486 25.394737 1.869562 9.021743
12:25:53 28.052631 28.026318 27.868422 27.552631 25.486486 25.394737 1.869562 9.000005
12:25:54 28.052631 28.026318 27.868422 27.552631 25.486486 25.394737 1.869562 8.978257
12:25:56 28.052631 28.026318 27.842106 27.552631 25.486486 25.394737 1.869562 9.086955
12:25:57 28.052631 28.026318 27.868422 27.552631 25.486486 25.394737 1.869562 9.086955
12:25:58 28.052631 28.026318 27.868422 27.552631 25.486486 25.394737 1.891299 9.021743
12:25:59 28.052631 28.026318 27.868422 27.552631 25.486486 25.394737 1.869562 9.043480
12:26:00 28.052631 28.026318 27.868422 27.552631 25.486486 25.394737 1.891299 9.086955
12:26:02 28.052631 28.026318 27.868422 27.552631 25.486486 25.394737 1.934785 9.086955
12:26:03 28.052631 28.026318 27.868422 27.552631 25.486486 25.394737 1.999997 9.086955
12:26:04 28.052631 28.026318 27.868422 27.552631 25.486486 25.394737 2.521740 9.086955
12:26:06 28.052631 28.026318 27.868422 27.552631 25.486486 25.368422 3.347829 9.043480
12:26:07 28.052631 28.026318 27.868422 27.552631 25.486486 25.394737 1.891299 9.086955
12:26:08 28.052631 28.026318 27.868422 27.552631 25.486486 25.394737 1.913047 9.043480
12:26:09 28.052631 28.026318 27.868422 27.552631 25.486486 25.394737 1.869562 9.000005
12:26:10 28.052631 28.026318 27.868422 27.552631 25.486486 25.394737 1.847824 9.043480
12:26:12 28.052631 28.026318 27.868422 27.552631 25.486486 25.394737 1.869562 9.086955
12:26:13 28.052631 28.026318 27.868422 27.552631 25.486486 25.394737 1.891299 9.086955
12:26:14 28.052631 28.026318 27.868422 27.552631 25.486486 25.394737 1.847824 9.086955
12:26:16 28.052631 28.026318 27.868422 27.552631 25.486486 25.394737 1.913047 9.152178
12:26:17 28.052631 28.026318 27.868422 27.552631 25.486486 25.368422 1.913047 9.043480
12:26:18 28.052631 28.026318 27.868422 27.552631 25.486486 25.368422 1.847824 9.086955
12:26:19 28.052631 28.026318 27.868422 27.552631 25.459459 25.368422 1.869562 9.043480
12:26:20 28.052631 28.026318 27.868422 27.552631 25.459459 25.368422 1.891299 9.086955
12:26:22 28.026314 28.026318 27.868422 27.552631 25.459459 25.368422 1.847824 9.043480
12:26:23 28.052631 28.026318 27.868422 27.552631 25.459459 25.368422 1.847824 9.065218
12:26:24 28.052631 28.026318 27.868422 27.552631 25.459459 25.368422 1.891299 9.065218
12:26:25 28.052631 28.026318 27.868422 27.552631 25.486486 25.368422 1.869562 9.086955
12:26:27 28.052631 28.026318 27.842106 27.552631 25.459459 25.368422 1.869562 9.086955
12:26:28 28.052631 28.026318 27.842106 27.552631 25.459459 25.368422 1.847824 9.043480
12:26:29 28.052631 28.026318 27.842106 27.552631 25.459459 25.368422 1.869562 9.043480
12:26:31 28.052631 28.026318 27.868422 27.526318 25.459459 25.368422 1.891299 9.000005
12:26:32 28.052631 28.026318 27.868422 27.473682 25.459459 25.368422 1.934785 9.000005
12:26:34 28.026314 28.026318 27.868422 27.526318 25.459459 25.368422 2.130433 9.043480
12:26:35 28.052631 28.026318 27.868422 27.552631 25.459459 25.368422 3.260869 9.086955
12:26:37 28.026314 28.026318 27.868422 27.552631 25.459459 25.368422 3.826087 9.043480
12:26:38 28.026314 28.026318 27.868422 27.552631 25.459459 25.368422 2.739126 9.021743
12:26:39 28.026314 28.026318 27.868422 27.552631 25.459459 25.368422 1.891299 9.086955
12:26:41 28.026314 28.026318 27.868422 27.552631 25.459459 25.368422 1.913047 9.086955
12:26:42 28.026314 28.026318 27.868422 27.552631 25.459459 25.368422 1.913047 9.043480
12:26:44 28.026314 28.026318 27.868422 27.552631 25.459459 25.368422 1.891299 9.108693
12:26:45 28.026314 28.026318 27.868422 27.552631 25.459459 25.368422 1.934785 9.065218
12:26:47 28.026314 28.026318 27.868422 27.552631 25.459459 25.368422 1.913047 9.108693
12:26:48 28.026314 28.026318 27.868422 27.552631 25.459459 25.368422 1.891299 9.173916
12:26:49 28.026314 28.026318 27.868422 27.552631 25.459459 25.368422 1.913047 9.086955
12:26:51 28.000000 28.026318 27.868422 27.552631 25.459459 25.342106 1.913047 9.086955
12:26:52 28.000000 28.026318 27.868422 27.552631 25.459459 25.368422 1.913047 9.043480
12:26:54 28.026314 28.026318 27.868422 27.552631 25.459459 25.368422 1.891299 9.043480
12:26:55 28.026314 28.000000 27.868422 27.552631 25.459459 25.368422 1.891299 9.043480
12:26:56 28.026314 28.000000 27.868422 27.552631 25.432432 25.342106 1.869562 9.086955
12:26:58 28.026314 28.026318 27.868422 27.552631 25.459459 25.368422 1.869562 9.021743
12:26:59 28.026314 28.026318 27.842106 27.552631 25.459459 25.342106 1.891299 9.021743
12:27:01 28.026314 28.026318 27.842106 27.552631 25.459459 25.368422 1.869562 9.043480
12:27:02 28.026314 28.026318 27.868422 27.552631 25.459459 25.342106 1.891299 9.086955
12:27:04 28.026314 28.026318 27.868422 27.473682 25.459459 25.368422 1.913047 9.043480
12:27:05 28.026314 28.026318 27.868422 27.500000 25.432432 25.368422 1.999997 9.065218
12:27:06 28.026314 28.026318 27.868422 27.552631 25.432432 25.342106 2.326092 8.934782
12:27:08 28.026314 28.026318 27.868422 27.552631 25.432432 25.342106 4.478265 9.065218
12:27:09 28.026314 28.026318 27.868422 27.552631 25.432432 25.342106 3.500003 9.043480
12:27:11 28.026314 28.026318 27.868422 27.552631 25.459459 25.342106 1.956522 9.043480
12:27:12 28.026314 28.026318 27.868422 27.552631 25.459459 25.342106 1.891299 9.000005
12:27:13 28.026314 28.026318 27.868422 27.552631 25.459459 25.368422 1.891299 9.065218
12:27:15 28.026314 28.026318 27.868422 27.552631 25.432432 25.342106 1.913047 9.065218
12:27:16 28.026314 28.026318 27.868422 27.552631 25.432432 25.342106 1.913047 9.043480
12:27:18 28.026314 28.026318 27.868422 27.552631 25.432432 25.342106 1.913047 9.130430
12:27:19 28.026314 28.026318 27.868422 27.552631 25.432432 25.342106 1.913047 9.130430
12:27:21 28.026314 28.026318 27.868422 27.552631 25.432432 25.342106 1.891299 9.152178
12:27:22 28.026314 28.026318 27.868422 27.552631 25.432432 25.342106 1.913047 9.043480
12:27:23 28.000000 28.026318 27.868422 27.552631 25.432432 25.342106 1.913047 9.000005
12:27:24 28.000000 28.026318 27.868422 27.552631 25.432432 25.342106 1.934785 9.086955
12:27:26 28.026314 28.000000 27.868422 27.552631 25.432432 25.342106 1.869562 9.065218
12:27:27 28.026314 28.000000 27.868422 27.552631 25.432432 25.342106 1.869562 9.065218
12:27:28 28.026314 27.973682 27.868422 27.552631 25.432432 25.342106 1.847824 9.065218
12:27:30 28.026314 28.026318 27.842106 27.552631 25.432432 25.342106 1.869562 9.108693
12:27:31 28.026314 28.026318 27.842106 27.552631 25.432432 25.342106 1.847824 8.956519
12:27:33 28.026314 28.026318 27.842106 27.552631 25.432432 25.342106 1.869562 9.108693
12:27:34 28.026314 28.026318 27.868422 27.526318 25.432432 25.342106 1.891299 9.043480
12:27:36 28.026314 28.026318 27.868422 27.473682 25.432432 25.342106 1.956522 9.043480
12:27:37 28.026314 28.026318 27.868422 27.526318 25.432432 25.342106 2.021735 9.086955
12:27:39 28.026314 28.026318 27.868422 27.552631 25.432432 25.342106 3.934785 9.043480
12:27:40 28.026314 28.026318 27.868422 27.552631 25.432432 25.342106 4.173908 9.108693
12:27:41 28.026314 28.026318 27.868422 27.552631 25.405405 25.315788 3.130433 9.086955
12:27:43 28.026314 28.026318 27.868422 27.552631 25.432432 25.342106 1.913047 9.043480
12:27:44 28.026314 28.026318 27.868422 27.552631 25.432432 25.342106 1.891299 9.043480
12:27:46 28.026314 28.026318 27.868422 27.552631 25.405405 25.342106 1.891299 9.108693
12:27:47 28.026314 28.026318 27.868422 27.552631 25.432432 25.342106 1.891299 9.152178
12:27:49 28.026314 28.026318 27.868422 27.552631 25.405405 25.342106 1.891299 9.130430
12:27:50 28.026314 28.026318 27.868422 27.552631 25.405405 25.342106 1.891299 9.130430
12:27:52 28.026314 28.026318 27.868422 27.552631 25.405405 25.315788 1.891299 9.239128
12:27:53 28.026314 28.026318 27.868422 27.552631 25.405405 25.342106 1.891299 9.173916
12:27:55 28.000000 28.026318 27.868422 27.552631 25.405405 25.315788 1.891299 9.108693
12:27:56 28.000000 28.026318 27.868422 27.552631 25.405405 25.315788 1.891299 9.173916
12:27:58 28.026314 28.000000 27.868422 27.552631 25.405405 25.315788 1.869562 9.152178
12:27:59 28.026314 27.973682 27.868422 27.552631 25.405405 25.315788 1.847824 9.173916
12:28:01 28.026314 28.000000 27.868422 27.552631 25.405405 25.315788 1.847824 9.173916
12:28:02 28.026314 28.026318 27.842106 27.552631 25.405405 25.315788 1.826087 9.173916
12:28:04 28.026314 28.026318 27.842106 27.552631 25.405405 25.315788 1.847824 9.065218
12:28:05 28.026314 28.026318 27.842106 27.552631 25.405405 25.315788 1.847824 9.130430
12:28:07 28.026314 28.026318 27.868422 27.473682 25.405405 25.315788 1.913047 9.130430
12:28:08 28.026314 28.026318 27.868422 27.500000 25.405405 25.315788 1.978260 9.217391
12:28:10 28.026314 28.026318 27.868422 27.552631 25.405405 25.315788 3.413042 9.173916
12:28:11 28.026314 28.026318 27.868422 27.552631 25.405405 25.315788 4.217394 9.173916
12:28:13 28.026314 28.026318 27.868422 27.552631 25.405405 25.315788 2.500003 9.130430
12:28:14 28.026314 28.026318 27.868422 27.552631 25.405405 25.315788 1.869562 9.152178
12:28:16 28.026314 28.026318 27.868422 27.552631 25.405405 25.315788 1.869562 9.217391
12:28:17 28.026314 28.026318 27.868422 27.552631 25.405405 25.315788 1.869562 9.195653
12:28:19 28.026314 28.026318 27.868422 27.552631 25.405405 25.315788 1.869562 9.173916
12:28:20 28.026314 28.026318 27.868422 27.552631 25.405405 25.315788 1.891299 9.195653
12:28:22 28.026314 28.026318 27.868422 27.552631 25.405405 25.315788 1.869562 9.239128
12:28:23 28.026314 28.026318 27.868422 27.552631 25.405405 25.315788 1.891299 9.282603
12:28:25 28.026314 28.026318 27.842106 27.552631 25.405405 25.315788 1.891299 9.130430
12:28:26 28.000000 28.026318 27.842106 27.552631 25.405405 25.315788 1.891299 9.108693
12:28:28 28.000000 28.026318 27.868422 27.552631 25.405405 25.315788 1.891299 9.152178
12:28:29 28.026314 28.000000 27.842106 27.552631 25.405405 25.315788 1.891299 9.130430
12:28:31 28.026314 27.973682 27.842106 27.552631 25.405405 25.315788 1.869562 9.152178
12:28:32 28.026314 28.000000 27.842106 27.552631 25.405405 25.315788 1.869562 9.130430
12:28:34 28.026314 28.026318 27.842106 27.552631 25.405405 25.315788 1.869562 9.173916
12:28:35 28.026314 28.026318 27.815788 27.552631 25.405405 25.315788 1.847824 9.152178
12:28:37 28.026314 28.026318 27.842106 27.552631 25.405405 25.315788 1.913047 9.173916
12:28:38 28.026314 28.026318 27.842106 27.500000 25.405405 25.315788 1.934785 9.195653
12:28:40 28.026314 28.026318 27.842106 27.500000 25.378378 25.315788 1.999997 9.108693
12:28:41 28.026314 28.026318 27.842106 27.552631 25.405405 25.315788 2.434780 9.086955
12:28:43 28.026314 28.026318 27.842106 27.552631 25.405405 25.289474 4.434780 9.152178
12:28:44 28.026314 28.026318 27.842106 27.552631 25.405405 25.289474 3.391304 9.173916
12:28:46 28.026314 28.026318 27.842106 27.552631 25.405405 25.315788 1.891299 9.173916
12:28:47 28.026314 28.026318 27.842106 27.552631 25.405405 25.289474 1.869562 9.173916
12:28:49 28.026314 28.026318 27.868422 27.552631 25.378378 25.315788 1.869562 9.108693
12:28:50 28.026314 28.026318 27.868422 27.552631 25.378378 25.315788 1.891299 9.173916
12:28:52 28.026314 28.026318 27.868422 27.552631 25.378378 25.315788 1.847824 9.086955
12:28:53 28.026314 28.026318 27.868422 27.552631 25.405405 25.315788 1.869562 9.173916
12:28:55 28.026314 28.026318 27.868422 27.552631 25.405405 25.289474 1.891299 9.260866
12:28:56 28.026314 28.026318 27.868422 27.552631 25.405405 25.289474 1.869562 9.173916
12:28:58 28.000000 28.026318 27.868422 27.552631 25.378378 25.289474 1.891299 9.173916
12:28:59 28.000000 28.026318 27.868422 27.552631 25.378378 25.315788 1.847824 9.130430
12:29:01 28.026314 28.000000 27.868422 27.552631 25.405405 25.289474 1.826087 9.065218
12:29:02 28.026314 27.973682 27.842106 27.552631 25.378378 25.289474 1.869562 9.173916
12:29:04 28.026314 28.000000 27.842106 27.552631 25.378378 25.289474 1.826087 9.152178
12:29:05 28.026314 28.026318 27.842106 27.552631 25.378378 25.289474 1.826087 9.108693
12:29:07 28.026314 28.026318 27.842106 27.552631 25.378378 25.289474 1.847824 9.130430
12:29:09 28.026314 28.026318 27.868422 27.526318 25.378378 25.289474 1.869562 9.152178
12:29:10 28.026314 28.026318 27.868422 27.473682 25.378378 25.289474 1.891299 9.173916
12:29:12 28.026314 28.026318 27.868422 27.526318 25.378378 25.289474 2.021735 9.130430
12:29:13 28.026314 28.026318 27.868422 27.552631 25.378378 25.289474 2.978260 9.152178
12:29:15 28.026314 28.026318 27.868422 27.552631 25.378378 25.289474 3.934785 9.217391
12:29:16 28.026314 28.026318 27.868422 27.552631 25.378378 25.289474 2.934785 9.173916
12:29:18 28.026314 28.026318 27.868422 27.552631 25.378378 25.289474 1.869562 9.195653
12:29:19 28.026314 28.026318 27.868422 27.552631 25.405405 25.289474 1.847824 9.173916
12:29:21 28.026314 28.026318 27.868422 27.552631 25.378378 25.289474 1.847824 9.152178
12:29:22 28.026314 28.026318 27.868422 27.552631 25.378378 25.289474 1.847824 9.195653
12:29:24 28.026314 28.026318 27.868422 27.552631 25.378378 25.289474 1.869562 9.217391
12:29:25 28.026314 28.026318 27.868422 27.552631 25.378378 25.289474 1.847824 9.282603
12:29:27 28.026314 28.026318 27.868422 27.552631 25.378378 25.289474 1.869562 9.217391
12:29:29 28.000000 28.026318 27.868422 27.552631 25.378378 25.289474 1.847824 9.217391
12:29:30 28.000000 28.026318 27.868422 27.552631 25.378378 25.289474 1.869562 9.195653
12:29:32 28.026314 28.026318 27.868422 27.552631 25.378378 25.289474 1.869562 9.152178
12:29:33 28.026314 28.000000 27.868422 27.552631 25.378378 25.289474 1.826087 9.173916
12:29:35 28.026314 28.000000 27.868422 27.552631 25.378378 25.289474 1.826087 9.173916
12:29:36 28.026314 28.000000 27.842106 27.552631 25.378378 25.289474 1.847824 9.217391
12:29:38 28.026314 28.026318 27.815788 27.552631 25.378378 25.289474 1.826087 9.239128
12:29:39 28.026314 28.026318 27.842106 27.552631 25.378378 25.289474 1.826087 9.130430
12:29:41 28.026314 28.026318 27.868422 27.500000 25.378378 25.289474 1.847824 9.195653
12:29:42 28.026314 28.026318 27.868422 27.473682 25.378378 25.289474 1.891299 9.173916
12:29:44 28.026314 28.026318 27.868422 27.552631 25.378378 25.289474 2.173908 9.086955
12:29:46 28.052631 28.026318 27.868422 27.552631 25.378378 25.289474 4.304344 9.195653
12:29:47 28.052631 28.026318 27.868422 27.552631 25.378378 25.289474 3.500003 9.173916
12:29:49 28.052631 28.026318 27.868422 27.552631 25.378378 25.289474 1.869562 9.173916
12:29:50 28.052631 28.026318 27.868422 27.552631 25.378378 25.289474 1.847824 9.173916
12:29:52 28.052631 28.026318 27.868422 27.552631 25.378378 25.289474 1.847824 9.217391
12:29:53 28.052631 28.026318 27.868422 27.552631 25.378378 25.289474 1.847824 9.173916
12:29:55 28.052631 28.026318 27.868422 27.552631 25.378378 25.289474 1.847824 9.195653
12:29:56 28.052631 28.026318 27.868422 27.552631 25.378378 25.289474 1.869562 9.152178
12:29:58 28.052631 28.026318 27.868422 27.552631 25.378378 25.289474 1.847824 9.282603
12:29:59 28.052631 28.026318 27.868422 27.552631 25.378378 25.289474 1.869562 9.239128
12:30:01 28.026314 28.026318 27.868422 27.552631 25.378378 25.289474 1.869562 9.195653
12:30:02 28.000000 28.026318 27.868422 27.552631 25.378378 25.289474 1.847824 9.152178
12:30:04 28.052631 28.026318 27.868422 27.552631 25.378378 25.289474 1.826087 9.086955
12:30:05 28.052631 28.000000 27.868422 27.552631 25.378378 25.289474 1.826087 9.130430
12:30:07 28.052631 28.000000 27.868422 27.552631 25.378378 25.289474 1.804349 9.130430
12:30:08 28.052631 28.026318 27.868422 27.552631 25.378378 25.289474 1.804349 9.195653
12:30:10 28.052631 28.026318 27.842106 27.552631 25.378378 25.289474 1.826087 9.152178
12:30:12 28.052631 28.026318 27.868422 27.526318 25.378378 25.289474 1.847824 9.195653
12:30:13 28.052631 28.026318 27.868422 27.473682 25.378378 25.289474 1.869562 9.152178
12:30:15 28.052631 28.026318 27.868422 27.500000 25.378378 25.289474 1.978260 9.173916
12:30:16 28.052631 28.026318 27.868422 27.552631 25.378378 25.289474 2.521740 9.152178
12:30:18 28.052631 28.026318 27.868422 27.552631 25.378378 25.289474 4.282607 9.065218
12:30:19 28.052631 28.026318 27.868422 27.552631 25.378378 25.289474 3.239131 9.217391
12:30:21 28.052631 28.026318 27.868422 27.552631 25.378378 25.289474 1.847824 9.239128
12:30:22 28.052631 28.026318 27.868422 27.552631 25.405405 25.289474 1.847824 9.239128
12:30:24 28.052631 28.026318 27.868422 27.552631 25.378378 25.289474 1.847824 9.217391
12:30:25 28.052631 28.026318 27.868422 27.552631 25.378378 25.289474 1.847824 9.152178
12:30:27 28.052631 28.026318 27.868422 27.552631 25.378378 25.289474 1.847824 9.173916
12:30:29 28.052631 28.026318 27.868422 27.552631 25.378378 25.289474 1.847824 9.260866
12:30:30 28.052631 28.026318 27.894737 27.526318 25.378378 25.289474 1.869562 9.260866
12:30:32 28.052631 28.052631 27.894737 27.526318 25.378378 25.289474 1.847824 9.195653
12:30:33 28.026314 28.052631 27.894737 27.526318 25.378378 25.289474 1.869562 9.239128
12:30:35 28.052631 28.026318 27.894737 27.526318 25.378378 25.289474 1.847824 9.195653
12:30:36 28.078949 28.026318 27.894737 27.526318 25.378378 25.289474 1.847824 9.239128
12:30:38 28.078949 28.000000 27.894737 27.526318 25.378378 25.289474 1.826087 9.152178
12:30:39 28.078949 28.026318 27.894737 27.526318 25.378378 25.289474 1.826087 9.152178
12:30:41 28.078949 28.052631 27.868422 27.526318 25.378378 25.289474 1.826087 9.239128
12:30:42 28.078949 28.052631 27.868422 27.526318 25.378378 25.289474 1.826087 9.173916
12:30:44 28.078949 28.052631 27.894737 27.500000 25.378378 25.289474 1.869562 9.260866
12:30:46 28.078949 28.052631 27.894737 27.473682 25.378378 25.289474 1.956522 9.282603
12:30:47 28.078949 28.052631 27.894737 27.500000 25.378378 25.289474 2.086958 9.173916
12:30:49 28.078949 28.052631 27.894737 27.526318 25.378378 25.289474 4.021735 9.173916
12:30:50 28.078949 28.052631 27.894737 27.526318 25.378378 25.289474 3.760874 9.173916
12:30:52 28.078949 28.052631 27.894737 27.526318 25.378378 25.289474 1.869562 9.195653
12:30:53 28.078949 28.052631 27.894737 27.526318 25.378378 25.289474 1.869562 9.239128
12:30:55 28.078949 28.052631 27.894737 27.526318 25.378378 25.289474 1.891299 9.239128
12:30:57 28.078949 28.052631 27.894737 27.526318 25.378378 25.289474 1.869562 9.195653
12:30:59 28.078949 28.052631 27.894737 27.526318 25.378378 25.289474 1.869562 9.108693
12:31:00 28.078949 28.052631 27.894737 27.526318 25.378378 25.289474 1.869562 9.173916
12:31:02 28.078949 28.052631 27.894737 27.526318 25.378378 25.289474 1.913047 9.260866
12:31:03 28.052631 28.026318 27.894737 27.526318 25.378378 25.289474 1.847824 9.260866
12:31:05 28.026314 28.052631 27.894737 27.526318 25.378378 25.289474 1.826087 9.239128
12:31:07 28.052631 28.026318 27.894737 27.526318 25.378378 25.263159 1.826087 9.152178
12:31:08 28.078949 28.026318 27.894737 27.526318 25.378378 25.263159 1.826087 9.239128
12:31:09 28.078949 28.000000 27.894737 27.526318 25.378378 25.289474 1.804349 9.239128
12:31:11 28.078949 28.026318 27.868422 27.526318 25.378378 25.263159 1.804349 9.195653
12:31:12 28.078949 28.026318 27.868422 27.526318 25.378378 25.289474 1.804349 9.195653
12:31:14 28.078949 28.026318 27.868422 27.526318 25.378378 25.289474 1.804349 9.239128
12:31:15 28.078949 28.026318 27.868422 27.526318 25.378378 25.263159 1.826087 9.239128
12:31:17 28.078949 28.026318 27.868422 27.447369 25.378378 25.263159 1.891299 9.217391
12:31:18 28.052631 28.026318 27.868422 27.473682 25.378378 25.263159 1.934785 9.260866
12:31:20 28.078949 28.026318 27.868422 27.526318 25.378378 25.263159 3.500003 9.260866
12:31:22 28.052631 28.026318 27.868422 27.526318 25.378378 25.263159 3.391304 9.152178
12:31:23 28.052631 28.026318 27.868422 27.526318 25.378378 25.263159 2.065220 9.217391
12:31:25 28.052631 28.026318 27.868422 27.526318 25.378378 25.263159 1.826087 9.239128
12:31:26 28.052631 28.026318 27.868422 27.526318 25.378378 25.263159 1.826087 9.239128
12:31:28 28.052631 28.026318 27.868422 27.526318 25.378378 25.263159 1.826087 9.239128
12:31:29 28.078949 28.026318 27.868422 27.552631 25.378378 25.263159 1.956522 9.326089
12:31:31 28.078949 28.052631 27.868422 27.552631 25.378378 25.263159 1.978260 9.326089
12:31:32 28.078949 28.026318 27.868422 27.552631 25.378378 25.263159 1.978260 9.456525
12:31:34 28.078949 28.052631 27.868422 27.552631 25.378378 25.263159 1.999997 9.347827
12:31:35 28.078949 28.052631 27.868422 27.552631 25.351353 25.263159 1.999997 9.326089
12:31:37 28.052631 28.026318 27.868422 27.552631 25.351353 25.263159 1.978260 9.260866
12:31:38 28.052631 28.026318 27.868422 27.552631 25.351353 25.263159 2.021735 9.326089
12:31:40 28.078949 28.026318 27.868422 27.552631 25.351353 25.263159 1.956522 9.326089
12:31:44 28.078949 28.026318 27.868422 27.552631 25.351353 25.263159 1.956522 9.260866
12:31:45 28.078949 28.026318 27.842106 27.552631 25.351353 25.263159 1.934785 9.260866
12:31:46 28.078949 28.026318 27.842106 27.552631 25.351353 25.263159 1.956522 9.260866
12:31:48 28.052631 28.026318 27.868422 27.500000 25.351353 25.263159 1.999997 9.326089
12:31:49 28.052631 28.026318 27.868422 27.473682 25.378378 25.263159 2.021735 9.239128
12:31:51 28.052631 28.026318 27.868422 27.552631 25.351353 25.263159 2.565215 9.282603
12:31:52 28.052631 28.026318 27.868422 27.552631 25.351353 25.236843 3.826087 9.326089
12:31:54 28.052631 28.026318 27.868422 27.552631 25.351353 25.236843 3.217394 9.347827
12:31:55 28.052631 28.026318 27.868422 27.552631 25.351353 25.263159 1.978260 9.282603
12:31:57 28.052631 28.026318 27.868422 27.552631 25.351353 25.236843 1.978260 9.347827
12:31:59 28.052631 28.026318 27.868422 27.552631 25.351353 25.236843 1.956522 9.369564
12:32:00 28.052631 28.026318 27.868422 27.552631 25.351353 25.263159 1.978260 9.282603
12:32:02 28.052631 28.026318 27.842106 27.552631 25.351353 25.236843 1.978260 9.391302
12:32:03 28.052631 28.026318 27.842106 27.552631 25.351353 25.236843 1.978260 9.326089
12:32:05 28.052631 28.026318 27.842106 27.552631 25.351353 25.236843 1.978260 9.369564
12:32:06 28.052631 28.026318 27.842106 27.552631 25.351353 25.236843 1.999997 9.347827
12:32:08 28.026314 28.026318 27.842106 27.552631 25.351353 25.236843 1.978260 9.239128
12:32:09 28.026314 28.026318 27.842106 27.552631 25.351353 25.236843 1.978260 9.304352
12:32:11 28.052631 28.026318 27.842106 27.552631 25.351353 25.236843 1.956522 9.304352
12:32:12 28.052631 28.000000 27.842106 27.552631 25.351353 25.236843 1.956522 9.260866
12:32:14 28.052631 28.026318 27.842106 27.552631 25.351353 25.236843 1.956522 9.347827
12:32:15 28.052631 28.026318 27.842106 27.552631 25.351353 25.236843 1.956522 9.304352
12:32:17 28.052631 28.026318 27.842106 27.552631 25.351353 25.236843 1.913047 9.282603
12:32:18 28.052631 28.026318 27.842106 27.552631 25.324324 25.236843 1.956522 9.304352
12:32:20 28.052631 28.026318 27.842106 27.500000 25.351353 25.236843 1.999997 9.260866
12:32:22 28.052631 28.026318 27.842106 27.526318 25.324324 25.236843 2.130433 9.326089
12:32:23 28.052631 28.026318 27.842106 27.552631 25.351353 25.236843 2.891299 9.282603
12:32:25 28.052631 28.026318 27.842106 27.552631 25.324324 25.236843 3.695651 9.347827
12:32:26 28.052631 28.026318 27.842106 27.552631 25.324324 25.236843 2.565215 9.347827
12:32:28 28.052631 28.026318 27.842106 27.552631 25.351353 25.236843 1.978260 9.282603
12:32:29 28.052631 28.026318 27.842106 27.552631 25.351353 25.236843 1.956522 9.282603
12:32:31 28.052631 28.026318 27.842106 27.552631 25.351353 25.236843 1.934785 9.347827
12:32:32 28.052631 28.026318 27.842106 27.552631 25.324324 25.236843 1.956522 9.326089
12:32:34 28.052631 28.026318 27.842106 27.552631 25.324324 25.236843 1.999997 9.369564
12:32:35 28.052631 28.026318 27.842106 27.552631 25.324324 25.236843 1.978260 9.413039
12:32:37 28.052631 28.026318 27.842106 27.552631 25.324324 25.236843 1.956522 9.391302
12:32:38 28.052631 28.026318 27.842106 27.552631 25.351353 25.263159 1.978260 9.043480
12:32:40 28.026314 28.026318 27.842106 27.552631 25.378378 25.289474 1.978260 8.391301
12:32:42 28.052631 28.026318 27.842106 27.552631 25.432432 25.315788 1.956522 8.173916
12:32:43 28.052631 28.000000 27.842106 27.552631 25.459459 25.368422 1.956522 7.717396
12:32:44 28.052631 28.000000 27.842106 27.552631 25.459459 25.368422 1.934785 7.695648
12:32:46 28.052631 28.026318 27.842106 27.552631 25.513514 25.394737 1.934785 7.108693
12:32:47 28.052631 28.026318 27.815788 27.552631 25.513514 25.394737 1.934785 7.108693
12:32:49 28.052631 28.026318 27.815788 27.552631 25.540541 25.421053 1.913047 6.260866
12:32:50 28.052631 28.000000 27.842106 27.552631 25.567568 25.552631 1.956522 5.652173
12:32:52 28.052631 28.026318 27.842106 27.500000 25.648649 25.552631 2.021735 5.347826
12:32:53 28.052631 28.026318 27.842106 27.500000 25.702702 25.552631 2.065220 5.326089
12:32:55 28.052631 28.000000 27.842106 27.552631 25.702702 25.605263 3.478265 4.804346
12:32:56 28.052631 28.000000 27.842106 27.552631 25.729731 25.631578 3.826087 4.543475
12:32:58 28.052631 28.000000 27.842106 27.552631 25.783783 25.684210 2.108696 4.239128
12:32:59 28.052631 28.000000 27.842106 27.552631 25.756758 25.684210 1.956522 3.934782
12:33:00 28.052631 28.000000 27.815788 27.552631 25.783783 25.684210 1.999997 3.978257
12:33:02 28.026314 28.000000 27.842106 27.552631 25.783783 25.710527 1.934785 3.717396
12:33:03 28.026314 28.000000 27.815788 27.552631 25.783783 25.736843 1.999997 3.478262
12:33:05 28.026314 28.000000 27.815788 27.552631 25.810810 25.736843 1.956522 3.282614
12:33:06 28.026314 28.000000 27.815788 27.552631 25.837837 25.736843 1.978260 3.282614
12:33:08 28.026314 28.000000 27.815788 27.552631 25.837837 25.763159 1.978260 3.195653
12:38:10 28.078949 28.000000 27.815788 27.473682 25.783783 25.710527 2.152171 4.326088
12:38:14 28.078949 28.000000 27.815788 27.473682 25.810810 25.736843 2.347829 4.456524
12:38:17 28.078949 28.000000 27.815788 27.473682 25.810810 25.736843 1.956522 4.021742
12:38:20 28.078949 28.000000 27.815788 27.473682 25.810810 25.736843 1.956522 3.956519
12:38:23 28.078949 28.000000 27.815788 27.473682 25.810810 25.736843 1.999997 4.021742
12:38:26 28.078949 28.000000 27.815788 27.473682 25.810810 25.736843 1.999997 3.978257
12:38:29 28.052631 28.000000 27.815788 27.473682 25.810810 25.736843 1.999997 3.978257
12:38:31 28.078949 27.973682 27.815788 27.473682 25.837837 25.736843 1.956522 3.760871
