11:34:05 26.947367 25.473684 26.473682 25.421053 27.081081 26.736843 1.304344 3.195653
11:34:07 26.947367 25.473684 26.473682 25.421053 27.054054 26.684212 1.282606 3.543474
11:34:08 26.947367 25.473684 26.473682 25.421053 27.054054 26.710527 1.260869 3.413039
11:34:10 26.947367 25.473684 26.473682 25.421053 27.081081 26.736843 1.239131 3.086955
11:34:12 26.947367 25.473684 26.473682 25.421053 27.081081 26.736843 1.239131 3.043480
11:34:14 26.973684 25.473684 26.473682 25.421053 27.108109 26.763157 1.260869 2.847831
11:34:16 26.947367 25.473684 26.473682 25.421053 27.108109 26.763157 1.239131 2.717396
11:34:17 26.947367 25.473684 26.473682 25.421053 27.135136 26.763157 1.260869 2.543474
11:34:19 26.973684 25.473684 26.473682 25.421053 27.135136 26.789473 1.260869 2.347826
11:34:21 26.973684 25.473684 26.473682 25.421053 27.135136 26.789473 1.282606 2.434787
11:34:23 26.973684 25.473684 26.473682 25.421053 27.135136 26.789473 1.260869 2.260865
11:34:25 26.973684 25.473684 26.473682 25.421053 27.135136 26.789473 1.260869 2.282613
11:34:26 26.973684 25.473684 26.473682 25.421053 27.135136 26.789473 1.260869 2.304351
11:34:28 26.973684 25.473684 26.473682 25.421053 27.135136 26.789473 1.282606 2.304351
11:34:30 26.973684 25.473684 26.473682 25.421053 27.135136 26.789473 1.326092 2.304351
11:34:32 26.973684 25.473684 26.473682 25.421053 27.135136 26.789473 1.369567 2.195653
11:34:34 26.973684 25.473684 26.473682 25.421053 27.135136 26.789473 1.391304 2.152178
11:34:35 26.973684 25.473684 26.473682 25.421053 27.135136 26.789473 1.347829 2.195653
11:34:37 26.973684 25.473684 26.473682 25.421053 27.135136 26.789473 1.282606 2.173915
11:34:39 26.973684 25.473684 26.473682 25.421053 27.135136 26.789473 1.260869 2.152178
11:34:41 26.973684 25.473684 26.473682 25.421053 27.162163 26.789473 1.239131 2.195653
11:34:43 26.973684 25.473684 26.473682 25.421053 27.162163 26.815790 1.239131 2.108692
11:34:44 26.973684 25.473684 26.473682 25.421053 27.162163 26.815790 1.239131 2.021742
11:34:46 26.947367 25.473684 26.473682 25.421053 27.162163 26.815790 1.260869 2.021742
11:34:48 26.947367 25.473684 26.473682 25.421053 27.162163 26.815790 1.239131 2.021742
11:34:50 26.947367 25.473684 26.473682 25.421053 27.162163 26.815790 1.260869 2.065217
11:34:52 26.973684 25.473684 26.473682 25.421053 27.162163 26.815790 1.282606 2.021742
11:34:53 26.973684 25.473684 26.473682 25.421053 27.162163 26.815790 1.282606 2.021742
11:34:55 26.973684 25.473684 26.473682 25.421053 27.162163 26.815790 1.282606 2.021742
11:34:57 26.973684 25.473684 26.473682 25.421053 27.162163 26.815790 1.260869 2.086955
11:34:59 26.973684 25.473684 26.473682 25.421053 27.135136 26.815790 1.260869 2.086955
11:35:01 26.973684 25.473684 26.473682 25.421053 27.135136 26.789473 1.282606 2.108692
11:35:02 26.973684 25.473684 26.473682 25.421053 27.135136 26.789473 1.347829 2.086955
11:35:04 26.973684 25.473684 26.473682 25.421053 27.135136 26.789473 1.391304 2.086955
