15:21:36 27.815788 25.868422 27.394737 25.947369 27.162163 26.789473 1.152171 3.717396
15:21:37 27.815788 25.868422 27.394737 25.921051 27.162163 26.815790 1.152171 3.434787
15:21:38 27.815788 25.868422 27.394737 25.921051 27.189190 26.815790 1.152171 3.434787
15:21:39 27.815788 25.868422 27.394737 25.921051 27.189190 26.815790 1.173908 3.456524
15:21:40 27.815788 25.868422 27.394737 25.921051 27.189190 26.842106 1.195656 3.217390
15:21:40 27.815788 25.868422 27.394737 25.921051 27.189190 26.815790 1.195656 3.304351
15:21:41 27.815788 25.868422 27.394737 25.921051 27.216215 26.842106 1.239131 3.021742
15:21:42 27.815788 25.868422 27.394737 25.947369 27.216215 26.842106 1.282606 3.021742
15:21:43 27.815788 25.868422 27.394737 25.947369 27.216215 26.868422 1.304344 3.021742
15:21:44 27.815788 25.868422 27.394737 25.947369 27.216215 26.868422 1.282606 2.934782
15:21:44 27.815788 25.868422 27.394737 25.947369 27.216215 26.842106 1.282606 2.978256
15:21:45 27.815788 25.868422 27.394737 25.947369 27.216215 26.868422 1.239131 2.804346
15:21:46 27.815788 25.868422 27.394737 25.947369 27.216215 26.868422 1.195656 2.782608
15:21:47 27.815788 25.868422 27.394737 25.947369 27.243244 26.868422 1.173908 2.630435
15:21:48 27.815788 25.868422 27.394737 25.947369 27.243244 26.868422 1.152171 2.630435
15:21:48 27.815788 25.868422 27.394737 25.947369 27.243244 26.868422 1.152171 2.586960
15:21:49 27.815788 25.868422 27.394737 25.947369 27.243244 26.894737 1.152171 2.391301
15:21:50 27.815788 25.868422 27.394737 25.947369 27.243244 26.894737 1.173908 2.434787
15:21:51 27.815788 25.868422 27.394737 25.947369 27.243244 26.894737 1.152171 2.456524
15:21:52 27.815788 25.868422 27.394737 25.921051 27.243244 26.894737 1.130433 2.456524
15:21:52 27.815788 25.868422 27.394737 25.921051 27.270269 26.894737 1.130433 2.456524
15:21:53 27.815788 25.868422 27.394737 25.921051 27.270269 26.894737 1.130433 2.282613
15:21:54 27.815788 25.868422 27.394737 25.921051 27.270269 26.894737 1.130433 2.304351
15:21:55 27.815788 25.868422 27.394737 25.921051 27.270269 26.894737 1.130433 2.282613
15:21:56 27.815788 25.868422 27.394737 25.921051 27.270269 26.921051 1.130433 2.282613
15:21:56 27.815788 25.868422 27.394737 25.921051 27.270269 26.894737 1.130433 2.282613
15:21:57 27.815788 25.868422 27.394737 25.921051 27.270269 26.894737 1.130433 2.217390
15:21:58 27.815788 25.868422 27.394737 25.921051 27.270269 26.894737 1.130433 2.260865
15:21:59 27.815788 25.868422 27.394737 25.921051 27.270269 26.894737 1.130433 2.217390
15:22:00 27.815788 25.868422 27.394737 25.921051 27.270269 26.894737 1.130433 2.282613
15:22:00 27.815788 25.868422 27.394737 25.947369 27.270269 26.921051 1.130433 2.195653
15:22:01 27.815788 25.868422 27.394737 25.921051 27.270269 26.921051 1.130433 2.195653
15:22:02 27.815788 25.868422 27.394737 25.921051 27.270269 26.921051 1.152171 2.217390
15:22:03 27.815788 25.868422 27.394737 25.921051 27.270269 26.921051 1.152171 2.217390
15:22:04 27.815788 25.868422 27.394737 25.921051 27.270269 26.921051 1.152171 2.195653
15:22:04 27.815788 25.868422 27.394737 25.921051 27.270269 26.921051 1.152171 2.130430
15:22:05 27.815788 25.868422 27.394737 25.921051 27.270269 26.921051 1.152171 2.173915
15:22:06 27.815788 25.868422 27.394737 25.921051 27.270269 26.921051 1.152171 2.173915
15:22:07 27.815788 25.868422 27.394737 25.921051 27.270269 26.894737 1.152171 2.260865
15:22:08 27.815788 25.868422 27.394737 25.921051 27.270269 26.894737 1.152171 2.282613
15:22:08 27.815788 25.868422 27.394737 25.921051 27.270269 26.894737 1.173908 2.260865
15:22:09 27.815788 25.868422 27.394737 25.921051 27.270269 26.921051 1.152171 2.152178
15:22:10 27.815788 25.868422 27.394737 25.921051 27.270269 26.921051 1.173908 2.152178
15:22:11 27.815788 25.868422 27.394737 25.921051 27.270269 26.921051 1.195656 2.152178
15:22:12 27.815788 25.868422 27.394737 25.921051 27.270269 26.921051 1.195656 2.130430
15:22:12 27.815788 25.868422 27.394737 25.921051 27.270269 26.921051 1.195656 2.152178
15:22:13 27.815788 25.868422 27.394737 25.921051 27.270269 26.921051 1.239131 2.152178
15:22:14 27.815788 25.868422 27.394737 25.921051 27.270269 26.921051 1.260869 2.021742
15:22:15 27.815788 25.868422 27.394737 25.921051 27.270269 26.921051 1.239131 2.021742
15:22:16 27.815788 25.868422 27.394737 25.921051 27.270269 26.921051 1.217394 2.065217
15:22:16 27.815788 25.868422 27.394737 25.921051 27.270269 26.921051 1.217394 2.043479
15:22:17 27.815788 25.868422 27.394737 25.921051 27.270269 26.921051 1.195656 2.086955
15:22:18 27.815788 25.868422 27.394737 25.921051 27.270269 26.921051 1.173908 2.086955
15:22:19 27.815788 25.868422 27.394737 25.921051 27.270269 26.921051 1.152171 2.065217
15:22:20 27.815788 25.868422 27.394737 25.921051 27.270269 26.921051 1.152171 2.065217
15:22:20 27.815788 25.868422 27.394737 25.921051 27.270269 26.921051 1.152171 2.086955
15:22:21 27.815788 25.868422 27.394737 25.921051 27.270269 26.921051 1.152171 2.021742
15:22:22 27.815788 25.868422 27.394737 25.921051 27.270269 26.921051 1.152171 2.173915
15:22:23 27.815788 25.868422 27.394737 25.921051 27.270269 26.894737 1.130433 2.152178
15:22:24 27.815788 25.868422 27.394737 25.921051 27.270269 26.894737 1.130433 2.173915
15:22:24 27.815788 25.868422 27.394737 25.921051 27.270269 26.894737 1.130433 2.173915
15:22:25 27.815788 25.868422 27.394737 25.921051 27.270269 26.894737 1.130433 2.152178
15:22:26 27.815788 25.868422 27.394737 25.921051 27.270269 26.921051 1.130433 2.130430
15:22:27 27.815788 25.868422 27.394737 25.921051 27.270269 26.894737 1.152171 2.152178
15:22:28 27.815788 25.868422 27.394737 25.921051 27.270269 26.894737 1.130433 2.173915
15:22:28 27.815788 25.868422 27.394737 25.921051 27.270269 26.894737 1.130433 2.173915
15:22:29 27.815788 25.868422 27.394737 25.921051 27.270269 26.894737 1.130433 2.173915
15:22:30 27.815788 25.868422 27.394737 25.921051 27.270269 26.894737 1.130433 2.130430
15:22:31 27.815788 25.868422 27.394737 25.921051 27.270269 26.921051 1.130433 2.108692
15:22:32 27.815788 25.868422 27.394737 25.921051 27.270269 26.921051 1.130433 2.086955
15:22:32 27.815788 25.868422 27.394737 25.921051 27.270269 26.921051 1.130433 2.108692
15:22:33 27.815788 25.868422 27.394737 25.921051 27.270269 26.921051 1.152171 2.108692
15:22:34 27.815788 25.868422 27.394737 25.921051 27.270269 26.921051 1.152171 2.065217
15:22:35 27.815788 25.868422 27.394737 25.921051 27.270269 26.921051 1.152171 2.086955
15:22:36 27.815788 25.868422 27.394737 25.921051 27.270269 26.921051 1.152171 2.130430
15:22:36 27.815788 25.868422 27.394737 25.921051 27.270269 26.921051 1.152171 2.152178
15:22:38 27.815788 25.868422 27.394737 25.921051 27.270269 26.894737 1.152171 2.173915
15:22:39 27.736843 25.736841 27.315790 25.657896 27.243244 26.894737 1.152171 2.217390
15:22:39 27.736843 25.736841 27.315790 25.657896 27.243244 26.894737 7.086958 2.260865
15:22:40 27.736843 25.736841 27.315790 25.631578 27.243244 26.894737 7.086958 2.260865
15:22:41 27.736843 25.736841 27.315790 25.631578 27.243244 26.894737 7.086958 2.260865
15:22:42 27.710526 25.736841 27.315790 25.631578 27.243244 26.894737 7.043483 2.282613
15:22:43 27.710526 25.736841 27.315790 25.631578 27.243244 26.894737 7.173909 2.239128
15:22:43 27.736843 25.763159 27.315790 25.631578 27.243244 26.894737 7.173909 2.239128
15:22:44 27.789474 25.842104 27.315790 25.789474 27.243244 26.894737 2.282606 2.195653
15:22:45 27.789474 25.842104 27.368422 25.894737 27.270269 26.894737 2.065220 2.260865
15:22:46 27.789474 25.815790 27.368422 25.842106 27.243244 26.894737 2.847824 2.260865
15:22:47 27.789474 25.815790 27.368422 25.868420 27.270269 26.894737 2.565215 2.195653
15:22:47 27.789474 25.815790 27.368422 25.868420 27.270269 26.894737 2.565215 2.239128
15:22:48 27.789474 25.815790 27.368422 25.868420 27.270269 26.894737 5.456517 2.195653
15:22:49 27.657896 25.815790 27.368422 25.289474 27.243244 26.894737 10.304344 2.130430
15:22:50 27.657896 25.684210 27.368422 25.868420 27.270269 26.921051 1.978260 2.195653
15:22:51 27.578947 25.815790 27.368422 25.842106 27.270269 26.921051 2.978260 2.195653
15:22:51 27.789474 25.815790 27.368422 25.868420 27.270269 26.921051 2.586953 2.282613
15:22:52 27.789474 25.815790 27.368422 25.868420 27.243244 26.894737 2.586953 2.347826
15:22:53 27.789474 25.842104 27.368422 25.868420 27.243244 26.894737 3.652176 2.369564
15:22:54 27.789474 25.842104 27.368422 25.868420 27.243244 26.894737 2.304344 2.347826
15:22:55 27.789474 25.842104 27.368422 25.868420 27.243244 26.894737 2.304344 2.391301
15:22:55 27.789474 25.815790 27.368422 25.842106 27.243244 26.894737 2.891299 2.391301
15:22:56 27.789474 25.842104 27.368422 25.868420 27.243244 26.894737 2.173908 2.347826
15:22:57 27.789474 25.842104 27.368422 25.868420 27.243244 26.894737 2.173908 2.326088
15:22:58 27.789474 25.842104 27.368422 25.894737 27.243244 26.894737 1.869562 2.347826
15:22:59 27.789474 25.842104 27.368422 25.894737 27.243244 26.894737 1.956522 2.391301
15:22:59 27.789474 25.842104 27.368422 25.868420 27.243244 26.894737 2.130433 2.391301
15:23:00 27.789474 25.842104 27.368422 25.894737 27.243244 26.894737 1.978260 2.195653
15:23:01 27.789474 25.842104 27.368422 25.868420 27.243244 26.894737 1.978260 2.326088
15:23:02 27.789474 25.842104 27.368422 25.868420 27.243244 26.894737 2.130433 2.282613
15:23:03 27.815788 25.842104 27.368422 25.894737 27.243244 26.894737 1.630438 2.282613
15:23:03 27.815788 25.842104 27.368422 25.868420 27.243244 26.894737 2.195656 2.260865
15:23:04 27.789474 25.842104 27.368422 25.894737 27.243244 26.894737 1.891299 2.260865
15:23:05 27.789474 25.842104 27.368422 25.894737 27.243244 26.894737 2.065220 2.239128
15:23:06 27.789474 25.842104 27.368422 25.894737 27.243244 26.894737 2.065220 2.304351
15:23:07 27.789474 25.842104 27.368422 25.894737 27.243244 26.894737 2.934785 2.347826
15:23:07 27.789474 25.842104 27.368422 25.894737 27.243244 26.894737 1.804349 2.347826
15:23:08 27.789474 25.815790 27.368422 25.894737 27.243244 26.894737 1.956522 2.347826
15:23:09 27.789474 25.842104 27.368422 25.894737 27.243244 26.894737 1.869562 2.347826
15:23:10 27.789474 25.842104 27.368422 25.894737 27.243244 26.894737 1.891299 2.326088
15:23:11 27.789474 25.842104 27.368422 25.894737 27.243244 26.894737 1.891299 2.347826
15:23:11 27.789474 25.842104 27.368422 25.894737 27.243244 26.894737 2.391304 2.282613
15:23:12 27.789474 25.842104 27.368422 25.894737 27.243244 26.894737 1.999997 2.304351
15:23:13 27.789474 25.815790 27.368422 25.868420 27.243244 26.894737 2.152171 2.304351
15:23:14 27.789474 25.842104 27.368422 25.868420 27.243244 26.894737 2.217394 2.282613
15:23:15 27.789474 25.815790 27.368422 25.868420 27.243244 26.894737 2.478265 2.260865
15:23:15 27.789474 25.815790 27.368422 25.868420 27.243244 26.894737 2.478265 2.260865
15:23:16 27.789474 25.842104 27.368422 25.868420 27.243244 26.894737 1.913047 2.304351
15:23:17 27.789474 25.842104 27.368422 25.894737 27.243244 26.894737 1.913047 2.043479
15:23:18 27.789474 25.842104 27.368422 25.868420 27.243244 26.894737 2.304344 2.043479
15:23:19 27.789474 25.842104 27.368422 25.894737 27.243244 26.894737 1.956522 2.195653
15:23:19 27.789474 25.842104 27.368422 25.868420 27.243244 26.894737 1.956522 2.239128
15:23:20 27.789474 25.842104 27.368422 25.868420 27.243244 26.894737 2.869562 2.282613
15:23:21 27.789474 25.842104 27.368422 25.894737 27.243244 26.894737 1.891299 2.217390
15:23:22 27.789474 25.842104 27.368422 25.894737 27.243244 26.894737 1.978260 2.217390
15:23:23 27.789474 25.842104 27.368422 25.894737 27.243244 26.894737 1.913047 2.217390
15:23:23 27.789474 25.815790 27.368422 25.868420 27.243244 26.894737 2.369567 2.260865
15:23:24 27.789474 25.842104 27.368422 25.894737 27.243244 26.894737 2.369567 2.239128
15:23:25 27.789474 25.842104 27.368422 25.894737 27.243244 26.894737 2.891299 2.152178
15:23:26 27.789474 25.842104 27.368422 25.894737 27.243244 26.894737 1.934785 2.130430
15:23:27 27.789474 25.815790 27.368422 25.868420 27.243244 26.894737 2.347829 2.130430
15:23:27 27.789474 25.842104 27.368422 25.894737 27.270269 26.894737 1.869562 2.130430
15:23:28 27.789474 25.815790 27.368422 25.868420 27.270269 26.894737 2.347829 2.195653
15:23:29 27.789474 25.842104 27.368422 25.868420 27.243244 26.894737 2.347829 2.173915
15:23:30 27.789474 25.842104 27.368422 25.868420 27.243244 26.894737 1.956522 2.173915
15:23:31 27.789474 25.842104 27.368422 25.894737 27.270269 26.894737 1.934785 2.195653
15:23:31 27.789474 25.815790 27.368422 25.894737 27.243244 26.894737 1.999997 2.195653
15:23:32 27.789474 25.842104 27.368422 25.894737 27.243244 26.894737 1.978260 2.195653
15:23:33 27.789474 25.842104 27.368422 25.894737 27.243244 26.894737 1.978260 2.195653
15:23:34 27.789474 25.842104 27.368422 25.894737 27.243244 26.894737 1.999997 2.239128
15:23:35 27.789474 25.842104 27.368422 25.842106 27.243244 26.894737 1.956522 2.130430
15:23:35 27.789474 25.842104 27.368422 25.894737 27.243244 26.894737 1.847824 2.130430
15:23:36 27.789474 25.842104 27.368422 25.894737 27.243244 26.894737 1.739126 2.130430
15:23:37 27.789474 25.842104 27.368422 25.894737 27.243244 26.894737 1.717388 2.152178
15:23:38 27.789474 25.842104 27.368422 25.894737 27.270269 26.921051 1.717388 2.043479
15:23:39 27.789474 25.815790 27.368422 25.868420 27.135136 26.605263 2.630438 6.434787
15:23:40 27.815788 25.842104 27.394737 25.921051 27.054054 26.605263 1.130433 6.434787
15:23:41 27.815788 25.868422 27.394737 25.921051 27.054054 26.684212 1.130433 4.782609
15:23:42 27.815788 25.868422 27.394737 25.921051 27.054054 26.684212 1.130433 4.782609
15:23:42 27.815788 25.868422 27.394737 25.921051 27.054054 26.684212 1.130433 4.739133
15:23:43 27.815788 25.868422 27.394737 25.921051 27.054054 26.684212 1.152171 4.804346
15:23:44 27.815788 25.868422 27.394737 25.921051 27.054054 26.684212 1.152171 4.804346
15:23:45 27.815788 25.868422 27.394737 25.921051 27.054054 26.684212 1.152171 4.739133
15:23:46 27.815788 25.868422 27.394737 25.921051 27.054054 26.684212 1.173908 4.760871
15:23:46 27.815788 25.868422 27.394737 25.921051 27.054054 26.684212 1.173908 4.760871
15:23:47 27.842106 25.868422 27.394737 25.921051 27.054054 26.684212 1.195656 4.760871
15:23:48 27.842106 25.868422 27.394737 25.921051 27.054054 26.684212 1.239131 4.717396
15:23:49 27.842106 25.868422 27.394737 25.921051 27.054054 26.710527 1.239131 4.717396
15:23:50 27.842106 25.868422 27.421051 25.921051 27.081081 26.710527 1.239131 4.782609
15:23:50 27.842106 25.894737 27.421051 25.921051 27.081081 26.684212 1.239131 4.760871
15:23:51 27.842106 25.894737 27.421051 25.921051 27.081081 26.684212 1.195656 4.739133
15:23:52 27.842106 25.894737 27.421051 25.921051 27.081081 26.710527 1.173908 4.760871
15:23:53 27.842106 25.894737 27.421051 25.921051 27.081081 26.710527 1.152171 4.826084
15:23:54 27.868422 25.894737 27.421051 25.921051 27.081081 26.710527 1.152171 4.826084
15:23:54 27.868422 25.894737 27.421051 25.921051 27.081081 26.710527 1.130433 4.760871
15:23:55 27.868422 25.894737 27.447369 25.921051 27.081081 26.710527 1.130433 4.782609
15:23:56 27.868422 25.894737 27.447369 25.921051 27.081081 26.710527 1.130433 4.782609
15:23:57 27.868422 25.894737 27.447369 25.894737 27.081081 26.710527 1.130433 4.826084
15:23:58 27.868422 25.894737 27.447369 25.894737 27.081081 26.710527 1.130433 4.760871
15:23:58 27.868422 25.894737 27.447369 25.894737 27.081081 26.710527 1.108695 4.760871
15:23:59 27.868422 25.894737 27.447369 25.894737 27.081081 26.710527 1.130433 4.804346
15:24:00 27.868422 25.894737 27.447369 25.894737 27.108109 26.763157 1.130433 3.456524
15:24:01 27.868422 25.894737 27.447369 25.894737 27.162163 26.815790 1.108695 3.478262
15:24:02 27.868422 25.894737 27.447369 25.894737 27.216215 26.868422 1.173908 2.826083
15:24:02 27.868422 25.894737 27.447369 25.894737 27.243244 26.868422 1.130433 2.826083
15:24:03 27.868422 25.894737 27.447369 25.894737 27.243244 26.868422 1.130433 2.739133
15:24:04 27.868422 25.894737 27.447369 25.894737 27.243244 26.894737 1.130433 2.499999
15:24:05 27.868422 25.894737 27.447369 25.894737 27.270269 26.921051 1.108695 2.391301
15:24:06 27.868422 25.894737 27.447369 25.894737 27.270269 26.921051 1.130433 2.260865
15:24:06 27.868422 25.894737 27.447369 25.894737 27.297297 26.921051 1.130433 2.130430
15:24:07 27.868422 25.894737 27.447369 25.894737 27.297297 26.947369 1.130433 2.130430
15:24:08 27.868422 25.894737 27.447369 25.894737 27.297297 26.947369 1.130433 2.021742
15:24:09 27.868422 25.894737 27.447369 25.894737 27.297297 26.947369 1.130433 2.065217
15:24:10 27.868422 25.894737 27.421051 25.894737 27.297297 26.947369 1.130433 2.065217
15:24:10 27.868422 25.894737 27.421051 25.894737 27.297297 26.947369 1.130433 2.065217
15:24:11 27.868422 25.894737 27.421051 25.894737 27.297297 26.947369 1.130433 2.065217
15:24:12 27.868422 25.894737 27.421051 25.894737 27.297297 26.947369 1.130433 2.065217
15:24:13 27.868422 25.894737 27.421051 25.894737 27.297297 26.947369 1.130433 1.913044
15:24:14 27.868422 25.894737 27.421051 25.894737 27.324326 26.947369 1.130433 1.847831
15:24:14 27.868422 25.894737 27.421051 25.894737 27.324326 26.947369 1.130433 1.847831
15:24:15 27.868422 25.894737 27.421051 25.894737 27.297297 26.947369 1.152171 1.934781
15:24:16 27.868422 25.894737 27.421051 25.894737 27.297297 26.947369 1.152171 1.934781
15:24:17 27.868422 25.894737 27.421051 25.894737 27.324326 26.947369 1.173908 1.869569
15:24:18 27.868422 25.894737 27.421051 25.894737 27.324326 26.947369 1.195656 1.869569
15:24:18 27.868422 25.894737 27.421051 25.894737 27.297297 26.947369 1.195656 1.869569
15:24:19 27.868422 25.894737 27.421051 25.894737 27.297297 26.947369 1.195656 1.869569
15:24:20 27.868422 25.894737 27.421051 25.894737 27.297297 26.947369 1.239131 1.826083
15:24:21 27.868422 25.894737 27.421051 25.894737 27.297297 26.947369 1.239131 1.826083
15:24:22 27.868422 25.894737 27.421051 25.894737 27.297297 26.947369 1.239131 1.934781
15:24:22 27.868422 25.894737 27.447369 25.894737 27.297297 26.947369 1.239131 1.913044
15:24:23 27.868422 25.894737 27.447369 25.894737 27.297297 26.947369 1.195656 1.913044
15:24:24 27.868422 25.894737 27.447369 25.894737 27.297297 26.947369 1.173908 1.934781
15:24:25 27.868422 25.894737 27.421051 25.894737 27.297297 26.947369 1.152171 1.978256
15:24:26 27.868422 25.894737 27.421051 25.894737 27.297297 26.947369 1.152171 1.978256
15:24:26 27.868422 25.894737 27.447369 25.894737 27.297297 26.947369 1.152171 2.065217
15:24:27 27.868422 25.894737 27.447369 25.894737 27.297297 26.947369 1.152171 2.065217
15:24:28 27.868422 25.894737 27.447369 25.894737 27.297297 26.947369 1.130433 2.108692
15:24:29 27.868422 25.894737 27.447369 25.894737 27.297297 26.921051 1.130433 2.130430
15:24:30 27.868422 25.894737 27.447369 25.894737 27.297297 26.921051 1.130433 2.152178
15:24:30 27.868422 25.894737 27.447369 25.894737 27.297297 26.921051 1.108695 2.152178
15:24:31 27.868422 25.894737 27.447369 25.894737 27.297297 26.921051 1.152171 2.304351
15:24:32 27.868422 25.894737 27.447369 25.894737 27.270269 26.921051 1.152171 2.282613
15:24:33 27.868422 25.894737 27.447369 25.894737 27.270269 26.921051 1.108695 2.282613
15:24:34 27.868422 25.894737 27.447369 25.894737 27.270269 26.921051 1.130433 2.260865
15:24:34 27.868422 25.894737 27.447369 25.894737 27.270269 26.921051 1.130433 2.260865
15:24:35 27.868422 25.894737 27.447369 25.894737 27.270269 26.921051 1.130433 2.413039
15:24:36 27.868422 25.894737 27.447369 25.894737 27.270269 26.894737 1.130433 2.413039
15:24:37 27.868422 25.894737 27.447369 25.894737 27.270269 26.894737 1.130433 2.391301
15:24:38 27.868422 25.894737 27.447369 25.894737 27.270269 26.894737 1.130433 2.456524
15:24:38 27.868422 25.894737 27.447369 25.894737 27.270269 26.894737 1.130433 2.369564
15:24:39 27.868422 25.894737 27.447369 25.894737 27.270269 26.894737 1.130433 2.369564
15:24:41 27.868422 25.894737 27.447369 25.894737 27.270269 26.894737 1.130433 2.282613
15:24:41 27.763157 25.894737 27.447369 25.552631 27.270269 26.894737 7.413043 2.391301
15:24:42 27.763157 25.789474 27.342104 25.605263 27.270269 26.921051 7.130434 2.391301
15:24:43 27.763157 25.789474 27.342104 25.605263 27.270269 26.921051 7.130434 2.347826
15:24:44 27.763157 25.789474 27.342104 25.605263 27.270269 26.921051 7.086958 2.282613
15:24:45 27.657896 25.684210 27.263159 25.605263 27.270269 26.894737 7.086958 2.282613
15:24:45 27.789474 25.815790 27.263159 25.315790 27.270269 26.921051 4.043483 2.239128
15:24:46 27.789474 25.815790 27.236843 25.789474 27.270269 26.921051 2.891299 2.260865
15:24:47 27.842106 25.894737 27.421051 25.842106 27.270269 26.921051 1.804349 2.260865
15:24:48 27.842106 25.868422 27.394737 25.815790 27.270269 26.921051 2.586953 2.260865
15:24:49 27.763157 25.763159 27.342104 25.552631 27.270269 26.921051 2.586953 2.239128
15:24:49 27.736843 25.763159 27.342104 25.552631 27.243244 26.894737 8.130433 2.369564
15:24:50 27.736843 25.763159 27.342104 25.552631 27.243244 26.894737 8.173908 2.391301
15:24:51 27.736843 25.763159 27.394737 25.815790 27.243244 26.894737 2.369567 2.413039
15:24:52 27.815788 25.763159 27.342104 25.578947 27.243244 26.894737 7.804349 2.413039
15:24:53 27.842106 25.868422 27.394737 25.815790 27.243244 26.894737 2.239131 2.478262
15:24:53 27.842106 25.868422 27.394737 25.815790 27.270269 26.921051 2.239131 2.347826
15:24:54 27.842106 25.868422 27.394737 25.815790 27.270269 26.921051 2.282606 2.304351
15:24:55 27.842106 25.868422 27.394737 25.842106 27.243244 26.894737 2.065220 2.456524
15:24:56 27.842106 25.842104 27.315790 25.552631 27.243244 26.894737 8.043484 2.478262
15:24:57 27.789474 25.842104 27.394737 25.789474 27.270269 26.894737 3.217394 2.478262
15:24:57 27.842106 25.868422 27.394737 25.815790 27.270269 26.894737 2.326092 2.434787
15:24:58 27.842106 25.868422 27.394737 25.842106 27.270269 26.894737 2.326092 2.478262
15:24:59 27.842106 25.868422 27.394737 25.842106 27.243244 26.894737 2.369567 2.499999
15:25:00 27.789474 25.868422 27.394737 25.684210 27.243244 26.894737 5.260869 2.565222
15:25:01 27.789474 25.789474 27.342104 25.578947 27.243244 26.894737 7.260869 2.543474
15:25:01 27.842106 25.868422 27.394737 25.789474 27.243244 26.894737 2.717388 2.543474
15:25:02 27.815788 25.842104 27.394737 25.789474 27.243244 26.894737 2.891299 2.543474
15:25:03 27.842106 25.868422 27.394737 25.789474 27.270269 26.894737 2.891299 2.478262
15:25:04 27.842106 25.868422 27.394737 25.815790 27.243244 26.894737 1.869562 2.478262
15:25:05 27.842106 25.868422 27.394737 25.815790 27.243244 26.894737 2.239131 2.456524
15:25:05 27.842106 25.868422 27.394737 25.842106 27.243244 26.894737 1.782611 2.456524
15:25:06 27.842106 25.868422 27.394737 25.815790 27.243244 26.894737 2.413042 2.478262
15:25:07 27.842106 25.868422 27.394737 25.815790 27.243244 26.894737 2.413042 2.478262
15:25:08 27.842106 25.868422 27.394737 25.815790 27.243244 26.894737 2.304344 2.499999
15:25:09 27.842106 25.868422 27.394737 25.842106 27.243244 26.894737 1.826087 2.478262
15:25:09 27.842106 25.868422 27.394737 25.842106 27.243244 26.894737 2.065220 2.391301
15:25:10 27.842106 25.868422 27.394737 25.842106 27.270269 26.894737 2.043483 2.391301
15:25:11 27.842106 25.868422 27.394737 25.815790 27.270269 26.894737 2.260869 2.413039
15:25:12 27.842106 25.868422 27.394737 25.815790 27.243244 26.894737 2.260869 2.499999
15:25:13 27.842106 25.868422 27.394737 25.815790 27.243244 26.894737 2.391304 2.543474
15:25:13 27.842106 25.868422 27.394737 25.842106 27.270269 26.894737 1.934785 2.347826
15:25:14 27.842106 25.868422 27.394737 25.842106 27.270269 26.894737 1.978260 2.369564
15:25:15 27.842106 25.868422 27.394737 25.842106 27.270269 26.894737 1.760874 2.369564
15:25:16 27.842106 25.868422 27.394737 25.842106 27.270269 26.894737 2.152171 2.391301
15:25:17 27.842106 25.868422 27.394737 25.842106 27.270269 26.894737 2.152171 2.369564
15:25:17 27.842106 25.868422 27.394737 25.842106 27.270269 26.894737 2.065220 2.391301
15:25:18 27.842106 25.868422 27.394737 25.815790 27.270269 26.894737 2.304344 2.391301
15:25:19 27.842106 25.868422 27.394737 25.842106 27.270269 26.894737 2.108696 2.391301
15:25:20 27.842106 25.868422 27.394737 25.842106 27.270269 26.894737 1.804349 2.413039
15:25:21 27.842106 25.868422 27.394737 25.842106 27.270269 26.894737 2.021735 2.391301
15:25:21 27.842106 25.868422 27.394737 25.842106 27.270269 26.894737 2.021735 2.413039
15:25:22 27.842106 25.868422 27.394737 25.815790 27.270269 26.894737 2.260869 2.369564
15:25:23 27.842106 25.868422 27.394737 25.815790 27.270269 26.921051 2.326092 2.217390
15:25:24 27.842106 25.868422 27.394737 25.842106 27.270269 26.921051 2.217394 2.217390
15:25:25 27.842106 25.868422 27.394737 25.842106 27.270269 26.921051 2.260869 2.260865
15:25:25 27.842106 25.868422 27.394737 25.842106 27.270269 26.921051 2.260869 2.282613
15:25:26 27.842106 25.868422 27.394737 25.842106 27.270269 26.921051 3.065220 2.282613
15:25:27 27.842106 25.868422 27.394737 25.842106 27.270269 26.921051 2.195656 2.239128
15:25:28 27.842106 25.868422 27.394737 25.842106 27.270269 26.921051 1.717388 2.217390
15:25:29 27.789474 25.815790 27.368422 25.710526 27.270269 26.921051 4.913047 2.217390
15:25:29 27.842106 25.868422 27.394737 25.815790 27.270269 26.921051 2.586953 2.239128
15:25:30 27.815788 25.842104 27.394737 25.789474 27.270269 26.921051 2.586953 2.217390
15:25:31 27.842106 25.868422 27.394737 25.789474 27.270269 26.921051 5.456517 2.043479
15:25:32 27.842106 25.868422 27.394737 25.842106 27.270269 26.921051 2.086958 2.108692
15:25:33 27.842106 25.868422 27.394737 25.842106 27.270269 26.921051 1.760874 2.065217
15:25:33 27.815788 25.842104 27.394737 25.789474 27.297297 26.921051 3.195656 2.065217
15:25:34 27.789474 25.815790 27.368422 25.736841 27.297297 26.921051 4.369567 2.108692
15:25:35 27.842106 25.868422 27.394737 25.736841 27.270269 26.921051 4.369567 2.065217
15:25:36 27.815788 25.842104 27.394737 25.815790 27.297297 26.921051 2.782612 2.108692
15:25:37 27.842106 25.842104 27.394737 25.842106 27.270269 26.921051 1.695651 2.043479
15:25:37 27.842106 25.815790 27.394737 25.763159 27.270269 26.921051 3.456517 2.043479
15:25:38 27.842106 25.868422 27.394737 25.842106 27.270269 26.921051 1.999997 2.043479
15:25:39 27.842106 25.868422 27.394737 25.842106 27.270269 26.921051 1.999997 2.043479
15:25:40 27.789474 25.842104 27.368422 25.842106 27.270269 26.921051 1.760874 2.108692
15:25:41 27.842106 25.868422 27.368422 25.657896 27.270269 26.921051 2.326092 2.108692
