18:54:27 26.052631 26.184210 25.684210 24.763157 27.567568 27.236841 1.217394 0.000004
18:54:27 26.052631 26.184210 25.684210 24.763157 27.567568 27.236841 1.173908 0.000004
18:54:27 26.052631 26.184210 25.684210 24.763157 27.567568 27.236841 1.173908 0.000004
18:54:28 26.052631 26.184210 25.684210 24.763157 27.567568 27.236841 1.173908 0.000004
18:54:28 26.052631 26.184210 25.684210 24.763157 27.567568 27.236841 1.173908 0.000004
18:54:28 26.052631 26.184210 25.684210 24.763157 27.567568 27.236841 1.173908 0.000004
18:54:28 26.052631 26.184210 25.684210 24.763157 27.567568 27.236841 1.130433 0.000004
18:54:28 26.052631 26.184210 25.684210 24.763157 27.567568 27.236841 1.130433 0.000004
18:54:29 26.052631 26.184210 25.684210 24.763157 27.567568 27.236841 1.130433 0.000004
18:54:29 26.052631 26.184210 25.684210 24.763157 27.567568 27.236841 1.130433 0.000004
18:54:29 26.052631 26.184210 25.684210 24.763157 27.567568 27.236841 1.130433 0.000004
18:54:29 26.052631 26.184210 25.684210 24.763157 27.567568 27.236841 1.130433 0.000004
18:54:29 26.052631 26.184210 25.684210 24.763157 27.567568 27.236841 1.130433 0.000004
18:54:30 26.052631 26.184210 25.684210 24.763157 27.567568 27.236841 1.130433 0.000004
18:54:30 26.052631 26.184210 25.684210 24.763157 27.567568 27.236841 1.130433 0.000004
18:54:30 26.052631 26.184210 25.684210 24.763157 27.567568 27.236841 1.130433 0.000004
18:54:30 26.052631 26.184210 25.684210 24.763157 27.567568 27.236841 1.108695 0.000004
18:54:30 26.052631 26.184210 25.684210 24.763157 27.567568 27.236841 1.108695 0.000004
18:54:31 26.052631 26.184210 25.684210 24.763157 27.567568 27.236841 1.108695 0.000004
18:54:31 26.052631 26.184210 25.684210 24.763157 27.567568 27.236841 1.108695 0.000004
18:54:31 26.052631 26.184210 25.684210 24.763157 27.567568 27.236841 1.108695 0.000004
18:54:31 26.052631 26.184210 25.684210 24.763157 27.567568 27.236841 1.108695 0.000004
18:54:31 26.052631 26.184210 25.684210 24.763157 27.567568 27.236841 1.108695 0.000004
18:54:32 26.052631 26.184210 25.684210 24.763157 27.567568 27.236841 1.108695 0.000004
18:54:32 26.052631 26.184210 25.710526 24.763157 27.567568 27.236841 1.108695 0.000004
18:54:32 26.052631 26.184210 25.710526 24.763157 27.567568 27.236841 1.108695 0.000004
18:54:32 26.052631 26.184210 25.710526 24.763157 27.567568 27.236841 1.108695 0.000004
18:54:32 26.052631 26.184210 25.710526 24.763157 27.567568 27.236841 1.108695 0.000004
18:54:33 26.052631 26.184210 25.710526 24.763157 27.567568 27.236841 1.108695 0.000004
18:54:33 26.052631 26.184210 25.684210 24.763157 27.567568 27.236841 1.108695 0.000004
18:54:33 26.052631 26.184210 25.684210 24.763157 27.567568 27.236841 1.108695 0.000004
18:54:33 26.052631 26.184210 25.684210 24.763157 27.567568 27.236841 1.108695 0.000004
18:54:33 26.052631 26.184210 25.684210 24.763157 27.567568 27.236841 1.108695 0.000004
18:54:34 26.052631 26.184210 25.684210 24.763157 27.567568 27.236841 1.108695 0.000004
18:54:34 26.052631 26.184210 25.684210 24.763157 27.567568 27.236841 1.108695 0.000004
18:54:34 26.052631 26.184210 25.684210 24.763157 27.567568 27.236841 1.108695 0.000004
18:54:34 26.052631 26.184210 25.684210 24.763157 27.567568 27.236841 1.108695 0.000004
18:54:34 26.052631 26.184210 25.684210 24.763157 27.567568 27.236841 1.108695 0.000004
18:54:35 26.052631 26.184210 25.684210 24.763157 27.567568 27.236841 1.108695 0.000004
18:54:35 26.052631 26.184210 25.684210 24.763157 27.567568 27.236841 1.108695 0.000004
18:54:35 26.052631 26.184210 25.684210 24.763157 27.567568 27.236841 1.108695 0.000004
18:54:35 26.052631 26.184210 25.684210 24.763157 27.567568 27.236841 1.108695 0.000004
18:54:35 26.052631 26.184210 25.684210 24.763157 27.567568 27.236841 1.108695 0.000004
18:54:36 26.052631 26.184210 25.684210 24.763157 27.567568 27.236841 1.108695 0.000004
18:54:36 26.052631 26.184210 25.684210 24.763157 27.567568 27.236841 1.108695 0.000004
18:54:36 26.052631 26.184210 25.684210 24.763157 27.567568 27.236841 1.086958 0.000004
18:54:36 26.052631 26.184210 25.684210 24.763157 27.567568 27.236841 1.086958 0.000004
18:54:36 26.052631 26.184210 25.684210 24.763157 27.567568 27.236841 1.086958 0.021742
18:54:37 26.052631 26.184210 25.684210 24.763157 27.567568 27.236841 1.086958 0.021742
18:54:37 26.052631 26.184210 25.684210 24.763157 27.567568 27.236841 1.086958 0.021742
18:54:37 26.052631 26.184210 25.684210 24.763157 27.567568 27.236841 1.086958 0.021742
18:54:37 26.052631 26.184210 25.684210 24.763157 27.567568 27.236841 1.086958 0.021742
18:54:37 26.052631 26.184210 25.684210 24.763157 27.567568 27.236841 1.086958 0.000004
18:54:38 26.052631 26.184210 25.684210 24.763157 27.567568 27.236841 1.086958 0.000004
18:54:38 26.052631 26.184210 25.684210 24.763157 27.567568 27.236841 1.086958 0.000004
18:54:38 26.052631 26.184210 25.684210 24.763157 27.567568 27.236841 1.086958 0.000004
18:54:38 26.052631 26.184210 25.684210 24.763157 27.567568 27.236841 1.086958 0.000004
18:54:38 26.052631 26.184210 25.684210 24.763157 27.567568 27.236841 1.086958 0.000004
18:54:39 26.052631 26.184210 25.684210 24.763157 27.567568 27.236841 1.086958 0.000004
18:54:39 26.052631 26.184210 25.684210 24.763157 27.567568 27.236841 1.108695 0.000004
18:54:39 26.052631 26.184210 25.684210 24.763157 27.567568 27.236841 1.108695 0.000004
18:54:39 26.052631 26.184210 25.684210 24.763157 27.567568 27.236841 1.108695 0.000004
18:54:39 26.052631 26.184210 25.684210 24.763157 27.567568 27.236841 1.108695 0.000004
18:54:40 26.052631 26.184210 25.684210 24.763157 27.567568 27.236841 1.108695 0.000004
18:54:40 26.052631 26.184210 25.684210 24.763157 27.567568 27.236841 1.108695 0.000004
18:54:40 26.052631 26.184210 25.684210 24.763157 27.567568 27.236841 1.108695 0.000004
18:54:40 26.052631 26.184210 25.684210 24.763157 27.567568 27.236841 1.108695 0.000004
18:54:40 26.052631 26.184210 25.684210 24.763157 27.567568 27.236841 1.108695 0.000004
18:54:41 26.052631 26.184210 25.684210 24.763157 27.567568 27.236841 1.108695 0.000004
18:54:41 26.052631 26.184210 25.684210 24.763157 27.567568 27.236841 1.108695 0.000004
18:54:41 26.052631 26.184210 25.684210 24.763157 27.567568 27.236841 1.108695 0.000004
18:54:41 26.052631 26.184210 25.684210 24.763157 27.567568 27.236841 1.108695 0.000004
18:54:41 26.052631 26.184210 25.684210 24.763157 27.567568 27.236841 1.108695 0.000004
18:54:42 26.052631 26.184210 25.684210 24.763157 27.567568 27.236841 1.108695 0.000004
18:54:42 26.052631 26.184210 25.684210 24.763157 27.567568 27.236841 1.130433 0.000004
18:54:42 26.052631 26.184210 25.684210 24.763157 27.567568 27.236841 1.130433 0.000004
18:54:42 26.052631 26.184210 25.684210 24.763157 27.567568 27.236841 1.130433 0.000004
18:54:42 26.052631 26.184210 25.684210 24.763157 27.567568 27.236841 1.130433 0.000004
18:54:43 26.052631 26.184210 25.684210 24.763157 27.567568 27.236841 1.130433 0.000004
18:54:43 26.052631 26.184210 25.684210 24.763157 27.567568 27.236841 1.108695 0.000004
18:54:43 26.052631 26.184210 25.684210 24.763157 27.567568 27.236841 1.108695 0.000004
18:54:43 26.052631 26.184210 25.684210 24.763157 27.567568 27.236841 1.108695 0.000004
18:54:43 26.052631 26.184210 25.684210 24.763157 27.567568 27.236841 1.108695 0.000004
18:54:44 26.052631 26.184210 25.684210 24.763157 27.567568 27.236841 1.108695 0.000004
18:54:44 26.052631 26.184210 25.684210 24.763157 27.567568 27.236841 1.108695 0.000004
18:54:44 26.052631 26.184210 25.684210 24.763157 27.567568 27.236841 1.108695 0.000004
18:54:44 26.052631 26.184210 25.684210 24.763157 27.567568 27.236841 1.108695 0.000004
18:54:44 26.052631 26.184210 25.684210 24.763157 27.567568 27.236841 1.108695 0.000004
18:54:45 26.052631 26.184210 25.684210 24.763157 27.567568 27.236841 1.108695 0.000004
18:54:45 26.052631 26.184210 25.684210 24.763157 27.567568 27.236841 1.108695 0.000004
18:54:45 26.052631 26.184210 25.684210 24.763157 27.567568 27.236841 1.108695 0.000004
18:54:45 26.052631 26.184210 25.684210 24.763157 27.567568 27.236841 1.108695 0.000004
18:54:45 26.052631 26.184210 25.684210 24.763157 27.567568 27.236841 1.108695 0.000004
18:54:46 26.052631 26.184210 25.684210 24.763157 27.567568 27.236841 1.108695 0.000004
18:54:46 26.052631 26.184210 25.684210 24.763157 27.567568 27.236841 1.108695 0.000004
18:54:46 26.052631 26.184210 25.684210 24.763157 27.567568 27.236841 1.108695 0.000004
18:54:46 26.052631 26.184210 25.684210 24.763157 27.567568 27.236841 1.108695 0.000004
18:54:46 26.052631 26.184210 25.684210 24.763157 27.567568 27.236841 1.108695 0.000004
18:54:47 26.052631 26.184210 25.684210 24.763157 27.567568 27.236841 1.108695 0.000004
18:54:47 26.052631 26.184210 25.684210 24.763157 27.567568 27.236841 1.108695 0.000004
18:54:47 26.052631 26.184210 25.684210 24.763157 27.567568 27.236841 1.108695 0.000004
18:54:47 26.052631 26.184210 25.684210 24.763157 27.567568 27.236841 1.108695 0.000004
18:54:47 26.052631 26.184210 25.684210 24.763157 27.567568 27.236841 1.108695 0.000004
18:54:48 26.052631 26.184210 25.684210 24.763157 27.567568 27.236841 1.108695 0.000004
18:54:48 26.052631 26.184210 25.684210 24.763157 27.567568 27.236841 1.108695 0.000004
18:54:48 26.052631 26.184210 25.684210 24.763157 27.567568 27.236841 1.108695 0.000004
18:54:48 26.052631 26.184210 25.684210 24.763157 27.567568 27.236841 1.108695 0.000004
18:54:48 26.052631 26.184210 25.684210 24.763157 27.567568 27.236841 1.108695 0.000004
18:54:49 26.052631 26.184210 25.684210 24.763157 27.567568 27.236841 1.130433 0.000004
18:54:49 26.052631 26.184210 25.684210 24.763157 27.567568 27.236841 1.130433 0.000004
18:54:49 26.052631 26.184210 25.684210 24.763157 27.567568 27.236841 1.130433 0.000004
18:54:49 26.052631 26.184210 25.684210 24.763157 27.567568 27.236841 1.130433 0.000004
18:54:49 26.052631 26.184210 25.684210 24.763157 27.567568 27.236841 1.130433 0.000004
18:54:50 26.052631 26.184210 25.684210 24.763157 27.567568 27.236841 1.108695 0.000004
18:54:50 26.052631 26.184210 25.684210 24.763157 27.567568 27.236841 1.108695 0.000004
18:54:50 26.052631 26.184210 25.684210 24.763157 27.567568 27.236841 1.108695 0.000004
18:54:50 26.052631 26.184210 25.684210 24.763157 27.567568 27.236841 1.108695 0.000004
18:54:50 26.052631 26.184210 25.684210 24.763157 27.567568 27.236841 1.108695 0.000004
18:54:51 26.052631 26.184210 25.684210 24.763157 27.567568 27.236841 1.108695 0.000004
18:54:51 26.052631 26.184210 25.684210 24.763157 27.567568 27.236841 1.108695 0.000004
18:54:51 26.052631 26.184210 25.684210 24.763157 27.567568 27.236841 1.108695 0.000004
18:54:51 26.052631 26.184210 25.710526 24.763157 27.567568 27.236841 1.108695 0.000004
18:54:51 26.052631 26.184210 25.710526 24.763157 27.567568 27.236841 1.152171 0.000004
18:54:52 26.052631 26.184210 25.710526 24.763157 27.567568 27.236841 1.152171 0.000004
18:54:52 26.052631 26.184210 25.710526 24.763157 27.567568 27.236841 1.152171 0.000004
18:54:52 26.052631 26.184210 25.710526 24.763157 27.567568 27.236841 1.152171 0.000004
18:54:52 26.052631 26.184210 25.684210 24.763157 27.567568 27.236841 1.152171 0.000004
18:54:52 26.052631 26.184210 25.684210 24.763157 27.567568 27.236841 1.152171 0.000004
18:54:53 26.052631 26.184210 25.684210 24.763157 27.567568 27.236841 1.152171 0.000004
18:54:53 26.052631 26.184210 25.684210 24.763157 27.567568 27.236841 1.152171 0.000004
18:54:53 26.052631 26.184210 25.684210 24.763157 27.567568 27.236841 1.152171 0.000004
18:54:53 26.052631 26.184210 25.684210 24.763157 27.567568 27.236841 1.152171 0.000004
18:54:53 26.052631 26.184210 25.684210 24.763157 27.567568 27.236841 1.195656 0.000004
18:54:54 26.052631 26.184210 25.684210 24.763157 27.567568 27.236841 1.195656 0.000004
18:54:54 26.052631 26.184210 25.684210 24.763157 27.567568 27.236841 1.195656 0.000004
18:54:54 26.052631 26.184210 25.684210 24.763157 27.567568 27.236841 1.195656 0.000004
18:54:54 26.052631 26.184210 25.684210 24.763157 27.567568 27.236841 1.195656 0.000004
18:54:54 26.052631 26.184210 25.684210 24.763157 27.567568 27.236841 1.282606 0.000004
18:54:55 26.052631 26.184210 25.684210 24.763157 27.567568 27.236841 1.282606 0.000004
18:54:55 26.052631 26.184210 25.684210 24.763157 27.567568 27.236841 1.282606 0.000004
18:54:55 26.052631 26.184210 25.684210 24.763157 27.567568 27.236841 1.282606 0.000004
18:54:55 26.052631 26.184210 25.684210 24.763157 27.567568 27.236841 1.282606 0.000004
18:54:55 26.052631 26.184210 25.684210 24.763157 27.567568 27.236841 1.326092 0.000004
18:54:56 26.052631 26.184210 25.684210 24.763157 27.567568 27.236841 1.326092 0.000004
18:54:56 26.052631 26.184210 25.684210 24.763157 27.567568 27.236841 1.326092 0.000004
18:54:56 26.052631 26.184210 25.684210 24.763157 27.567568 27.236841 1.326092 0.000004
18:54:56 26.052631 26.184210 25.684210 24.763157 27.567568 27.236841 1.326092 0.000004
18:54:56 26.052631 26.184210 25.684210 24.763157 27.567568 27.236841 1.326092 0.000004
18:54:57 26.052631 26.184210 25.684210 24.763157 27.567568 27.236841 1.326092 0.000004
18:54:57 26.052631 26.184210 25.684210 24.763157 27.567568 27.236841 1.326092 0.000004
18:54:57 26.052631 26.184210 25.684210 24.763157 27.567568 27.236841 1.326092 0.000004
18:54:57 26.052631 26.184210 25.684210 24.763157 27.567568 27.236841 1.260869 0.000004
18:54:57 26.052631 26.184210 25.684210 24.763157 27.567568 27.236841 1.260869 0.000004
18:54:58 26.052631 26.184210 25.684210 24.763157 27.567568 27.236841 1.260869 0.000004
18:54:58 26.052631 26.184210 25.684210 24.763157 27.567568 27.236841 1.260869 0.000004
18:54:58 26.052631 26.184210 25.684210 24.763157 27.567568 27.236841 1.260869 0.000004
18:54:58 26.052631 26.184210 25.684210 24.763157 27.567568 27.236841 1.195656 0.000004
18:54:58 26.052631 26.184210 25.684210 24.763157 27.567568 27.236841 1.195656 0.000004
18:54:59 26.052631 26.184210 25.684210 24.763157 27.567568 27.236841 1.195656 0.000004
18:54:59 26.052631 26.184210 25.684210 24.763157 27.567568 27.236841 1.195656 0.000004
18:54:59 26.052631 26.184210 25.684210 24.763157 27.567568 27.236841 1.195656 0.000004
18:54:59 26.052631 26.184210 25.684210 24.763157 27.567568 27.236841 1.130433 0.000004
18:54:59 26.052631 26.184210 25.684210 24.763157 27.567568 27.236841 1.130433 0.000004
18:55:00 26.052631 26.184210 25.684210 24.763157 27.567568 27.236841 1.130433 0.000004
18:55:00 26.052631 26.184210 25.684210 24.763157 27.567568 27.236841 1.130433 0.000004
18:55:00 26.052631 26.184210 25.684210 24.763157 27.567568 27.236841 1.130433 0.000004
18:55:00 26.052631 26.184210 25.684210 24.763157 27.567568 27.236841 1.130433 0.000004
18:55:00 26.052631 26.184210 25.684210 24.763157 27.567568 27.236841 1.130433 0.000004
18:55:01 26.052631 26.184210 25.684210 24.763157 27.567568 27.236841 1.130433 0.000004
18:55:01 26.052631 26.184210 25.684210 24.763157 27.567568 27.236841 1.130433 0.000004
18:55:01 26.052631 26.184210 25.684210 24.763157 27.567568 27.236841 1.130433 0.000004
18:55:01 26.052631 26.184210 25.684210 24.763157 27.567568 27.236841 1.130433 0.000004
18:55:01 26.052631 26.184210 25.684210 24.763157 27.567568 27.236841 1.130433 0.000004
18:55:02 26.052631 26.184210 25.684210 24.763157 27.567568 27.236841 1.130433 0.000004
18:55:02 26.052631 26.184210 25.684210 24.763157 27.567568 27.236841 1.130433 0.000004
18:55:02 26.052631 26.184210 25.684210 24.763157 27.567568 27.236841 1.130433 0.000004
18:55:02 26.052631 26.184210 25.684210 24.763157 27.567568 27.236841 1.108695 0.000004
18:55:02 26.052631 26.184210 25.684210 24.763157 27.567568 27.236841 1.108695 0.000004
18:55:03 26.052631 26.184210 25.684210 24.763157 27.567568 27.236841 1.108695 0.000004
18:55:03 26.052631 26.184210 25.684210 24.763157 27.567568 27.236841 1.108695 0.000004
18:55:03 26.052631 26.184210 25.684210 24.763157 27.567568 27.236841 1.108695 0.000004
18:55:03 26.052631 26.184210 25.684210 24.763157 27.567568 27.236841 1.108695 0.000004
18:55:03 26.052631 26.184210 25.684210 24.763157 27.567568 27.236841 1.108695 0.000004
18:55:04 26.052631 26.184210 25.684210 24.763157 27.567568 27.236841 1.108695 0.000004
18:55:04 26.052631 26.184210 25.684210 24.763157 27.567568 27.236841 1.108695 0.000004
18:55:04 26.052631 26.184210 25.684210 24.763157 27.567568 27.236841 1.086958 0.000004
18:55:04 26.052631 26.184210 25.684210 24.763157 27.567568 27.236841 1.086958 0.000004
18:55:04 26.052631 26.184210 25.684210 24.763157 27.567568 27.236841 1.086958 0.000004
18:55:05 26.052631 26.184210 25.684210 24.763157 27.567568 27.236841 1.086958 0.000004
18:55:05 26.052631 26.184210 25.684210 24.763157 27.567568 27.236841 1.086958 0.000004
18:55:05 26.052631 26.184210 25.684210 24.763157 27.567568 27.236841 1.108695 0.000004
18:55:05 26.052631 26.184210 25.684210 24.763157 27.567568 27.236841 1.108695 0.000004
18:55:05 26.052631 26.184210 25.684210 24.763157 27.567568 27.236841 1.108695 0.000004
18:55:06 26.052631 26.184210 25.684210 24.763157 27.567568 27.236841 1.108695 0.000004
18:55:06 26.052631 26.184210 25.684210 24.763157 27.567568 27.236841 1.108695 0.000004
18:55:06 26.052631 26.184210 25.684210 24.763157 27.567568 27.236841 1.108695 0.000004
18:55:06 26.052631 26.184210 25.684210 24.763157 27.567568 27.236841 1.108695 0.000004
18:55:06 26.052631 26.184210 25.684210 24.763157 27.567568 27.236841 1.108695 0.000004
18:55:07 26.052631 26.184210 25.684210 24.763157 27.567568 27.236841 1.108695 0.000004
18:55:07 26.052631 26.184210 25.684210 24.763157 27.567568 27.236841 1.108695 0.000004
18:55:07 26.052631 26.184210 25.684210 24.763157 27.567568 27.236841 1.108695 0.000004
18:55:07 26.052631 26.184210 25.684210 24.763157 27.567568 27.236841 1.108695 0.000004
18:55:07 26.052631 26.184210 25.684210 24.763157 27.567568 27.236841 1.108695 0.000004
18:55:08 26.052631 26.184210 25.684210 24.763157 27.567568 27.236841 1.108695 0.000004
18:55:08 26.052631 26.184210 25.684210 24.763157 27.567568 27.236841 1.108695 0.000004
18:55:08 26.052631 26.184210 25.684210 24.763157 27.567568 27.236841 1.108695 0.000004
18:55:08 26.052631 26.184210 25.684210 24.763157 27.567568 27.236841 1.108695 0.000004
18:55:08 26.052631 26.184210 25.684210 24.763157 27.567568 27.236841 1.108695 0.000004
18:55:09 26.052631 26.184210 25.684210 24.763157 27.567568 27.236841 1.108695 0.000004
18:55:09 26.052631 26.184210 25.684210 24.763157 27.567568 27.236841 1.108695 0.000004
18:55:09 26.052631 26.184210 25.684210 24.763157 27.567568 27.236841 1.086958 0.000004
18:55:09 26.052631 26.184210 25.684210 24.763157 27.567568 27.236841 1.086958 0.000004
18:55:09 26.052631 26.184210 25.684210 24.763157 27.567568 27.236841 1.086958 0.000004
18:55:10 26.052631 26.184210 25.684210 24.763157 27.567568 27.236841 1.086958 0.000004
18:55:10 26.052631 26.184210 25.684210 24.763157 27.567568 27.236841 1.108695 0.000004
18:55:10 26.052631 26.184210 25.684210 24.763157 27.567568 27.236841 1.108695 0.000004
18:55:10 26.052631 26.184210 25.684210 24.763157 27.567568 27.236841 1.108695 0.000004
18:55:10 26.052631 26.184210 25.684210 24.763157 27.567568 27.236841 1.108695 0.000004
18:55:11 26.052631 26.184210 25.684210 24.763157 27.567568 27.236841 1.108695 0.000004
18:55:11 26.052631 26.184210 25.684210 24.763157 27.567568 27.236841 1.108695 0.000004
18:55:11 26.052631 26.184210 25.684210 24.763157 27.567568 27.236841 1.108695 0.000004
18:55:11 26.052631 26.184210 25.684210 24.763157 27.567568 27.236841 1.108695 0.000004
18:55:11 26.052631 26.184210 25.684210 24.763157 27.567568 27.236841 1.108695 0.000004
18:55:12 26.052631 26.184210 25.684210 24.763157 27.567568 27.236841 1.108695 0.000004
18:55:12 26.052631 26.184210 25.684210 24.763157 27.567568 27.236841 1.108695 0.000004
18:55:12 26.052631 26.184210 25.684210 24.763157 27.567568 27.236841 1.108695 0.000004
18:55:12 26.052631 26.184210 25.684210 24.763157 27.567568 27.236841 1.108695 0.000004
18:55:12 26.052631 26.184210 25.684210 24.763157 27.567568 27.236841 1.108695 0.000004
18:55:13 26.052631 26.184210 25.684210 24.763157 27.567568 27.236841 1.108695 0.000004
18:55:13 26.052631 26.184210 25.684210 24.763157 27.567568 27.236841 1.108695 0.000004
18:55:13 26.052631 26.184210 25.684210 24.763157 27.567568 27.236841 1.108695 0.000004
18:55:13 26.052631 26.184210 25.684210 24.763157 27.567568 27.236841 1.108695 0.000004
18:55:13 26.052631 26.184210 25.684210 24.763157 27.567568 27.236841 1.108695 0.000004
18:55:14 26.052631 26.184210 25.710526 24.763157 27.567568 27.236841 1.108695 0.000004
18:55:14 26.052631 26.184210 25.710526 24.763157 27.567568 27.236841 1.130433 0.000004
18:55:14 26.052631 26.184210 25.710526 24.763157 27.567568 27.236841 1.130433 0.000004
18:55:14 26.052631 26.184210 25.710526 24.763157 27.567568 27.236841 1.130433 0.000004
18:55:14 26.052631 26.184210 25.710526 24.763157 27.567568 27.236841 1.130433 0.000004
18:55:15 26.052631 26.184210 25.684210 24.763157 27.567568 27.236841 1.130433 0.000004
18:55:15 26.052631 26.184210 25.684210 24.763157 27.567568 27.236841 1.108695 0.000004
18:55:15 26.052631 26.184210 25.684210 24.763157 27.567568 27.236841 1.108695 0.000004
18:55:15 26.052631 26.184210 25.684210 24.763157 27.567568 27.236841 1.108695 0.000004
18:55:15 26.052631 26.184210 25.684210 24.763157 27.567568 27.236841 1.108695 0.000004
18:55:16 26.052631 26.184210 25.684210 24.763157 27.567568 27.236841 1.108695 0.000004
18:55:16 26.052631 26.184210 25.684210 24.763157 27.567568 27.236841 1.108695 0.000004
18:55:16 26.052631 26.184210 25.684210 24.763157 27.567568 27.236841 1.108695 0.000004
18:55:16 26.052631 26.184210 25.684210 24.763157 27.567568 27.236841 1.108695 0.000004
18:55:16 26.052631 26.184210 25.684210 24.763157 27.567568 27.236841 1.108695 0.000004
18:55:17 26.052631 26.184210 25.684210 24.763157 27.567568 27.236841 1.108695 0.000004
18:55:17 26.052631 26.184210 25.684210 24.763157 27.567568 27.236841 1.108695 0.000004
18:55:17 26.052631 26.184210 25.684210 24.763157 27.567568 27.236841 1.108695 0.000004
18:55:17 26.052631 26.184210 25.684210 24.763157 27.567568 27.236841 1.108695 0.000004
18:55:17 26.052631 26.184210 25.684210 24.763157 27.567568 27.236841 1.108695 0.000004
18:55:18 26.052631 26.184210 25.684210 24.763157 27.567568 27.236841 1.108695 0.000004
18:55:18 26.052631 26.184210 25.684210 24.763157 27.567568 27.236841 1.108695 0.000004
18:55:18 26.052631 26.184210 25.684210 24.763157 27.567568 27.236841 1.108695 0.000004
18:55:18 26.052631 26.184210 25.684210 24.763157 27.567568 27.236841 1.108695 0.000004
18:55:18 26.052631 26.184210 25.684210 24.763157 27.567568 27.236841 1.108695 0.000004
18:55:19 26.052631 26.184210 25.684210 24.763157 27.567568 27.236841 1.108695 0.000004
18:55:19 26.052631 26.184210 25.684210 24.763157 27.567568 27.236841 1.108695 0.000004
18:55:19 26.052631 26.184210 25.684210 24.763157 27.567568 27.236841 1.108695 0.000004
18:55:19 26.052631 26.184210 25.684210 24.763157 27.567568 27.236841 1.108695 0.000004
18:55:19 26.052631 26.184210 25.684210 24.763157 27.567568 27.236841 1.108695 0.000004
18:55:20 26.052631 26.184210 25.684210 24.763157 27.567568 27.236841 1.108695 0.000004
18:55:20 26.052631 26.184210 25.684210 24.763157 27.567568 27.236841 1.108695 0.000004
18:55:20 26.052631 26.184210 25.684210 24.763157 27.567568 27.236841 1.108695 0.000004
18:55:20 26.052631 26.184210 25.684210 24.763157 27.567568 27.236841 1.108695 0.000004
18:55:20 26.052631 26.184210 25.684210 24.763157 27.567568 27.236841 1.108695 0.000004
18:55:21 26.052631 26.184210 25.684210 24.763157 27.567568 27.236841 1.108695 0.000004
18:55:21 26.052631 26.184210 25.684210 24.763157 27.567568 27.236841 1.108695 0.000004
18:55:21 26.052631 26.184210 25.684210 24.763157 27.567568 27.236841 1.108695 0.000004
18:55:21 26.052631 26.184210 25.684210 24.763157 27.567568 27.236841 1.108695 0.000004
18:55:21 26.052631 26.184210 25.684210 24.763157 27.567568 27.236841 1.108695 0.000004
18:55:22 26.052631 26.184210 25.684210 24.763157 27.567568 27.236841 1.130433 0.000004
18:55:22 26.052631 26.184210 25.684210 24.763157 27.567568 27.236841 1.130433 0.000004
18:55:22 26.052631 26.184210 25.684210 24.763157 27.567568 27.236841 1.130433 0.000004
18:55:22 26.052631 26.184210 25.710526 24.763157 27.567568 27.236841 1.130433 0.000004
18:55:22 26.052631 26.184210 25.710526 24.763157 27.567568 27.236841 1.130433 0.000004
18:55:23 26.052631 26.184210 25.710526 24.763157 27.567568 27.236841 1.108695 0.000004
18:55:23 26.052631 26.184210 25.710526 24.763157 27.567568 27.236841 1.108695 0.000004
18:55:23 26.052631 26.184210 25.710526 24.763157 27.567568 27.236841 1.108695 0.000004
18:55:23 26.052631 26.184210 25.710526 24.763157 27.567568 27.236841 1.108695 0.000004
18:55:23 26.052631 26.184210 25.710526 24.763157 27.567568 27.236841 1.130433 0.000004
18:55:24 26.052631 26.184210 25.710526 24.763157 27.567568 27.236841 1.130433 0.000004
18:55:24 26.052631 26.184210 25.710526 24.763157 27.567568 27.236841 1.130433 0.000004
18:55:24 26.052631 26.184210 25.710526 24.763157 27.567568 27.236841 1.130433 0.000004
18:55:24 26.052631 26.184210 25.710526 24.763157 27.567568 27.236841 1.130433 0.000004
18:55:24 26.052631 26.184210 25.710526 24.763157 27.567568 27.236841 1.173908 0.000004
18:55:25 26.052631 26.184210 25.710526 24.763157 27.567568 27.236841 1.173908 0.000004
18:55:25 26.052631 26.184210 25.710526 24.763157 27.567568 27.236841 1.173908 0.000004
18:55:25 26.052631 26.184210 25.710526 24.763157 27.567568 27.236841 1.173908 0.000004
18:55:25 26.052631 26.184210 25.710526 24.763157 27.567568 27.236841 1.173908 0.000004
18:55:25 26.052631 26.184210 25.710526 24.763157 27.567568 27.236841 1.217394 0.000004
18:55:26 26.052631 26.184210 25.710526 24.763157 27.567568 27.236841 1.217394 0.000004
18:55:26 26.052631 26.184210 25.710526 24.763157 27.567568 27.236841 1.217394 0.000004
18:55:26 26.052631 26.184210 25.710526 24.763157 27.567568 27.236841 1.217394 0.000004
18:55:26 26.052631 26.184210 25.710526 24.763157 27.567568 27.236841 1.217394 0.000004
18:55:26 26.052631 26.184210 25.710526 24.763157 27.567568 27.236841 1.282606 0.000004
18:55:27 26.052631 26.184210 25.710526 24.763157 27.567568 27.236841 1.282606 0.000004
18:55:27 26.052631 26.184210 25.710526 24.763157 27.567568 27.236841 1.282606 0.000004
18:55:27 26.052631 26.184210 25.710526 24.763157 27.567568 27.236841 1.282606 0.000004
18:55:27 26.052631 26.184210 25.710526 24.763157 27.567568 27.236841 1.369567 0.000004
18:55:28 26.052631 26.184210 25.710526 24.763157 27.567568 27.236841 1.369567 0.000004
18:55:28 26.052631 26.184210 25.710526 24.763157 27.567568 27.236841 1.369567 0.000004
18:55:28 26.052631 26.184210 25.710526 24.763157 27.567568 27.236841 1.369567 0.000004
18:55:28 26.052631 26.184210 25.710526 24.763157 27.567568 27.236841 1.369567 0.000004
18:55:28 26.052631 26.184210 25.710526 24.763157 27.567568 27.236841 1.304344 0.000004
18:55:29 26.052631 26.184210 25.710526 24.763157 27.567568 27.236841 1.304344 0.000004
18:55:29 26.052631 26.184210 25.710526 24.763157 27.567568 27.236841 1.304344 0.000004
18:55:29 26.052631 26.184210 25.710526 24.763157 27.567568 27.236841 1.304344 0.000004
18:55:29 26.052631 26.184210 25.710526 24.763157 27.567568 27.236841 1.239131 0.000004
18:55:29 26.052631 26.184210 25.710526 24.763157 27.567568 27.236841 1.239131 0.000004
18:55:30 26.052631 26.184210 25.710526 24.763157 27.567568 27.236841 1.239131 0.000004
18:55:30 26.052631 26.184210 25.710526 24.763157 27.567568 27.236841 1.239131 0.000004
18:55:30 26.052631 26.184210 25.710526 24.763157 27.567568 27.236841 1.239131 0.000004
18:55:30 26.052631 26.184210 25.710526 24.763157 27.567568 27.236841 1.173908 0.000004
18:55:30 26.052631 26.184210 25.710526 24.763157 27.567568 27.236841 1.173908 0.000004
18:55:31 26.052631 26.184210 25.710526 24.763157 27.567568 27.236841 1.173908 0.000004
18:55:31 26.052631 26.184210 25.710526 24.763157 27.567568 27.236841 1.173908 0.000004
18:55:31 26.052631 26.184210 25.710526 24.763157 27.567568 27.236841 1.173908 0.000004
18:55:31 26.052631 26.184210 25.710526 24.763157 27.567568 27.236841 1.130433 0.000004
18:55:31 26.052631 26.184210 25.710526 24.763157 27.567568 27.236841 1.130433 0.000004
18:55:32 26.052631 26.184210 25.710526 24.763157 27.567568 27.236841 1.130433 0.000004
18:55:32 26.052631 26.184210 25.710526 24.763157 27.567568 27.236841 1.130433 0.000004
18:55:32 26.052631 26.184210 25.710526 24.763157 27.567568 27.236841 1.130433 0.000004
18:55:32 26.052631 26.184210 25.710526 24.763157 27.567568 27.236841 1.108695 0.000004
18:55:32 26.052631 26.184210 25.710526 24.763157 27.567568 27.236841 1.108695 0.000004
18:55:33 26.052631 26.184210 25.710526 24.763157 27.567568 27.236841 1.108695 0.000004
18:55:33 26.052631 26.184210 25.710526 24.763157 27.567568 27.236841 1.108695 0.000004
18:55:33 26.052631 26.184210 25.710526 24.763157 27.567568 27.236841 1.108695 0.000004
18:55:33 26.052631 26.184210 25.710526 24.763157 27.567568 27.236841 1.108695 0.000004
18:55:33 26.052631 26.184210 25.710526 24.763157 27.567568 27.236841 1.108695 0.000004
18:55:34 26.052631 26.184210 25.710526 24.763157 27.567568 27.236841 1.108695 0.000004
18:55:34 26.052631 26.184210 25.710526 24.763157 27.567568 27.236841 1.108695 0.000004
18:55:34 26.052631 26.184210 25.710526 24.763157 27.567568 27.236841 1.108695 0.000004
18:55:34 26.052631 26.184210 25.710526 24.763157 27.567568 27.236841 1.086958 0.000004
18:55:34 26.052631 26.184210 25.710526 24.763157 27.567568 27.236841 1.086958 0.000004
18:55:35 26.052631 26.184210 25.710526 24.763157 27.567568 27.236841 1.086958 0.000004
18:55:35 26.052631 26.184210 25.710526 24.763157 27.567568 27.236841 1.086958 0.000004
18:55:35 26.052631 26.184210 25.710526 24.763157 27.567568 27.236841 1.086958 0.000004
18:55:35 26.052631 26.184210 25.710526 24.763157 27.567568 27.236841 1.086958 0.000004
18:55:35 26.052631 26.184210 25.710526 24.763157 27.567568 27.236841 1.086958 0.000004
18:55:36 26.052631 26.184210 25.710526 24.763157 27.567568 27.236841 1.086958 0.000004
18:55:36 26.052631 26.184210 25.710526 24.763157 27.567568 27.236841 1.086958 0.000004
18:55:36 26.052631 26.184210 25.710526 24.763157 27.567568 27.236841 1.086958 0.000004
18:55:36 26.052631 26.184210 25.710526 24.763157 27.567568 27.236841 1.086958 0.000004
18:55:36 26.052631 26.184210 25.710526 24.763157 27.567568 27.236841 1.086958 0.000004
18:55:37 26.052631 26.184210 25.710526 24.763157 27.567568 27.236841 1.086958 0.000004
18:55:37 26.052631 26.184210 25.710526 24.763157 27.567568 27.236841 1.086958 0.000004
18:55:37 26.052631 26.184210 25.710526 24.763157 27.567568 27.236841 1.086958 0.000004
18:55:37 26.052631 26.184210 25.710526 24.763157 27.567568 27.236841 1.086958 0.000004
18:55:37 26.052631 26.184210 25.710526 24.763157 27.567568 27.236841 1.086958 0.000004
18:55:38 26.052631 26.184210 25.710526 24.763157 27.567568 27.236841 1.086958 0.000004
18:55:38 26.052631 26.184210 25.710526 24.763157 27.567568 27.236841 1.086958 0.000004
18:55:38 26.052631 26.184210 25.710526 24.763157 27.567568 27.236841 1.086958 0.000004
18:55:38 26.052631 26.184210 25.710526 24.763157 27.567568 27.236841 1.086958 0.000004
18:55:38 26.052631 26.184210 25.710526 24.763157 27.567568 27.236841 1.086958 0.000004
18:55:39 26.052631 26.184210 25.710526 24.763157 27.567568 27.236841 1.086958 0.000004
18:55:39 26.052631 26.184210 25.710526 24.763157 27.567568 27.236841 1.086958 0.000004
18:55:39 26.052631 26.184210 25.710526 24.763157 27.567568 27.236841 1.086958 0.000004
18:55:39 26.052631 26.184210 25.710526 24.763157 27.567568 27.236841 1.086958 0.000004
18:55:39 26.052631 26.184210 25.710526 24.763157 27.567568 27.236841 1.086958 0.000004
18:55:40 26.052631 26.184210 25.710526 24.763157 27.567568 27.236841 1.086958 0.000004
18:55:40 26.052631 26.184210 25.710526 24.763157 27.567568 27.236841 1.086958 0.000004
18:55:40 26.052631 26.184210 25.710526 24.763157 27.567568 27.236841 1.086958 0.000004
18:55:40 26.052631 26.184210 25.710526 24.763157 27.567568 27.236841 1.086958 0.000004
18:55:40 26.052631 26.184210 25.710526 24.763157 27.567568 27.236841 1.086958 0.000004
18:55:41 26.052631 26.184210 25.710526 24.763157 27.567568 27.236841 1.086958 0.000004
18:55:41 26.052631 26.184210 25.710526 24.763157 27.567568 27.236841 1.086958 0.000004
18:55:41 26.052631 26.184210 25.710526 24.763157 27.567568 27.236841 1.086958 0.000004
18:55:41 26.052631 26.184210 25.710526 24.763157 27.567568 27.236841 1.086958 0.000004
18:55:41 26.052631 26.184210 25.710526 24.763157 27.567568 27.236841 1.086958 0.000004
18:55:42 26.052631 26.184210 25.710526 24.763157 27.567568 27.236841 1.086958 0.000004
18:55:42 26.052631 26.184210 25.710526 24.763157 27.567568 27.236841 1.086958 0.000004
18:55:42 26.052631 26.184210 25.710526 24.763157 27.567568 27.236841 1.086958 0.000004
18:55:42 26.052631 26.184210 25.710526 24.763157 27.567568 27.236841 1.086958 0.000004
18:55:42 26.052631 26.184210 25.710526 24.763157 27.567568 27.236841 1.086958 0.000004
18:55:43 26.052631 26.184210 25.710526 24.763157 27.567568 27.236841 1.086958 0.000004
18:55:43 26.052631 26.184210 25.710526 24.763157 27.567568 27.236841 1.108695 0.000004
18:55:43 26.052631 26.184210 25.710526 24.763157 27.567568 27.236841 1.108695 0.000004
18:55:43 26.052631 26.184210 25.710526 24.763157 27.567568 27.236841 1.108695 0.000004
18:55:43 26.052631 26.184210 25.710526 24.763157 27.567568 27.236841 1.108695 0.000004
18:55:44 26.052631 26.184210 25.710526 24.763157 27.567568 27.236841 1.108695 0.000004
18:55:44 26.052631 26.184210 25.710526 24.763157 27.567568 27.236841 1.108695 0.000004
18:55:44 26.052631 26.184210 25.710526 24.763157 27.567568 27.236841 1.108695 0.000004
18:55:44 26.052631 26.184210 25.710526 24.763157 27.567568 27.236841 1.108695 0.000004
18:55:44 26.052631 26.184210 25.710526 24.763157 27.567568 27.236841 1.108695 0.000004
18:55:45 26.052631 26.184210 25.710526 24.763157 27.567568 27.236841 1.108695 0.000004
18:55:45 26.052631 26.184210 25.710526 24.763157 27.567568 27.236841 1.108695 0.000004
18:55:45 26.052631 26.184210 25.710526 24.763157 27.567568 27.236841 1.108695 0.000004
18:55:45 26.052631 26.184210 25.710526 24.763157 27.567568 27.236841 1.108695 0.000004
18:55:45 26.052631 26.184210 25.710526 24.763157 27.567568 27.236841 1.108695 0.000004
18:55:46 26.052631 26.184210 25.710526 24.763157 27.567568 27.236841 1.108695 0.000004
18:55:46 26.052631 26.184210 25.710526 24.763157 27.567568 27.236841 1.108695 0.000004
18:55:46 26.052631 26.184210 25.710526 24.763157 27.567568 27.236841 1.108695 0.000004
18:55:46 26.052631 26.184210 25.710526 24.763157 27.567568 27.236841 1.108695 0.000004
18:55:46 26.052631 26.184210 25.710526 24.763157 27.567568 27.236841 1.108695 0.000004
18:55:47 26.052631 26.184210 25.710526 24.763157 27.567568 27.236841 1.108695 0.000004
18:55:47 26.052631 26.184210 25.710526 24.763157 27.567568 27.236841 1.108695 0.000004
18:55:47 26.052631 26.184210 25.710526 24.763157 27.567568 27.236841 1.108695 0.000004
18:55:47 26.052631 26.184210 25.710526 24.763157 27.567568 27.236841 1.108695 0.000004
18:55:47 26.052631 26.184210 25.710526 24.763157 27.567568 27.236841 1.108695 0.000004
18:55:48 26.052631 26.184210 25.710526 24.763157 27.567568 27.236841 1.108695 0.000004
18:55:48 26.052631 26.184210 25.710526 24.763157 27.567568 27.236841 1.108695 0.000004
18:55:48 26.052631 26.184210 25.710526 24.763157 27.567568 27.236841 1.108695 0.000004
18:55:48 26.052631 26.184210 25.710526 24.763157 27.567568 27.236841 1.108695 0.000004
18:55:48 26.052631 26.184210 25.710526 24.763157 27.567568 27.236841 1.108695 0.000004
18:55:49 26.052631 26.184210 25.710526 24.763157 27.567568 27.236841 1.108695 0.000004
18:55:49 26.052631 26.184210 25.710526 24.763157 27.567568 27.236841 1.108695 0.000004
18:55:49 26.052631 26.184210 25.710526 24.763157 27.567568 27.236841 1.108695 0.000004
18:55:49 26.052631 26.184210 25.710526 24.763157 27.567568 27.236841 1.108695 0.000004
18:55:49 26.052631 26.184210 25.710526 24.763157 27.567568 27.236841 1.108695 0.000004
18:55:50 26.052631 26.184210 25.710526 24.763157 27.567568 27.236841 1.108695 0.000004
18:55:50 26.052631 26.184210 25.710526 24.763157 27.567568 27.236841 1.108695 0.000004
18:55:50 26.052631 26.184210 25.710526 24.763157 27.567568 27.236841 1.108695 0.000004
18:55:50 26.052631 26.184210 25.710526 24.763157 27.567568 27.236841 1.108695 0.000004
18:55:50 26.052631 26.184210 25.710526 24.763157 27.567568 27.236841 1.108695 0.000004
18:55:51 26.052631 26.184210 25.710526 24.763157 27.567568 27.236841 1.108695 0.000004
18:55:51 26.052631 26.184210 25.710526 24.763157 27.567568 27.236841 1.108695 0.000004
18:55:51 26.052631 26.184210 25.710526 24.763157 27.567568 27.236841 1.108695 0.000004
18:55:51 26.052631 26.184210 25.710526 24.763157 27.567568 27.236841 1.108695 0.000004
18:55:51 26.052631 26.184210 25.710526 24.763157 27.567568 27.236841 1.108695 0.000004
18:55:52 26.052631 26.184210 25.710526 24.763157 27.567568 27.236841 1.108695 0.000004
18:55:52 26.052631 26.184210 25.710526 24.763157 27.567568 27.236841 1.108695 0.000004
18:55:52 26.052631 26.184210 25.710526 24.763157 27.567568 27.236841 1.108695 0.000004
18:55:52 26.052631 26.184210 25.710526 24.763157 27.567568 27.236841 1.108695 0.000004
18:55:52 26.052631 26.184210 25.710526 24.763157 27.567568 27.236841 1.108695 0.000004
18:55:53 26.052631 26.184210 25.710526 24.763157 27.567568 27.236841 1.108695 0.000004
18:55:53 26.052631 26.184210 25.710526 24.763157 27.567568 27.236841 1.108695 0.000004
18:55:53 26.052631 26.184210 25.710526 24.763157 27.567568 27.236841 1.108695 0.000004
18:55:53 26.052631 26.184210 25.710526 24.763157 27.567568 27.236841 1.108695 0.000004
18:55:53 26.052631 26.184210 25.710526 24.763157 27.567568 27.236841 1.108695 0.000004
18:55:54 26.052631 26.184210 25.710526 24.763157 27.567568 27.236841 1.108695 0.000004
18:55:54 26.052631 26.184210 25.710526 24.763157 27.567568 27.236841 1.108695 0.000004
18:55:54 26.052631 26.184210 25.710526 24.763157 27.567568 27.236841 1.108695 0.000004
18:55:54 26.052631 26.184210 25.710526 24.763157 27.567568 27.236841 1.108695 0.000004
18:55:54 26.052631 26.184210 25.710526 24.763157 27.567568 27.236841 1.130433 0.000004
18:55:55 26.052631 26.184210 25.710526 24.763157 27.567568 27.236841 1.130433 0.000004
18:55:55 26.052631 26.184210 25.710526 24.763157 27.567568 27.236841 1.130433 0.000004
18:55:55 26.052631 26.184210 25.710526 24.763157 27.567568 27.236841 1.130433 0.000004
18:55:55 26.052631 26.184210 25.710526 24.763157 27.567568 27.236841 1.130433 0.000004
18:55:55 26.052631 26.184210 25.710526 24.763157 27.567568 27.236841 1.130433 0.000004
18:55:56 26.052631 26.184210 25.710526 24.763157 27.567568 27.236841 1.130433 0.000004
18:55:56 26.052631 26.184210 25.710526 24.763157 27.567568 27.236841 1.130433 0.000004
18:55:56 26.052631 26.184210 25.710526 24.763157 27.567568 27.236841 1.130433 0.000004
18:55:56 26.052631 26.184210 25.710526 24.763157 27.567568 27.236841 1.130433 0.000004
18:55:56 26.052631 26.184210 25.710526 24.763157 27.567568 27.236841 1.173908 0.000004
18:55:57 26.052631 26.184210 25.710526 24.763157 27.567568 27.236841 1.173908 0.000004
18:55:57 26.052631 26.184210 25.710526 24.763157 27.567568 27.236841 1.173908 0.000004
18:55:57 26.052631 26.184210 25.710526 24.763157 27.567568 27.236841 1.173908 0.000004
18:55:57 26.052631 26.184210 25.710526 24.763157 27.567568 27.236841 1.173908 0.000004
18:55:57 26.052631 26.184210 25.710526 24.763157 27.567568 27.236841 1.239131 0.000004
18:55:58 26.052631 26.184210 25.710526 24.763157 27.567568 27.236841 1.239131 0.000004
18:55:58 26.052631 26.184210 25.710526 24.763157 27.567568 27.236841 1.239131 0.000004
18:55:58 26.052631 26.184210 25.710526 24.763157 27.567568 27.236841 1.239131 0.000004
18:55:58 26.052631 26.184210 25.710526 24.763157 27.567568 27.236841 1.239131 0.000004
18:55:58 26.052631 26.184210 25.710526 24.763157 27.567568 27.236841 1.282606 0.000004
18:55:59 26.052631 26.184210 25.710526 24.763157 27.567568 27.236841 1.282606 0.000004
18:55:59 26.052631 26.184210 25.710526 24.763157 27.567568 27.236841 1.282606 0.000004
18:55:59 26.052631 26.184210 25.710526 24.763157 27.567568 27.236841 1.282606 0.000004
18:55:59 26.052631 26.184210 25.710526 24.763157 27.567568 27.236841 1.282606 0.000004
18:55:59 26.052631 26.184210 25.710526 24.763157 27.567568 27.236841 1.326092 0.000004
18:56:00 26.052631 26.184210 25.710526 24.763157 27.567568 27.236841 1.326092 0.000004
18:56:00 26.052631 26.184210 25.710526 24.763157 27.567568 27.236841 1.326092 0.000004
18:56:00 26.052631 26.184210 25.710526 24.763157 27.567568 27.236841 1.326092 0.000004
18:56:00 26.052631 26.184210 25.710526 24.763157 27.567568 27.236841 1.326092 0.000004
18:56:00 26.052631 26.184210 25.710526 24.763157 27.567568 27.236841 1.282606 0.000004
18:56:01 26.052631 26.184210 25.710526 24.763157 27.567568 27.236841 1.282606 0.000004
18:56:01 26.052631 26.184210 25.710526 24.763157 27.567568 27.236841 1.282606 0.000004
18:56:01 26.052631 26.184210 25.710526 24.763157 27.567568 27.236841 1.282606 0.000004
18:56:01 26.052631 26.184210 25.710526 24.763157 27.567568 27.236841 1.217394 0.000004
18:56:01 26.052631 26.184210 25.710526 24.763157 27.567568 27.236841 1.217394 0.000004
18:56:02 26.052631 26.184210 25.710526 24.763157 27.567568 27.236841 1.217394 0.000004
18:56:02 26.052631 26.184210 25.710526 24.763157 27.567568 27.236841 1.217394 0.000004
18:56:02 26.052631 26.184210 25.710526 24.763157 27.567568 27.236841 1.217394 0.000004
18:56:02 26.052631 26.184210 25.710526 24.763157 27.567568 27.236841 1.152171 0.000004
18:56:02 26.052631 26.184210 25.710526 24.763157 27.567568 27.236841 1.152171 0.000004
18:56:03 26.052631 26.184210 25.710526 24.763157 27.567568 27.236841 1.152171 0.000004
18:56:03 26.052631 26.184210 25.710526 24.763157 27.567568 27.236841 1.152171 0.000004
18:56:03 26.052631 26.184210 25.710526 24.763157 27.567568 27.236841 1.152171 0.000004
18:56:03 26.052631 26.184210 25.710526 24.763157 27.567568 27.236841 1.130433 0.000004
18:56:03 26.052631 26.184210 25.710526 24.763157 27.567568 27.236841 1.130433 0.000004
18:56:04 26.052631 26.184210 25.710526 24.763157 27.567568 27.236841 1.130433 0.000004
18:56:04 26.052631 26.184210 25.710526 24.763157 27.567568 27.236841 1.130433 0.000004
18:56:04 26.052631 26.184210 25.710526 24.763157 27.567568 27.236841 1.130433 0.000004
18:56:04 26.052631 26.184210 25.710526 24.763157 27.567568 27.236841 1.108695 0.000004
18:56:04 26.052631 26.184210 25.710526 24.763157 27.567568 27.236841 1.108695 0.000004
18:56:05 26.052631 26.184210 25.710526 24.763157 27.567568 27.236841 1.108695 0.000004
18:56:05 26.052631 26.184210 25.710526 24.763157 27.567568 27.236841 1.108695 0.000004
18:56:05 26.052631 26.184210 25.710526 24.763157 27.567568 27.236841 1.108695 0.000004
18:56:05 26.052631 26.184210 25.710526 24.763157 27.567568 27.236841 1.108695 0.000004
18:56:05 26.052631 26.184210 25.710526 24.763157 27.567568 27.236841 1.108695 0.000004
18:56:06 26.052631 26.184210 25.710526 24.763157 27.567568 27.236841 1.108695 0.000004
18:56:06 26.052631 26.184210 25.710526 24.763157 27.567568 27.236841 1.108695 0.000004
18:56:06 26.052631 26.184210 25.710526 24.763157 27.567568 27.236841 1.108695 0.000004
18:56:06 26.052631 26.184210 25.710526 24.763157 27.567568 27.236841 1.086958 0.000004
18:56:06 26.052631 26.184210 25.710526 24.763157 27.567568 27.236841 1.086958 0.000004
18:56:07 26.052631 26.184210 25.710526 24.763157 27.567568 27.236841 1.086958 0.000004
18:56:07 26.052631 26.184210 25.710526 24.763157 27.567568 27.236841 1.086958 0.000004
18:56:07 26.052631 26.184210 25.710526 24.763157 27.567568 27.236841 1.086958 0.000004
18:56:07 26.052631 26.184210 25.710526 24.763157 27.567568 27.236841 1.086958 0.000004
18:56:07 26.052631 26.184210 25.710526 24.763157 27.567568 27.236841 1.086958 0.000004
18:56:08 26.052631 26.184210 25.710526 24.763157 27.567568 27.236841 1.086958 0.000004
18:56:08 26.052631 26.184210 25.710526 24.763157 27.567568 27.236841 1.086958 0.000004
18:56:08 26.052631 26.184210 25.710526 24.763157 27.567568 27.236841 1.086958 0.000004
18:56:08 26.052631 26.184210 25.710526 24.763157 27.567568 27.236841 1.086958 0.000004
18:56:08 26.052631 26.184210 25.710526 24.763157 27.567568 27.236841 1.086958 0.000004
18:56:09 26.052631 26.184210 25.710526 24.763157 27.567568 27.236841 1.086958 0.000004
18:56:09 26.052631 26.184210 25.710526 24.763157 27.567568 27.236841 1.086958 0.000004
18:56:09 26.052631 26.184210 25.710526 24.763157 27.567568 27.236841 1.108695 0.000004
18:56:09 26.052631 26.184210 25.710526 24.763157 27.567568 27.236841 1.108695 0.000004
18:56:09 26.052631 26.184210 25.710526 24.763157 27.567568 27.236841 1.108695 0.000004
18:56:10 26.052631 26.184210 25.710526 24.763157 27.567568 27.236841 1.108695 0.000004
18:56:10 26.052631 26.184210 25.710526 24.763157 27.567568 27.236841 1.108695 0.000004
18:56:10 26.052631 26.184210 25.710526 24.763157 27.567568 27.236841 1.086958 0.000004
18:56:10 26.052631 26.184210 25.710526 24.763157 27.567568 27.236841 1.086958 0.000004
18:56:10 26.052631 26.184210 25.710526 24.763157 27.567568 27.236841 1.086958 0.000004
18:56:11 26.052631 26.184210 25.710526 24.763157 27.567568 27.236841 1.086958 0.000004
18:56:11 26.052631 26.184210 25.710526 24.763157 27.567568 27.236841 1.086958 0.000004
18:56:11 26.052631 26.184210 25.710526 24.763157 27.567568 27.236841 1.086958 0.000004
18:56:11 26.052631 26.184210 25.710526 24.763157 27.567568 27.236841 1.086958 0.000004
18:56:11 26.052631 26.184210 25.710526 24.763157 27.567568 27.236841 1.086958 0.000004
18:56:12 26.052631 26.184210 25.710526 24.763157 27.567568 27.236841 1.086958 0.000004
18:56:12 26.052631 26.184210 25.710526 24.763157 27.567568 27.236841 1.086958 0.000004
18:56:12 26.052631 26.184210 25.710526 24.763157 27.567568 27.236841 1.086958 0.000004
18:56:12 26.052631 26.184210 25.710526 24.763157 27.567568 27.236841 1.086958 0.000004
18:56:12 26.052631 26.184210 25.710526 24.763157 27.567568 27.236841 1.086958 0.000004
18:56:13 26.052631 26.184210 25.710526 24.763157 27.567568 27.236841 1.086958 0.000004
18:56:13 26.052631 26.184210 25.710526 24.763157 27.567568 27.236841 1.086958 0.000004
18:56:13 26.052631 26.184210 25.710526 24.763157 27.567568 27.236841 1.086958 0.000004
18:56:13 26.052631 26.184210 25.710526 24.763157 27.567568 27.236841 1.086958 0.000004
18:56:13 26.052631 26.184210 25.710526 24.763157 27.567568 27.236841 1.086958 0.000004
18:56:14 26.052631 26.184210 25.710526 24.763157 27.567568 27.236841 1.086958 0.000004
18:56:14 26.052631 26.184210 25.710526 24.763157 27.567568 27.236841 1.086958 0.000004
18:56:14 26.052631 26.184210 25.710526 24.763157 27.567568 27.236841 1.086958 0.000004
18:56:14 26.052631 26.184210 25.710526 24.763157 27.567568 27.236841 1.086958 0.000004
18:56:14 26.052631 26.184210 25.710526 24.763157 27.567568 27.236841 1.086958 0.000004
18:56:15 26.052631 26.184210 25.710526 24.763157 27.567568 27.236841 1.086958 0.000004
18:56:15 26.052631 26.184210 25.710526 24.763157 27.567568 27.236841 1.108695 0.000004
18:56:15 26.052631 26.184210 25.710526 24.763157 27.567568 27.236841 1.108695 0.000004
18:56:15 26.052631 26.184210 25.710526 24.763157 27.567568 27.236841 1.108695 0.000004
18:56:15 26.052631 26.184210 25.710526 24.763157 27.567568 27.236841 1.108695 0.000004
18:56:16 26.052631 26.184210 25.710526 24.763157 27.567568 27.236841 1.108695 0.000004
18:56:16 26.052631 26.184210 25.710526 24.763157 27.567568 27.236841 1.108695 0.000004
18:56:16 26.052631 26.184210 25.710526 24.763157 27.567568 27.236841 1.108695 0.000004
18:56:16 26.052631 26.184210 25.710526 24.763157 27.567568 27.236841 1.108695 0.000004
18:56:16 26.052631 26.184210 25.710526 24.763157 27.567568 27.236841 1.108695 0.000004
18:56:17 26.052631 26.184210 25.710526 24.763157 27.567568 27.236841 1.108695 0.000004
18:56:17 26.052631 26.184210 25.710526 24.763157 27.567568 27.236841 1.108695 0.000004
18:56:17 26.052631 26.184210 25.710526 24.763157 27.567568 27.236841 1.108695 0.000004
18:56:17 26.052631 26.184210 25.710526 24.763157 27.567568 27.236841 1.108695 0.000004
18:56:17 26.052631 26.184210 25.710526 24.763157 27.567568 27.236841 1.108695 0.000004
18:56:18 26.052631 26.184210 25.710526 24.763157 27.567568 27.236841 1.108695 0.000004
18:56:18 26.052631 26.184210 25.710526 24.763157 27.567568 27.236841 1.108695 0.000004
18:56:18 26.052631 26.184210 25.710526 24.763157 27.567568 27.236841 1.108695 0.000004
18:56:18 26.052631 26.184210 25.710526 24.763157 27.567568 27.236841 1.108695 0.000004
18:56:18 26.052631 26.184210 25.710526 24.763157 27.567568 27.236841 1.108695 0.000004
18:56:19 26.052631 26.184210 25.710526 24.763157 27.567568 27.236841 1.108695 0.000004
18:56:19 26.052631 26.184210 25.710526 24.763157 27.567568 27.236841 1.108695 0.000004
18:56:19 26.052631 26.184210 25.710526 24.763157 27.567568 27.236841 1.108695 0.000004
18:56:19 26.052631 26.184210 25.710526 24.763157 27.567568 27.236841 1.108695 0.000004
18:56:19 26.052631 26.184210 25.710526 24.763157 27.567568 27.236841 1.108695 0.000004
18:56:20 26.052631 26.184210 25.710526 24.763157 27.567568 27.236841 1.108695 0.000004
18:56:20 26.052631 26.184210 25.710526 24.763157 27.567568 27.236841 1.108695 0.000004
18:56:20 26.052631 26.184210 25.710526 24.763157 27.567568 27.236841 1.108695 0.000004
18:56:20 26.052631 26.184210 25.710526 24.763157 27.567568 27.236841 1.108695 0.000004
18:56:20 26.052631 26.184210 25.710526 24.763157 27.567568 27.236841 1.108695 0.000004
18:56:21 26.052631 26.184210 25.710526 24.763157 27.567568 27.236841 1.108695 0.000004
18:56:21 26.052631 26.184210 25.710526 24.763157 27.567568 27.236841 1.108695 0.000004
18:56:21 26.052631 26.184210 25.710526 24.763157 27.567568 27.236841 1.108695 0.000004
18:56:21 26.052631 26.184210 25.710526 24.763157 27.567568 27.236841 1.108695 0.000004
18:56:21 26.052631 26.184210 25.710526 24.763157 27.567568 27.236841 1.108695 0.000004
18:56:22 26.052631 26.184210 25.710526 24.763157 27.567568 27.236841 1.108695 0.000004
18:56:22 26.052631 26.184210 25.710526 24.763157 27.567568 27.236841 1.108695 0.000004
18:56:22 26.052631 26.184210 25.710526 24.763157 27.567568 27.236841 1.108695 0.000004
18:56:22 26.052631 26.184210 25.710526 24.763157 27.567568 27.236841 1.108695 0.000004
18:56:22 26.052631 26.184210 25.684210 24.763157 27.567568 27.236841 1.108695 0.000004
18:56:23 26.052631 26.184210 25.684210 24.763157 27.567568 27.236841 1.108695 0.000004
18:56:23 26.052631 26.184210 25.684210 24.763157 27.567568 27.236841 1.108695 0.000004
18:56:23 26.052631 26.184210 25.684210 24.763157 27.567568 27.236841 1.108695 0.000004
18:56:23 26.052631 26.184210 25.684210 24.763157 27.567568 27.236841 1.108695 0.000004
18:56:23 26.052631 26.184210 25.684210 24.763157 27.567568 27.236841 1.108695 0.000004
18:56:24 26.052631 26.184210 25.684210 24.763157 27.567568 27.236841 1.108695 0.000004
18:56:24 26.052631 26.184210 25.684210 24.763157 27.567568 27.236841 1.108695 0.000004
18:56:24 26.052631 26.184210 25.684210 24.763157 27.567568 27.236841 1.108695 0.000004
18:56:24 26.052631 26.184210 25.684210 24.763157 27.567568 27.236841 1.108695 0.000004
18:56:24 26.052631 26.184210 25.684210 24.763157 27.567568 27.236841 1.108695 0.000004
18:56:25 26.052631 26.184210 25.684210 24.763157 27.567568 27.236841 1.108695 0.000004
18:56:25 26.052631 26.184210 25.684210 24.763157 27.567568 27.236841 1.108695 0.000004
18:56:25 26.052631 26.184210 25.684210 24.763157 27.567568 27.236841 1.108695 0.000004
18:56:25 26.052631 26.184210 25.710526 24.763157 27.567568 27.236841 1.108695 0.000004
18:56:25 26.052631 26.184210 25.710526 24.763157 27.567568 27.236841 1.108695 0.000004
18:56:26 26.052631 26.184210 25.710526 24.763157 27.567568 27.236841 1.108695 0.000004
18:56:26 26.052631 26.184210 25.710526 24.763157 27.567568 27.236841 1.108695 0.000004
18:56:26 26.052631 26.184210 25.710526 24.763157 27.567568 27.236841 1.108695 0.000004
18:56:26 26.052631 26.184210 25.710526 24.763157 27.567568 27.236841 1.108695 0.000004
18:56:26 26.052631 26.184210 25.710526 24.763157 27.567568 27.236841 1.130433 0.000004
18:56:27 26.052631 26.184210 25.710526 24.763157 27.567568 27.236841 1.130433 0.000004
18:56:27 26.052631 26.184210 25.710526 24.763157 27.567568 27.236841 1.130433 0.000004
18:56:27 26.052631 26.184210 25.710526 24.763157 27.567568 27.236841 1.130433 0.000004
