19:18:49 26.026316 26.131578 25.684210 24.736841 27.567568 27.210527 1.086958 0.521737
19:18:49 26.026316 26.131578 25.684210 24.736841 27.567568 27.210527 1.086958 0.521737
19:18:49 26.026316 26.131578 25.684210 24.736841 27.567568 27.210527 1.086958 0.369563
19:18:50 26.026316 26.131578 25.684210 24.736841 27.567568 27.210527 1.086958 0.369563
19:18:50 26.026316 26.131578 25.684210 24.736841 27.513514 27.184212 1.086958 0.369563
19:18:51 26.026316 26.131578 25.684210 24.736841 27.513514 27.184212 1.086958 0.499999
19:18:51 26.026316 26.131578 25.684210 24.736841 27.513514 27.184212 1.086958 0.499999
19:18:51 26.026316 26.131578 25.684210 24.736841 27.513514 27.184212 1.086958 0.499999
19:18:52 26.026316 26.157894 25.684210 24.736841 27.513514 27.184212 1.086958 0.499999
19:18:52 26.026316 26.157894 25.684210 24.736841 27.513514 27.184212 1.086958 0.521737
19:18:53 26.026316 26.131578 25.684210 24.736841 27.513514 27.184212 1.086958 0.521737
19:18:53 26.026316 26.131578 25.684210 24.736841 27.513514 27.184212 1.086958 0.521737
19:18:53 26.026316 26.131578 25.684210 24.736841 27.513514 27.184212 1.086958 0.521737
19:18:54 26.026316 26.131578 25.684210 24.736841 27.513514 27.184212 1.086958 0.521737
19:18:54 26.026316 26.131578 25.684210 24.736841 27.513514 27.184212 1.086958 0.499999
19:18:55 26.026316 26.131578 25.684210 24.736841 27.513514 27.184212 1.086958 0.499999
19:18:55 26.026316 26.131578 25.684210 24.736841 27.513514 27.184212 1.086958 0.499999
19:18:55 26.026316 26.131578 25.684210 24.736841 27.513514 27.184212 1.086958 0.499999
19:18:56 26.026316 26.131578 25.684210 24.736841 27.513514 27.184212 1.086958 0.499999
19:18:56 26.026316 26.131578 25.684210 24.736841 27.513514 27.184212 1.086958 0.499999
19:18:57 26.026316 26.131578 25.684210 24.736841 27.513514 27.184212 1.086958 0.499999
19:18:57 26.026316 26.131578 25.684210 24.736841 27.513514 27.184212 1.086958 0.499999
19:18:57 26.026316 26.131578 25.684210 24.736841 27.513514 27.184212 1.086958 0.499999
19:18:58 26.026316 26.131578 25.684210 24.736841 27.513514 27.184212 1.086958 0.499999
19:18:58 26.026316 26.131578 25.684210 24.736841 27.513514 27.184212 1.086958 0.478262
19:18:59 26.026316 26.131578 25.684210 24.736841 27.513514 27.184212 1.086958 0.478262
19:18:59 26.026316 26.131578 25.684210 24.736841 27.513514 27.184212 1.086958 0.456524
19:18:59 26.026316 26.131578 25.684210 24.736841 27.513514 27.184212 1.086958 0.456524
19:19:00 26.026316 26.131578 25.684210 24.736841 27.513514 27.184212 1.086958 0.456524
19:19:00 26.026316 26.131578 25.684210 24.736841 27.513514 27.184212 1.086958 0.434786
19:19:01 26.026316 26.131578 25.684210 24.736841 27.513514 27.184212 1.086958 0.434786
19:19:01 26.026316 26.131578 25.684210 24.736841 27.513514 27.184212 1.086958 0.413038
19:19:01 26.026316 26.131578 25.684210 24.736841 27.513514 27.184212 1.086958 0.413038
19:19:02 26.026316 26.131578 25.684210 24.736841 27.513514 27.184212 1.086958 0.413038
19:19:02 26.026316 26.131578 25.684210 24.736841 27.513514 27.184212 1.086958 0.391301
19:19:03 26.026316 26.131578 25.684210 24.736841 27.513514 27.184212 1.086958 0.391301
19:19:03 26.026316 26.131578 25.684210 24.736841 27.540543 27.184212 1.086958 0.369563
19:19:03 26.026316 26.131578 25.684210 24.736841 27.540543 27.184212 1.086958 0.369563
19:19:04 26.026316 26.131578 25.684210 24.736841 27.540543 27.184212 1.108695 0.369563
19:19:04 26.026316 26.131578 25.684210 24.736841 27.540543 27.184212 1.108695 0.347826
19:19:05 26.026316 26.131578 25.684210 24.736841 27.540543 27.184212 1.086958 0.347826
19:19:05 26.026316 26.131578 25.684210 24.736841 27.540543 27.184212 1.086958 0.326088
19:19:05 26.026316 26.131578 25.684210 24.736841 27.540543 27.184212 1.086958 0.326088
19:19:06 26.026316 26.131578 25.684210 24.736841 27.540543 27.184212 1.108695 0.304351
19:19:06 26.026316 26.131578 25.684210 24.736841 27.540543 27.184212 1.108695 0.304351
19:19:07 26.026316 26.131578 25.684210 24.736841 27.540543 27.184212 1.108695 0.304351
19:19:07 26.026316 26.131578 25.684210 24.736841 27.540543 27.184212 1.108695 0.304351
19:19:07 26.026316 26.131578 25.684210 24.736841 27.540543 27.184212 1.152171 0.304351
19:19:08 26.026316 26.131578 25.684210 24.736841 27.540543 27.184212 1.152171 0.304351
19:19:08 26.026316 26.131578 25.684210 24.736841 27.540543 27.184212 1.152171 0.304351
19:19:09 26.026316 26.131578 25.684210 24.736841 27.540543 27.184212 1.173908 0.304351
19:19:09 26.026316 26.131578 25.684210 24.736841 27.540543 27.184212 1.173908 0.304351
19:19:09 26.026316 26.131578 25.684210 24.736841 27.540543 27.184212 1.260869 0.304351
19:19:10 26.026316 26.131578 25.684210 24.736841 27.540543 27.184212 1.260869 0.304351
19:19:10 26.026316 26.131578 25.684210 24.736841 27.540543 27.184212 1.260869 0.304351
19:19:11 26.026316 26.131578 25.684210 24.736841 27.540543 27.184212 1.326092 0.304351
19:19:11 26.026316 26.131578 25.684210 24.736841 27.540543 27.184212 1.326092 0.304351
19:19:11 26.026316 26.131578 25.684210 24.736841 27.540543 27.184212 1.304344 0.304351
19:19:12 26.026316 26.131578 25.684210 24.736841 27.540543 27.184212 1.304344 0.304351
19:19:12 26.026316 26.131578 25.684210 24.736841 27.540543 27.184212 1.239131 0.304351
19:19:13 26.026316 26.131578 25.684210 24.736841 27.540543 27.184212 1.239131 0.304351
19:19:13 26.026316 26.131578 25.684210 24.736841 27.540543 27.184212 1.239131 0.304351
19:19:13 26.026316 26.131578 25.684210 24.736841 27.540543 27.184212 1.173908 0.304351
19:19:14 26.026316 26.131578 25.684210 24.736841 27.540543 27.184212 1.173908 0.347826
19:19:14 26.026316 26.131578 25.684210 24.736841 27.540543 27.184212 1.108695 0.347826
19:19:15 26.026316 26.131578 25.684210 24.736841 27.540543 27.184212 1.108695 0.347826
19:19:15 26.026316 26.131578 25.684210 24.736841 27.540543 27.184212 1.108695 0.347826
19:19:15 26.026316 26.131578 25.684210 24.736841 27.540543 27.184212 1.108695 0.347826
19:19:16 26.026316 26.131578 25.684210 24.736841 27.540543 27.184212 1.108695 0.347826
19:19:16 26.026316 26.131578 25.684210 24.736841 27.513514 27.184212 1.108695 0.347826
19:19:17 26.026316 26.131578 25.684210 24.736841 27.513514 27.184212 1.108695 0.347826
19:19:17 26.026316 26.131578 25.684210 24.736841 27.513514 27.184212 1.108695 0.347826
19:19:17 26.026316 26.131578 25.684210 24.736841 27.540543 27.184212 1.086958 0.347826
19:19:18 26.026316 26.131578 25.684210 24.736841 27.540543 27.184212 1.086958 0.347826
19:19:18 26.026316 26.131578 25.684210 24.736841 27.513514 27.184212 1.086958 0.347826
19:19:19 26.026316 26.131578 25.684210 24.736841 27.513514 27.184212 1.086958 0.347826
19:19:19 26.026316 26.131578 25.684210 24.736841 27.540543 27.184212 1.086958 0.347826
19:19:20 25.921053 26.026314 25.578947 24.736841 27.540543 27.184212 1.086958 0.347826
19:19:20 25.921053 26.026314 25.578947 24.447369 27.513514 27.184212 7.065221 0.347826
19:19:21 25.921053 26.026314 25.578947 24.447369 27.513514 27.184212 7.065221 0.347826
19:19:21 25.921053 26.026314 25.578947 24.447369 27.513514 27.184212 6.978260 0.347826
19:19:21 25.921053 26.026314 25.578947 24.447369 27.513514 27.184212 6.978260 0.347826
19:19:22 25.921053 26.026314 25.578947 24.447369 27.513514 27.184212 6.978260 0.347826
19:19:22 25.921053 26.026314 25.578947 24.447369 27.513514 27.184212 6.978260 0.347826
19:19:23 25.921053 26.026314 25.578947 24.447369 27.513514 27.184212 6.978260 0.347826
19:19:23 25.921053 26.026314 25.578947 24.473684 27.513514 27.184212 6.891300 0.347826
19:19:23 25.921053 26.026314 25.578947 24.473684 27.513514 27.184212 6.891300 0.347826
19:19:24 25.921053 26.026314 25.578947 24.447369 27.513514 27.184212 6.891300 0.347826
19:19:24 25.921053 26.026314 25.578947 24.447369 27.513514 27.184212 6.978260 0.347826
19:19:25 25.921053 26.026314 25.578947 24.447369 27.513514 27.184212 6.978260 0.347826
19:19:25 25.921053 26.026314 25.578947 24.447369 27.513514 27.184212 6.847825 0.347826
19:19:25 25.921053 26.026314 25.578947 24.447369 27.513514 27.184212 6.847825 0.347826
19:19:26 25.921053 26.026314 25.578947 24.447369 27.513514 27.184212 6.826087 0.347826
19:19:26 25.921053 26.026314 25.578947 24.447369 27.540543 27.184212 6.826087 0.260865
19:19:27 25.921053 26.026314 25.578947 24.447369 27.540543 27.184212 6.826087 0.260865
19:19:27 25.921053 26.026314 25.578947 24.473684 27.513514 27.184212 6.782612 0.260865
19:19:27 25.921053 26.026314 25.578947 24.473684 27.513514 27.184212 6.782612 0.282613
19:19:28 25.921053 26.026314 25.578947 24.447369 27.513514 27.184212 6.891300 0.282613
19:19:28 25.921053 26.026314 25.578947 24.447369 27.540543 27.184212 6.891300 0.282613
19:19:29 25.921053 26.026314 25.578947 24.447369 27.540543 27.184212 6.891300 0.282613
19:19:29 25.921053 26.026314 25.578947 24.447369 27.513514 27.184212 6.869562 0.282613
19:19:29 25.921053 26.026314 25.578947 24.447369 27.513514 27.184212 6.869562 0.347826
19:19:30 25.921053 26.026314 25.578947 24.473684 27.513514 27.184212 6.804349 0.347826
19:19:30 25.921053 26.026314 25.578947 24.473684 27.513514 27.184212 6.804349 0.347826
19:19:31 25.921053 26.026314 25.578947 24.447369 27.513514 27.184212 6.804349 0.347826
19:19:31 25.921053 26.026314 25.578947 24.447369 27.513514 27.184212 6.913047 0.347826
19:19:31 25.921053 26.026314 25.578947 24.447369 27.513514 27.184212 6.913047 0.347826
19:19:32 25.921053 26.026314 25.578947 24.447369 27.513514 27.184212 6.891300 0.347826
19:19:32 25.921053 26.026314 25.578947 24.447369 27.513514 27.184212 6.891300 0.347826
19:19:33 25.921053 26.026314 25.578947 24.447369 27.513514 27.184212 6.869562 0.347826
19:19:33 25.921053 26.026314 25.578947 24.447369 27.540543 27.184212 6.869562 0.260865
19:19:33 25.921053 26.105263 25.631578 24.447369 27.540543 27.184212 6.869562 0.260865
19:19:34 25.921053 26.105263 25.631578 24.684212 27.540543 27.184212 1.130433 0.260865
19:19:34 25.973684 26.078949 25.631578 24.684212 27.540543 27.184212 1.130433 0.282613
19:19:35 25.973684 26.078949 25.631578 24.394737 27.540543 27.184212 8.108696 0.282613
19:19:35 25.894737 26.078949 25.631578 24.394737 27.513514 27.184212 8.108696 0.217390
19:19:35 25.894737 26.000000 25.552631 24.394737 27.513514 27.184212 8.108696 0.217390
19:19:36 25.894737 26.000000 25.552631 24.394737 27.513514 27.184212 8.282607 0.217390
19:19:36 25.894737 26.000000 25.552631 24.394737 27.513514 27.184212 8.282607 0.347826
19:19:37 25.894737 26.000000 25.552631 24.394737 27.513514 27.184212 8.173908 0.347826
19:19:37 25.894737 26.000000 25.552631 24.394737 27.513514 27.184212 8.173908 0.347826
19:19:37 25.894737 26.000000 25.552631 24.394737 27.513514 27.184212 8.065221 0.347826
19:19:38 25.894737 26.000000 25.552631 24.394737 27.513514 27.184212 8.065221 0.347826
19:19:38 25.894737 26.000000 25.552631 24.394737 27.513514 27.184212 8.065221 0.347826
19:19:39 25.894737 26.000000 25.552631 24.368422 27.513514 27.184212 8.217394 0.347826
19:19:39 25.894737 26.000000 25.552631 24.368422 27.513514 27.184212 8.217394 0.347826
19:19:39 25.894737 26.000000 25.552631 24.394737 27.513514 27.184212 8.217394 0.347826
19:19:40 25.894737 26.000000 25.552631 24.394737 27.513514 27.184212 8.217394 0.347826
19:19:40 25.894737 26.000000 25.552631 24.394737 27.513514 27.184212 8.217394 0.347826
19:19:41 25.894737 26.000000 25.552631 24.394737 27.513514 27.184212 8.326082 0.347826
19:19:41 25.894737 26.000000 25.552631 24.394737 27.513514 27.184212 8.326082 0.347826
19:19:41 25.894737 26.000000 25.552631 24.394737 27.513514 27.184212 8.304344 0.347826
19:19:42 25.894737 26.000000 25.552631 24.394737 27.513514 27.184212 8.304344 0.347826
19:19:42 25.894737 26.000000 25.552631 24.394737 27.513514 27.184212 8.304344 0.347826
19:19:43 25.894737 26.000000 25.552631 24.394737 27.513514 27.184212 8.347830 0.347826
19:19:43 25.894737 26.000000 25.552631 24.394737 27.513514 27.184212 8.347830 0.282613
19:19:43 25.894737 26.000000 25.552631 24.394737 27.513514 27.184212 8.391305 0.282613
19:19:44 25.894737 26.000000 25.552631 24.394737 27.513514 27.184212 8.391305 0.282613
19:19:44 25.894737 26.000000 25.552631 24.394737 27.513514 27.184212 8.239132 0.282613
19:19:45 25.894737 26.000000 25.552631 24.394737 27.513514 27.184212 8.239132 0.282613
19:19:45 25.894737 26.000000 25.552631 24.394737 27.513514 27.184212 8.239132 0.282613
19:19:45 25.894737 26.000000 25.552631 24.394737 27.513514 27.184212 8.108696 0.282613
19:19:46 25.894737 26.000000 25.552631 24.394737 27.513514 27.184212 8.108696 0.282613
19:19:46 25.894737 26.000000 25.552631 24.394737 27.513514 27.184212 7.999998 0.282613
19:19:47 25.894737 26.000000 25.552631 24.394737 27.513514 27.184212 7.999998 0.282613
19:19:47 25.894737 26.000000 25.552631 24.394737 27.513514 27.184212 7.999998 0.282613
19:19:47 25.894737 26.000000 25.552631 24.394737 27.513514 27.184212 8.065221 0.282613
19:19:48 25.868422 26.000000 25.552631 24.394737 27.513514 27.184212 8.065221 0.282613
19:19:48 25.868422 26.000000 25.552631 24.394737 27.513514 27.184212 7.934785 0.282613
19:19:49 25.868422 26.000000 25.552631 24.394737 27.513514 27.184212 7.934785 0.282613
19:19:49 25.868422 26.000000 25.552631 24.394737 27.513514 27.184212 7.934785 0.282613
19:19:49 25.868422 26.000000 25.552631 24.394737 27.513514 27.184212 7.999998 0.282613
19:19:50 25.868422 26.000000 25.552631 24.394737 27.513514 27.184212 7.999998 0.282613
19:19:50 25.868422 26.000000 25.552631 24.394737 27.513514 27.184212 8.021735 0.282613
19:19:51 25.894737 26.000000 25.552631 24.394737 27.513514 27.184212 8.021735 0.282613
19:19:51 25.894737 26.000000 25.552631 24.394737 27.513514 27.184212 7.934785 0.282613
19:19:51 25.894737 26.000000 25.552631 24.394737 27.513514 27.184212 7.934785 0.282613
19:19:52 25.868422 26.000000 25.552631 24.394737 27.513514 27.184212 7.934785 0.282613
19:19:52 25.868422 26.000000 25.552631 24.394737 27.513514 27.184212 7.978261 0.282613
19:19:53 25.894737 26.000000 25.552631 24.394737 27.513514 27.184212 7.978261 0.282613
19:19:53 25.894737 26.000000 25.552631 24.394737 27.513514 27.184212 7.978261 0.282613
19:19:53 25.894737 26.000000 25.552631 24.394737 27.513514 27.184212 7.978261 0.282613
19:19:54 25.868422 26.000000 25.552631 24.394737 27.513514 27.184212 7.978261 0.282613
19:19:54 25.868422 26.000000 25.552631 24.394737 27.513514 27.184212 7.999998 0.282613
19:19:55 25.868422 26.000000 25.552631 24.394737 27.513514 27.184212 7.999998 0.282613
19:19:55 25.868422 26.000000 25.552631 24.473684 27.540543 27.184212 2.913047 0.282613
19:19:55 25.973684 26.000000 25.552631 24.473684 27.540543 27.184212 2.913047 0.282613
19:19:56 25.973684 26.078949 25.631578 24.631578 27.540543 27.184212 2.913047 0.282613
19:19:56 25.973684 26.078949 25.631578 24.631578 27.540543 27.184212 2.913047 0.282613
19:19:57 25.973684 26.078949 25.631578 24.631578 27.540543 27.184212 2.913047 0.282613
19:19:57 25.973684 26.078949 25.631578 24.631578 27.540543 27.184212 2.934785 0.282613
19:19:57 25.973684 26.078949 25.631578 24.631578 27.540543 27.184212 2.934785 0.282613
19:19:58 25.973684 26.078949 25.631578 24.631578 27.540543 27.184212 2.956522 0.282613
19:19:58 25.973684 26.078949 25.631578 24.631578 27.540543 27.184212 2.956522 0.282613
19:19:59 25.973684 26.078949 25.631578 24.631578 27.540543 27.184212 2.956522 0.282613
19:19:59 25.973684 26.078949 25.631578 24.631578 27.540543 27.184212 2.891299 0.282613
19:19:59 25.973684 26.078949 25.631578 24.631578 27.540543 27.184212 2.891299 0.282613
19:20:00 25.973684 26.078949 25.631578 24.631578 27.540543 27.184212 2.913047 0.282613
19:20:00 25.973684 26.078949 25.631578 24.631578 27.540543 27.184212 2.913047 0.282613
19:20:01 25.973684 26.078949 25.631578 24.631578 27.540543 27.184212 2.913047 0.282613
19:20:01 25.973684 26.078949 25.631578 24.631578 27.540543 27.184212 2.891299 0.282613
19:20:01 25.973684 26.078949 25.631578 24.631578 27.540543 27.184212 2.891299 0.282613
19:20:02 25.973684 26.078949 25.631578 24.631578 27.540543 27.184212 2.891299 0.282613
19:20:02 25.973684 26.078949 25.631578 24.631578 27.540543 27.184212 2.891299 0.282613
19:20:03 25.973684 26.078949 25.631578 24.631578 27.540543 27.184212 2.891299 0.282613
