18:06:08 26.131578 26.263159 25.736843 24.842106 27.540543 26.947369 1.108695 0.000004
18:06:09 26.131578 26.263159 25.736843 24.842106 27.540543 26.947369 1.108695 2.326088
18:06:09 26.131578 26.263159 25.736843 24.842106 27.486486 26.947369 1.130433 2.326088
18:06:10 26.131578 26.263159 25.736843 24.842106 27.486486 27.131578 1.130433 1.739133
18:06:10 26.131578 26.263159 25.736843 24.842106 27.486486 27.131578 1.130433 1.739133
18:06:10 26.131578 26.263159 25.736843 24.842106 27.486486 27.131578 1.130433 1.760871
18:06:11 26.105263 26.263159 25.736843 24.842106 27.486486 27.131578 1.130433 1.760871
18:06:11 26.105263 26.263159 25.736843 24.842106 27.486486 27.131578 1.130433 1.760871
18:06:12 26.105263 26.263159 25.736843 24.842106 27.486486 27.131578 1.130433 1.782608
18:06:12 26.105263 26.263159 25.736843 24.842106 27.486486 27.131578 1.152171 1.782608
18:06:12 26.131578 26.263159 25.736843 24.842106 27.486486 27.131578 1.152171 1.782608
18:06:13 26.131578 26.263159 25.736843 24.842106 27.486486 27.131578 1.152171 1.782608
18:06:13 26.131578 26.263159 25.736843 24.842106 27.486486 27.131578 1.152171 1.782608
18:06:14 26.131578 26.263159 25.736843 24.842106 27.486486 27.131578 1.152171 1.782608
18:06:14 26.131578 26.263159 25.736843 24.842106 27.486486 27.131578 1.152171 1.782608
18:06:14 26.105263 26.263159 25.736843 24.842106 27.486486 27.131578 1.152171 1.739133
18:06:15 26.105263 26.263159 25.736843 24.842106 27.486486 27.131578 1.152171 1.739133
18:06:15 26.105263 26.263159 25.736843 24.842106 27.486486 27.131578 1.130433 1.782608
18:06:16 26.105263 26.263159 25.736843 24.842106 27.486486 27.131578 1.130433 1.782608
18:06:16 26.105263 26.263159 25.736843 24.842106 27.486486 27.131578 1.130433 1.782608
18:06:16 26.105263 26.263159 25.736843 24.842106 27.486486 27.131578 1.130433 1.760871
18:06:17 26.105263 26.263159 25.736843 24.842106 27.486486 27.131578 1.130433 1.760871
18:06:17 26.105263 26.263159 25.736843 24.842106 27.486486 27.131578 1.130433 1.739133
18:06:18 26.131578 26.263159 25.736843 24.842106 27.486486 27.131578 1.130433 1.739133
18:06:18 26.131578 26.263159 25.736843 24.842106 27.459461 27.105263 1.130433 1.739133
18:06:18 26.105263 26.263159 25.736843 24.842106 27.459461 27.105263 1.130433 1.782608
18:06:19 26.105263 26.263159 25.736843 24.842106 27.459461 27.105263 1.130433 1.782608
18:06:19 26.131578 26.263159 25.736843 24.842106 27.486486 27.105263 1.130433 1.760871
18:06:20 26.131578 26.263159 25.736843 24.842106 27.486486 27.105263 1.130433 1.760871
18:06:20 26.131578 26.263159 25.736843 24.842106 27.486486 27.131578 1.130433 1.760871
18:06:20 26.131578 26.263159 25.736843 24.842106 27.486486 27.131578 1.130433 1.739133
18:06:21 26.131578 26.263159 25.736843 24.842106 27.486486 27.131578 1.152171 1.739133
18:06:21 26.131578 26.263159 25.736843 24.842106 27.486486 27.131578 1.152171 1.760871
18:06:22 26.131578 26.263159 25.736843 24.842106 27.486486 27.131578 1.152171 1.760871
18:06:22 26.131578 26.263159 25.736843 24.842106 27.459461 27.131578 1.152171 1.804346
18:06:22 26.131578 26.263159 25.736843 24.842106 27.459461 27.131578 1.152171 1.804346
18:06:23 26.131578 26.263159 25.736843 24.842106 27.486486 27.131578 1.195656 1.804346
18:06:23 26.131578 26.263159 25.736843 24.842106 27.486486 27.131578 1.195656 1.760871
18:06:24 26.131578 26.263159 25.763159 24.842106 27.486486 27.131578 1.217394 1.760871
18:06:24 26.131578 26.263159 25.763159 24.842106 27.486486 27.131578 1.217394 1.760871
18:06:24 26.131578 26.263159 25.763159 24.842106 27.486486 27.131578 1.217394 1.760871
18:06:25 26.131578 26.263159 25.763159 24.842106 27.486486 27.131578 1.282606 1.760871
18:06:25 26.131578 26.263159 25.763159 24.842106 27.486486 27.131578 1.282606 1.826083
18:06:26 26.131578 26.263159 25.763159 24.868422 27.486486 27.131578 1.326092 1.826083
18:06:26 26.131578 26.263159 25.763159 24.868422 27.486486 27.131578 1.326092 1.760871
18:06:26 26.131578 26.263159 25.763159 24.868422 27.486486 27.131578 1.326092 1.760871
18:06:27 26.131578 26.263159 25.763159 24.868422 27.486486 27.131578 1.369567 1.760871
18:06:27 26.131578 26.263159 25.763159 24.868422 27.486486 27.131578 1.369567 1.804346
18:06:28 26.131578 26.263159 25.763159 24.868422 27.486486 27.131578 1.326092 1.804346
18:06:28 26.131578 26.263159 25.763159 24.868422 27.486486 27.131578 1.326092 1.739133
18:06:28 26.131578 26.263159 25.763159 24.868422 27.486486 27.131578 1.239131 1.739133
18:06:29 26.131578 26.263159 25.763159 24.868422 27.486486 27.131578 1.239131 1.760871
18:06:29 26.131578 26.263159 25.763159 24.868422 27.486486 27.131578 1.239131 1.760871
18:06:30 26.131578 26.263159 25.763159 24.842106 27.486486 27.131578 1.173908 1.760871
18:06:30 26.157894 26.263159 25.763159 24.842106 27.486486 27.131578 1.173908 1.739133
18:06:30 26.157894 26.263159 25.763159 24.842106 27.486486 27.131578 1.152171 1.739133
18:06:31 26.157894 26.263159 25.763159 24.842106 27.486486 27.131578 1.152171 1.717395
18:06:31 26.157894 26.263159 25.763159 24.842106 27.486486 27.131578 1.152171 1.717395
18:06:32 26.157894 26.263159 25.763159 24.842106 27.486486 27.131578 1.130433 1.717395
18:06:32 26.157894 26.289474 25.763159 24.842106 27.486486 27.131578 1.130433 1.739133
18:06:32 26.157894 26.289474 25.763159 24.842106 27.486486 27.131578 1.108695 1.739133
18:06:33 26.157894 26.289474 25.763159 24.842106 27.486486 27.131578 1.108695 1.760871
18:06:33 26.157894 26.289474 25.763159 24.842106 27.486486 27.131578 1.108695 1.760871
18:06:34 26.157894 26.289474 25.763159 24.842106 27.486486 27.131578 1.108695 1.760871
18:06:34 26.157894 26.289474 25.789474 24.842106 27.486486 27.131578 1.108695 1.804346
18:06:34 26.157894 26.289474 25.789474 24.842106 27.486486 27.131578 1.108695 1.804346
18:06:35 26.157894 26.289474 25.789474 24.842106 27.486486 27.131578 1.108695 1.782608
18:06:35 26.157894 26.289474 25.789474 24.842106 27.486486 27.131578 1.108695 1.782608
18:06:36 26.157894 26.289474 25.789474 24.842106 27.486486 27.157894 1.108695 1.826083
18:06:36 26.157894 26.289474 25.789474 24.842106 27.486486 27.157894 1.108695 1.826083
18:06:36 26.157894 26.289474 25.789474 24.842106 27.513514 27.157894 1.108695 1.826083
18:06:37 26.157894 26.289474 25.789474 24.842106 27.513514 27.157894 1.108695 1.760871
18:06:37 26.157894 26.289474 25.789474 24.842106 27.513514 27.157894 1.108695 1.760871
18:06:38 26.157894 26.289474 25.789474 24.842106 27.513514 27.157894 1.108695 1.782608
18:06:38 26.157894 26.289474 25.789474 24.842106 27.513514 27.157894 1.108695 1.782608
18:06:38 26.157894 26.289474 25.789474 24.842106 27.513514 27.157894 1.108695 1.782608
18:06:39 26.157894 26.289474 25.789474 24.842106 27.513514 27.157894 1.108695 1.826083
18:06:39 26.157894 26.289474 25.789474 24.842106 27.513514 27.157894 1.108695 1.826083
18:06:40 26.157894 26.289474 25.789474 24.842106 27.513514 27.157894 1.108695 1.826083
18:06:40 26.157894 26.289474 25.789474 24.842106 27.513514 27.157894 1.108695 1.826083
18:06:40 26.157894 26.289474 25.789474 24.842106 27.513514 27.157894 1.108695 1.760871
18:06:41 26.184212 26.289474 25.789474 24.842106 27.513514 27.157894 1.108695 1.760871
18:06:41 26.184212 26.289474 25.789474 24.842106 27.513514 27.157894 1.108695 1.760871
18:06:42 26.184212 26.289474 25.789474 24.842106 27.513514 27.157894 1.108695 1.804346
18:06:42 26.184212 26.289474 25.789474 24.842106 27.513514 27.157894 1.108695 1.804346
18:06:42 26.184212 26.289474 25.789474 24.842106 27.513514 27.157894 1.108695 1.782608
18:06:43 26.184212 26.289474 25.789474 24.842106 27.513514 27.157894 1.108695 1.782608
18:06:43 26.184212 26.289474 25.789474 24.842106 27.513514 27.157894 1.130433 1.782608
18:06:44 26.184212 26.289474 25.789474 24.842106 27.513514 27.157894 1.130433 1.760871
18:06:44 26.184212 26.289474 25.789474 24.815790 27.513514 27.157894 1.130433 1.760871
18:06:44 26.184212 26.289474 25.789474 24.815790 27.513514 27.157894 1.130433 1.782608
18:06:45 26.184212 26.289474 25.789474 24.815790 27.513514 27.157894 1.130433 1.782608
18:06:45 26.184212 26.289474 25.789474 24.815790 27.513514 27.157894 1.130433 1.782608
18:06:46 26.184212 26.289474 25.789474 24.815790 27.513514 27.157894 1.130433 1.804346
18:06:46 26.184212 26.289474 25.789474 24.815790 27.513514 27.157894 1.130433 1.804346
18:06:46 26.184212 26.289474 25.789474 24.815790 27.513514 27.157894 1.130433 1.739133
18:06:47 26.184212 26.289474 25.789474 24.815790 27.513514 27.157894 1.130433 1.739133
18:06:47 26.184212 26.289474 25.789474 24.815790 27.513514 27.157894 1.108695 1.804346
18:06:48 26.184212 26.289474 25.789474 24.815790 27.513514 27.157894 1.108695 1.804346
18:06:48 26.184212 26.289474 25.789474 24.815790 27.513514 27.157894 1.130433 1.804346
18:06:48 26.184212 26.289474 25.789474 24.815790 27.513514 27.157894 1.130433 1.739133
18:06:49 26.184212 26.289474 25.789474 24.815790 27.513514 27.157894 1.108695 1.739133
18:06:49 26.184212 26.289474 25.789474 24.815790 27.513514 27.157894 1.108695 1.695647
18:06:50 26.184212 26.289474 25.789474 24.815790 27.513514 27.157894 1.108695 1.695647
18:06:50 26.184212 26.289474 25.789474 24.815790 27.513514 27.157894 1.108695 1.695647
18:06:50 26.184212 26.289474 25.789474 24.815790 27.513514 27.157894 1.108695 1.804346
18:06:51 26.184212 26.289474 25.789474 24.815790 27.513514 27.157894 1.152171 1.804346
18:06:51 26.184212 26.289474 25.789474 24.815790 27.513514 27.157894 1.152171 1.782608
18:06:52 26.184212 26.289474 25.789474 24.815790 27.513514 27.157894 1.152171 1.782608
18:06:52 26.184212 26.289474 25.789474 24.815790 27.513514 27.157894 1.130433 1.782608
18:06:52 26.184212 26.289474 25.789474 24.815790 27.513514 27.157894 1.130433 1.782608
18:06:53 26.184212 26.289474 25.789474 24.815790 27.513514 27.157894 1.130433 1.782608
18:06:53 26.184212 26.289474 25.789474 24.815790 27.513514 27.157894 1.130433 1.804346
18:06:54 26.184212 26.289474 25.789474 24.789474 27.513514 27.157894 1.152171 1.804346
18:06:54 26.184212 26.289474 25.789474 24.789474 27.513514 27.157894 1.152171 1.782608
18:06:54 26.184212 26.289474 25.789474 24.789474 27.513514 27.157894 1.152171 1.782608
18:06:55 26.184212 26.289474 25.789474 24.789474 27.513514 27.157894 1.195656 1.782608
18:06:55 26.184212 26.289474 25.789474 24.789474 27.513514 27.157894 1.195656 1.717395
18:06:56 26.184212 26.289474 25.789474 24.815790 27.513514 27.157894 1.239131 1.717395
18:06:56 26.184212 26.289474 25.789474 24.815790 27.513514 27.157894 1.239131 1.760871
18:06:56 26.184212 26.289474 25.789474 24.815790 27.513514 27.157894 1.239131 1.760871
18:06:57 26.184212 26.289474 25.789474 24.815790 27.513514 27.157894 1.326092 1.760871
18:06:57 26.184212 26.289474 25.789474 24.815790 27.513514 27.157894 1.326092 1.782608
18:06:58 26.184212 26.289474 25.789474 24.815790 27.513514 27.157894 1.369567 1.782608
18:06:58 26.157894 26.289474 25.789474 24.815790 27.513514 27.157894 1.369567 1.760871
18:06:58 26.157894 26.289474 25.789474 24.815790 27.513514 27.157894 1.369567 1.760871
18:06:59 26.157894 26.289474 25.789474 24.815790 27.513514 27.157894 1.347829 1.760871
18:06:59 26.157894 26.289474 25.789474 24.815790 27.513514 27.157894 1.347829 1.804346
18:07:00 26.157894 26.289474 25.789474 24.815790 27.513514 27.157894 1.282606 1.804346
18:07:00 26.157894 26.289474 25.789474 24.815790 27.513514 27.157894 1.282606 1.760871
18:07:00 26.157894 26.289474 25.789474 24.815790 27.513514 27.157894 1.217394 1.760871
18:07:01 26.157894 26.289474 25.789474 24.815790 27.513514 27.131578 1.217394 1.782608
18:07:01 26.157894 26.289474 25.763159 24.815790 27.513514 27.131578 1.217394 1.782608
18:07:02 26.157894 26.289474 25.763159 24.815790 27.513514 27.131578 1.152171 1.782608
18:07:02 26.157894 26.289474 25.763159 24.815790 27.513514 27.131578 1.152171 1.782608
18:07:02 26.157894 26.289474 25.763159 24.815790 27.513514 27.131578 1.130433 1.782608
18:07:03 26.157894 26.289474 25.763159 24.815790 27.486486 27.131578 1.130433 1.717395
18:07:03 26.157894 26.289474 25.763159 24.815790 27.486486 27.131578 1.130433 1.717395
18:07:04 26.157894 26.289474 25.763159 24.815790 27.486486 27.131578 1.130433 1.717395
18:07:04 26.157894 26.263159 25.763159 24.815790 27.486486 27.131578 1.130433 1.826083
18:07:04 26.157894 26.263159 25.763159 24.815790 27.486486 27.131578 1.130433 1.826083
18:07:05 26.157894 26.263159 25.763159 24.815790 27.486486 27.131578 1.130433 1.826083
18:07:05 26.157894 26.263159 25.763159 24.815790 27.486486 27.131578 1.130433 1.826083
18:07:06 26.157894 26.263159 25.763159 24.815790 27.486486 27.131578 1.130433 1.804346
18:07:06 26.157894 26.263159 25.763159 24.815790 27.486486 27.131578 1.130433 1.804346
18:07:06 26.157894 26.263159 25.763159 24.815790 27.486486 27.131578 1.130433 1.804346
18:07:07 26.157894 26.263159 25.763159 24.815790 27.486486 27.131578 1.130433 1.760871
18:07:07 26.157894 26.263159 25.763159 24.815790 27.486486 27.131578 1.130433 1.760871
18:07:08 26.157894 26.263159 25.763159 24.815790 27.486486 27.131578 1.130433 1.782608
18:07:08 26.131578 26.263159 25.763159 24.815790 27.486486 27.131578 1.130433 1.782608
18:07:09 26.131578 26.263159 25.763159 24.815790 27.486486 27.131578 1.108695 1.782608
18:07:09 26.131578 26.263159 25.763159 24.815790 27.486486 27.131578 1.130433 1.782608
18:07:10 26.131578 26.263159 25.763159 24.815790 27.459461 27.131578 1.130433 2.021742
18:07:10 26.131578 26.263159 25.763159 24.815790 27.459461 27.131578 1.130433 2.021742
18:07:10 26.131578 26.263159 25.763159 24.815790 27.378378 27.026316 1.108695 2.021742
18:07:11 26.131578 26.263159 25.736843 24.815790 27.378378 27.026316 1.108695 3.152178
18:07:11 26.131578 26.263159 25.736843 24.815790 27.378378 27.026316 1.108695 3.152178
18:07:12 26.131578 26.263159 25.736843 24.815790 27.378378 27.026316 1.108695 3.108692
18:07:12 26.131578 26.263159 25.736843 24.815790 27.378378 27.026316 1.130433 3.108692
18:07:12 26.131578 26.263159 25.736843 24.815790 27.351351 27.026316 1.130433 3.086955
18:07:13 26.131578 26.263159 25.736843 24.815790 27.351351 27.026316 1.130433 3.086955
18:07:13 26.131578 26.263159 25.736843 24.842106 27.351351 27.026316 1.152171 3.086955
18:07:14 26.131578 26.263159 25.736843 24.842106 27.351351 27.026316 1.152171 3.130430
18:07:14 26.131578 26.263159 25.736843 24.842106 27.351351 27.026316 1.130433 3.130430
18:07:14 26.131578 26.263159 25.736843 24.842106 27.351351 27.026316 1.130433 3.152178
18:07:15 26.131578 26.263159 25.736843 24.842106 27.351351 27.026316 1.130433 3.152178
18:07:15 26.131578 26.263159 25.736843 24.842106 27.351351 27.000000 1.130433 3.152178
18:07:16 26.131578 26.263159 25.736843 24.842106 27.351351 27.000000 1.130433 3.173915
18:07:16 26.131578 26.263159 25.736843 24.842106 27.351351 27.000000 1.152171 3.173915
18:07:16 26.131578 26.263159 25.736843 24.842106 27.351351 27.000000 1.152171 3.152178
18:07:17 26.131578 26.263159 25.736843 24.842106 27.351351 27.000000 1.152171 3.152178
18:07:17 26.131578 26.263159 25.736843 24.842106 27.351351 27.000000 1.130433 3.152178
18:07:18 26.131578 26.263159 25.736843 24.842106 27.351351 27.000000 1.130433 3.086955
18:07:18 26.131578 26.263159 25.736843 24.842106 27.351351 27.000000 1.152171 3.086955
18:07:18 26.131578 26.263159 25.736843 24.842106 27.351351 27.000000 1.152171 3.108692
18:07:19 26.131578 26.263159 25.736843 24.842106 27.351351 27.000000 1.130433 3.108692
18:07:19 26.131578 26.263159 25.736843 24.842106 27.351351 27.000000 1.130433 3.130430
18:07:20 26.105263 26.263159 25.736843 24.842106 27.351351 27.000000 1.130433 3.130430
18:07:20 26.105263 26.263159 25.736843 24.842106 27.351351 27.000000 1.130433 3.130430
18:07:20 26.105263 26.263159 25.736843 24.842106 27.351351 27.000000 1.130433 3.108692
18:07:21 26.105263 26.263159 25.736843 24.842106 27.351351 27.000000 1.130433 3.108692
18:07:21 26.105263 26.263159 25.736843 24.842106 27.351351 27.000000 1.130433 3.086955
18:07:22 26.131578 26.263159 25.736843 24.842106 27.351351 27.000000 1.130433 3.086955
18:07:22 26.131578 26.263159 25.736843 24.842106 27.351351 27.000000 1.108695 3.086955
18:07:22 26.105263 26.263159 25.736843 24.842106 27.351351 27.000000 1.108695 3.152178
18:07:23 26.105263 26.263159 25.736843 24.842106 27.351351 27.000000 1.130433 3.152178
18:07:23 26.131578 26.263159 25.736843 24.842106 27.351351 27.000000 1.130433 3.108692
18:07:24 26.131578 26.263159 25.736843 24.842106 27.351351 27.000000 1.130433 3.108692
18:07:24 26.131578 26.263159 25.736843 24.842106 27.351351 27.000000 1.130433 3.130430
18:07:24 26.131578 26.263159 25.736843 24.842106 27.351351 27.000000 1.130433 3.130430
18:07:25 26.131578 26.263159 25.736843 24.842106 27.351351 27.000000 1.152171 3.130430
18:07:25 26.131578 26.263159 25.736843 24.842106 27.351351 27.000000 1.152171 3.195653
18:07:26 26.131578 26.263159 25.736843 24.842106 27.351351 27.000000 1.173908 3.195653
18:07:26 26.131578 26.263159 25.736843 24.842106 27.351351 27.000000 1.173908 3.108692
18:07:26 26.131578 26.263159 25.736843 24.842106 27.351351 27.000000 1.173908 3.108692
18:07:27 26.131578 26.263159 25.736843 24.842106 27.351351 27.000000 1.195656 3.108692
18:07:27 26.131578 26.263159 25.736843 24.842106 27.351351 27.000000 1.195656 3.173915
18:07:28 26.131578 26.263159 25.736843 24.842106 27.351351 27.000000 1.260869 3.173915
18:07:28 26.131578 26.263159 25.736843 24.842106 27.351351 27.000000 1.260869 3.152178
18:07:28 26.131578 26.263159 25.763159 24.842106 27.351351 27.000000 1.260869 3.152178
18:07:29 26.131578 26.263159 25.763159 24.842106 27.351351 27.000000 1.326092 3.152178
18:07:29 26.131578 26.263159 25.763159 24.842106 27.351351 27.000000 1.326092 3.152178
18:07:30 26.131578 26.263159 25.763159 24.842106 27.351351 27.000000 1.369567 3.152178
18:07:30 26.131578 26.263159 25.763159 24.842106 27.351351 27.000000 1.369567 3.108692
18:07:30 26.131578 26.263159 25.763159 24.842106 27.351351 27.000000 1.369567 3.108692
18:07:31 26.131578 26.263159 25.763159 24.842106 27.351351 27.000000 1.326092 3.086955
18:07:31 26.131578 26.263159 25.763159 24.842106 27.351351 27.000000 1.326092 3.086955
18:07:32 26.131578 26.263159 25.763159 24.842106 27.351351 27.000000 1.260869 3.086955
18:07:32 26.131578 26.263159 25.763159 24.842106 27.351351 27.026316 1.260869 3.130430
18:07:32 26.131578 26.263159 25.763159 24.842106 27.351351 27.026316 1.173908 3.130430
18:07:33 26.131578 26.263159 25.763159 24.842106 27.351351 27.026316 1.173908 3.108692
18:07:33 26.157894 26.263159 25.763159 24.842106 27.351351 27.026316 1.173908 3.108692
