19:13:07 26.052631 26.157894 25.710526 24.763157 27.594595 27.236841 1.086958 0.000004
19:13:07 26.052631 26.157894 25.710526 24.736841 27.297297 26.973684 1.086958 0.000004
19:13:07 26.052631 26.157894 25.710526 24.736841 27.297297 26.973684 1.086958 3.326088
19:13:08 26.052631 26.157894 25.710526 24.736841 27.297297 26.973684 1.108695 3.326088
19:13:08 26.052631 26.157894 25.710526 24.736841 27.324326 26.973684 1.108695 3.260865
19:13:09 26.052631 26.157894 25.710526 24.763157 27.324326 26.973684 1.108695 3.260865
19:13:09 26.052631 26.157894 25.710526 24.763157 27.324326 26.973684 1.086958 3.260865
19:13:09 26.052631 26.157894 25.710526 24.763157 27.324326 26.973684 1.086958 3.282614
19:13:10 26.052631 26.157894 25.710526 24.763157 27.378378 26.973684 1.108695 3.282614
19:13:10 26.052631 26.157894 25.710526 24.763157 27.378378 27.026316 1.108695 2.739133
19:13:11 26.052631 26.157894 25.710526 24.763157 27.378378 27.026316 1.108695 2.739133
19:13:11 26.052631 26.157894 25.710526 24.763157 27.405403 27.105263 1.130433 1.499999
19:13:11 26.052631 26.157894 25.710526 24.763157 27.405403 27.105263 1.130433 1.499999
19:13:12 26.052631 26.157894 25.710526 24.763157 27.459461 27.105263 1.108695 1.499999
19:13:12 26.052631 26.157894 25.710526 24.763157 27.459461 27.105263 1.108695 1.434787
19:13:13 26.052631 26.157894 25.684210 24.763157 27.459461 27.105263 1.108695 1.434787
19:13:13 26.052631 26.157894 25.684210 24.763157 27.486486 27.131578 1.108695 1.152178
19:13:13 26.052631 26.157894 25.684210 24.763157 27.486486 27.131578 1.108695 1.152178
19:13:14 26.052631 26.157894 25.684210 24.763157 27.486486 27.131578 1.086958 1.152178
19:13:14 26.052631 26.157894 25.684210 24.763157 27.486486 27.131578 1.086958 0.956519
19:13:15 26.052631 26.157894 25.684210 24.763157 27.486486 27.131578 1.108695 0.956519
19:13:15 26.052631 26.157894 25.684210 24.763157 27.486486 27.157894 1.108695 0.891306
19:13:15 26.052631 26.157894 25.684210 24.763157 27.486486 27.157894 1.108695 0.891306
19:13:16 26.052631 26.157894 25.684210 24.763157 27.513514 27.157894 1.108695 0.891306
19:13:16 26.052631 26.157894 25.684210 24.763157 27.513514 27.157894 1.108695 0.739133
19:13:17 26.052631 26.157894 25.684210 24.763157 27.513514 27.157894 1.086958 0.739133
19:13:17 26.052631 26.157894 25.684210 24.763157 27.513514 27.157894 1.086958 0.608697
19:13:17 26.052631 26.157894 25.684210 24.736841 27.513514 27.157894 1.086958 0.608697
19:13:18 26.052631 26.157894 25.684210 24.736841 27.513514 27.184212 1.086958 0.521737
19:13:18 26.052631 26.157894 25.684210 24.736841 27.513514 27.184212 1.086958 0.521737
19:13:19 26.052631 26.157894 25.684210 24.736841 27.513514 27.184212 1.108695 0.521737
19:13:19 26.026316 26.157894 25.684210 24.736841 27.513514 27.184212 1.108695 0.456524
19:13:19 26.026316 26.157894 25.684210 24.736841 27.513514 27.184212 1.130433 0.456524
19:13:20 26.026316 26.157894 25.684210 24.736841 27.513514 27.184212 1.130433 0.369563
19:13:20 26.026316 26.157894 25.684210 24.736841 27.513514 27.184212 1.130433 0.369563
19:13:21 26.026316 26.157894 25.684210 24.736841 27.540543 27.184212 1.173908 0.369563
19:13:21 26.026316 26.157894 25.684210 24.736841 27.540543 27.184212 1.173908 0.326088
19:13:21 26.026316 26.157894 25.684210 24.736841 27.540543 27.184212 1.260869 0.326088
19:13:22 26.026316 26.157894 25.684210 24.736841 27.540543 27.184212 1.260869 0.304351
19:13:22 26.026316 26.157894 25.684210 24.763157 27.540543 27.184212 1.260869 0.304351
19:13:23 26.026316 26.157894 25.684210 24.763157 27.540543 27.184212 1.304344 0.304351
19:13:23 26.026316 26.157894 25.684210 24.763157 27.540543 27.184212 1.304344 0.304351
19:13:23 26.026316 26.157894 25.684210 24.763157 27.540543 27.184212 1.326092 0.304351
19:13:24 26.026316 26.157894 25.684210 24.763157 27.540543 27.184212 1.326092 0.304351
19:13:24 26.026316 26.157894 25.684210 24.763157 27.540543 27.184212 1.260869 0.304351
19:13:25 26.026316 26.157894 25.684210 24.763157 27.540543 27.184212 1.260869 0.304351
19:13:25 26.026316 26.157894 25.684210 24.763157 27.540543 27.184212 1.260869 0.304351
19:13:25 26.026316 26.157894 25.684210 24.763157 27.513514 27.184212 1.195656 0.304351
19:13:26 26.026316 26.157894 25.684210 24.763157 27.513514 27.184212 1.195656 0.347826
19:13:26 26.026316 26.157894 25.684210 24.763157 27.513514 27.184212 1.130433 0.347826
19:13:27 26.026316 26.157894 25.684210 24.763157 27.513514 27.184212 1.130433 0.347826
19:13:27 26.026316 26.131578 25.684210 24.763157 27.513514 27.184212 1.130433 0.347826
19:13:27 26.026316 26.131578 25.684210 24.763157 27.513514 27.184212 1.108695 0.347826
19:13:28 26.026316 26.131578 25.684210 24.763157 27.513514 27.184212 1.108695 0.347826
19:13:28 26.026316 26.131578 25.684210 24.763157 27.513514 27.184212 1.108695 0.347826
19:13:29 26.026316 26.131578 25.684210 24.763157 27.513514 27.184212 1.108695 0.347826
19:13:29 26.026316 26.131578 25.684210 24.763157 27.513514 27.184212 1.108695 0.347826
19:13:29 26.026316 26.131578 25.684210 24.763157 27.513514 27.184212 1.108695 0.347826
19:13:30 26.026316 26.131578 25.684210 24.763157 27.513514 27.184212 1.108695 0.347826
19:13:30 26.026316 26.131578 25.684210 24.763157 27.513514 27.184212 1.086958 0.347826
19:13:31 26.026316 26.131578 25.684210 24.763157 27.513514 27.184212 1.086958 0.347826
19:13:31 26.026316 26.131578 25.684210 24.763157 27.513514 27.184212 1.086958 0.347826
19:13:31 26.026316 26.131578 25.684210 24.763157 27.540543 27.184212 1.086958 0.347826
19:13:32 26.026316 26.157894 25.684210 24.763157 27.540543 27.184212 1.086958 0.347826
19:13:32 26.026316 26.157894 25.684210 24.763157 27.540543 27.184212 1.086958 0.347826
19:13:33 26.026316 26.131578 25.684210 24.763157 27.540543 27.184212 1.086958 0.347826
19:13:33 26.026316 26.131578 25.684210 24.763157 27.540543 27.184212 1.086958 0.347826
19:13:33 26.026316 26.131578 25.684210 24.763157 27.513514 27.184212 1.086958 0.347826
19:13:34 26.026316 26.131578 25.684210 24.763157 27.513514 27.184212 1.086958 0.347826
19:13:34 26.026316 26.131578 25.684210 24.763157 27.513514 27.184212 1.086958 0.347826
19:13:35 26.026316 26.157894 25.684210 24.763157 27.513514 27.184212 1.086958 0.347826
19:13:35 26.026316 26.157894 25.684210 24.763157 27.540543 27.184212 1.086958 0.347826
19:13:35 26.026316 26.157894 25.684210 24.763157 27.540543 27.184212 1.086958 0.347826
19:13:36 26.026316 26.131578 25.684210 24.763157 27.540543 27.184212 1.086958 0.347826
19:13:36 26.026316 26.131578 25.684210 24.763157 27.540543 27.184212 1.086958 0.347826
19:13:37 26.026316 26.157894 25.684210 24.763157 27.540543 27.184212 1.086958 0.347826
19:13:37 26.026316 26.157894 25.684210 24.763157 27.513514 27.184212 1.086958 0.347826
19:13:37 26.026316 26.157894 25.684210 24.763157 27.513514 27.184212 1.086958 0.347826
19:13:38 26.026316 26.131578 25.684210 24.763157 27.513514 27.184212 1.108695 0.347826
19:13:38 26.026316 26.131578 25.684210 24.763157 27.513514 27.184212 1.108695 0.347826
19:13:39 26.026316 26.131578 25.684210 24.763157 27.513514 27.184212 1.108695 0.347826
19:13:39 26.026316 26.131578 25.684210 24.763157 27.513514 27.184212 1.086958 0.347826
19:13:39 26.026316 26.131578 25.684210 24.763157 27.513514 27.184212 1.086958 0.347826
19:13:40 26.026316 26.131578 25.684210 24.736841 27.513514 27.184212 1.108695 0.347826
19:13:40 26.026316 26.131578 25.684210 24.736841 27.513514 27.184212 1.108695 0.347826
19:13:41 26.026316 26.131578 25.684210 24.736841 27.513514 27.184212 1.108695 0.347826
19:13:41 26.026316 26.131578 25.684210 24.736841 27.513514 27.184212 1.108695 0.347826
19:13:41 26.026316 26.131578 25.684210 24.736841 27.513514 27.184212 1.108695 0.347826
19:13:42 26.026316 26.131578 25.684210 24.763157 27.540543 27.184212 1.108695 0.347826
19:13:42 26.026316 26.131578 25.684210 24.763157 27.540543 27.184212 1.108695 0.347826
19:13:43 26.026316 26.131578 25.684210 24.763157 27.540543 27.184212 1.108695 0.347826
19:13:43 26.026316 26.131578 25.684210 24.763157 27.540543 27.184212 1.108695 0.347826
19:13:43 26.026316 26.131578 25.684210 24.763157 27.540543 27.184212 1.108695 0.347826
19:13:44 26.026316 26.131578 25.684210 24.763157 27.513514 27.184212 1.108695 0.347826
19:13:44 26.026316 26.157894 25.684210 24.763157 27.513514 27.184212 1.108695 0.347826
19:13:45 26.026316 26.157894 25.684210 24.763157 27.513514 27.184212 1.108695 0.347826
19:13:45 26.026316 26.157894 25.684210 24.763157 27.513514 27.184212 1.108695 0.347826
19:13:45 26.026316 26.131578 25.684210 24.763157 27.513514 27.184212 1.108695 0.347826
19:13:46 26.026316 26.131578 25.684210 24.763157 27.513514 27.184212 1.108695 0.347826
19:13:46 26.026316 26.157894 25.684210 24.763157 27.513514 27.184212 1.108695 0.347826
19:13:47 26.026316 26.157894 25.684210 24.763157 27.513514 27.184212 1.108695 0.347826
19:13:47 26.026316 26.157894 25.684210 24.763157 27.540543 27.184212 1.108695 0.347826
19:13:47 26.026316 26.157894 25.684210 24.736841 27.540543 27.184212 1.108695 0.347826
19:13:48 26.026316 26.157894 25.684210 24.736841 27.540543 27.184212 1.108695 0.347826
19:13:48 26.026316 26.157894 25.684210 24.736841 27.540543 27.184212 1.108695 0.347826
19:13:49 26.026316 26.157894 25.684210 24.736841 27.513514 27.184212 1.086958 0.347826
19:13:49 26.026316 26.157894 25.684210 24.736841 27.513514 27.184212 1.086958 0.347826
19:13:49 26.026316 26.157894 25.684210 24.736841 27.513514 27.184212 1.086958 0.347826
19:13:50 26.026316 26.157894 25.684210 24.736841 27.540543 27.184212 1.108695 0.282613
19:13:50 26.026316 26.157894 25.684210 24.736841 27.540543 27.184212 1.108695 0.282613
19:13:51 26.026316 26.157894 25.684210 24.736841 27.540543 27.184212 1.130433 0.282613
19:13:51 26.026316 26.157894 25.684210 24.736841 27.540543 27.184212 1.130433 0.282613
19:13:51 26.026316 26.157894 25.684210 24.736841 27.540543 27.184212 1.152171 0.282613
19:13:52 26.026316 26.157894 25.684210 24.736841 27.540543 27.184212 1.152171 0.260865
19:13:52 26.026316 26.157894 25.684210 24.736841 27.540543 27.184212 1.152171 0.260865
19:13:53 26.026316 26.157894 25.684210 24.736841 27.540543 27.184212 1.195656 0.260865
19:13:53 26.026316 26.157894 25.684210 24.736841 27.540543 27.184212 1.195656 0.260865
19:13:53 26.026316 26.157894 25.684210 24.736841 27.540543 27.184212 1.282606 0.260865
19:13:54 26.026316 26.157894 25.684210 24.736841 27.540543 27.184212 1.282606 0.282613
19:13:54 26.026316 26.157894 25.684210 24.763157 27.540543 27.184212 1.282606 0.282613
19:13:55 26.026316 26.157894 25.684210 24.763157 27.540543 27.184212 1.347829 0.282613
19:13:55 26.026316 26.157894 25.684210 24.763157 27.540543 27.184212 1.347829 0.282613
19:13:55 26.026316 26.157894 25.684210 24.763157 27.540543 27.184212 1.326092 0.282613
19:13:56 26.026316 26.157894 25.684210 24.763157 27.540543 27.184212 1.326092 0.282613
19:13:56 26.026316 26.157894 25.684210 24.763157 27.540543 27.184212 1.239131 0.282613
19:13:57 26.026316 26.157894 25.684210 24.763157 27.540543 27.184212 1.239131 0.282613
19:13:57 26.026316 26.157894 25.684210 24.763157 27.540543 27.184212 1.239131 0.282613
19:13:57 26.026316 26.157894 25.684210 24.763157 27.540543 27.184212 1.173908 0.282613
19:13:58 26.026316 26.157894 25.684210 24.763157 27.540543 27.184212 1.173908 0.282613
19:13:58 26.026316 26.157894 25.684210 24.763157 27.540543 27.184212 1.108695 0.282613
19:13:59 26.026316 26.157894 25.684210 24.763157 27.540543 27.184212 1.108695 0.282613
19:13:59 26.026316 26.157894 25.684210 24.763157 27.540543 27.184212 1.108695 0.282613
19:13:59 26.026316 26.157894 25.684210 24.763157 27.540543 27.184212 1.108695 0.282613
19:14:00 26.026316 26.131578 25.684210 24.763157 27.540543 27.184212 1.108695 0.282613
19:14:00 26.026316 26.131578 25.684210 24.763157 27.540543 27.184212 1.108695 0.282613
19:14:01 26.026316 26.131578 25.684210 24.763157 27.540543 27.184212 1.108695 0.282613
19:14:01 26.026316 26.131578 25.684210 24.763157 27.540543 27.184212 1.108695 0.282613
19:14:01 26.026316 26.131578 25.684210 24.763157 27.540543 27.184212 1.086958 0.282613
19:14:02 26.026316 26.157894 25.684210 24.763157 27.540543 27.184212 1.086958 0.282613
19:14:02 26.026316 26.157894 25.684210 24.763157 27.540543 27.184212 1.086958 0.282613
19:14:03 26.026316 26.157894 25.684210 24.763157 27.540543 27.184212 1.086958 0.282613
19:14:03 26.026316 26.157894 25.684210 24.763157 27.540543 27.184212 1.086958 0.282613
19:14:03 26.026316 26.157894 25.684210 24.763157 27.540543 27.184212 1.086958 0.282613
19:14:04 26.026316 26.157894 25.684210 24.763157 27.540543 27.184212 1.086958 0.282613
19:14:04 26.026316 26.157894 25.684210 24.763157 27.540543 27.184212 1.086958 0.282613
19:14:05 26.026316 26.131578 25.684210 24.763157 27.540543 27.184212 1.086958 0.282613
19:14:05 26.026316 26.131578 25.684210 24.763157 27.540543 27.184212 1.086958 0.282613
19:14:05 26.026316 26.131578 25.684210 24.763157 27.540543 27.184212 1.086958 0.282613
19:14:06 26.026316 26.131578 25.684210 24.763157 27.540543 27.184212 1.086958 0.282613
19:14:06 26.026316 26.131578 25.684210 24.763157 27.540543 27.184212 1.065220 0.282613
19:14:07 26.026316 26.157894 25.684210 24.763157 27.540543 27.184212 1.065220 0.282613
19:14:07 26.026316 26.157894 25.684210 24.763157 27.540543 27.184212 1.086958 0.282613
19:14:08 26.026316 26.157894 25.684210 24.763157 27.540543 27.184212 1.086958 0.347826
19:14:08 26.026316 26.157894 25.684210 24.763157 27.513514 27.184212 1.086958 0.347826
19:14:08 26.026316 26.157894 25.684210 24.763157 27.513514 27.184212 1.086958 0.347826
19:14:09 26.026316 26.157894 25.684210 24.763157 27.513514 27.184212 1.086958 0.347826
19:14:09 26.026316 26.157894 25.684210 24.763157 27.513514 27.184212 1.086958 0.347826
19:14:10 26.026316 26.131578 25.684210 24.763157 27.513514 27.184212 1.086958 0.347826
19:14:10 26.026316 26.131578 25.684210 24.763157 27.513514 27.184212 1.086958 0.347826
19:14:10 26.026316 26.157894 25.684210 24.763157 27.513514 27.184212 1.086958 0.347826
19:14:11 26.026316 26.157894 25.684210 24.763157 27.513514 27.184212 1.108695 0.347826
19:14:11 26.026316 26.157894 25.684210 24.763157 27.513514 27.184212 1.108695 0.347826
19:14:12 26.026316 26.131578 25.684210 24.763157 27.513514 27.184212 1.108695 0.347826
19:14:12 26.026316 26.131578 25.684210 24.763157 27.513514 27.184212 1.108695 0.347826
19:14:12 26.026316 26.131578 25.684210 24.763157 27.513514 27.184212 1.108695 0.347826
19:14:13 26.026316 26.131578 25.684210 24.763157 27.513514 27.184212 1.108695 0.347826
19:14:13 26.026316 26.131578 25.684210 24.763157 27.513514 27.184212 1.108695 0.347826
19:14:14 26.026316 26.131578 25.684210 24.763157 27.513514 27.184212 1.108695 0.347826
19:14:14 26.026316 26.131578 25.684210 24.763157 27.513514 27.184212 1.108695 0.347826
19:14:14 26.026316 26.131578 25.684210 24.763157 27.513514 27.184212 1.108695 0.347826
19:14:15 26.026316 26.131578 25.684210 24.763157 27.540543 27.184212 1.108695 0.347826
19:14:15 26.026316 26.131578 25.684210 24.763157 27.540543 27.184212 1.108695 0.282613
19:14:16 26.026316 26.131578 25.684210 24.763157 27.540543 27.184212 1.108695 0.282613
19:14:16 26.026316 26.131578 25.684210 24.763157 27.540543 27.184212 1.108695 0.282613
19:14:16 26.026316 26.131578 25.684210 24.763157 27.540543 27.184212 1.108695 0.282613
19:14:17 26.026316 26.131578 25.684210 24.763157 27.540543 27.184212 1.108695 0.282613
19:14:17 26.026316 26.131578 25.684210 24.763157 27.540543 27.184212 1.108695 0.282613
19:14:18 26.026316 26.131578 25.684210 24.763157 27.540543 27.184212 1.108695 0.282613
19:14:18 26.026316 26.131578 25.684210 24.763157 27.540543 27.184212 1.108695 0.282613
19:14:18 26.026316 26.131578 25.684210 24.763157 27.540543 27.184212 1.108695 0.282613
19:14:19 26.026316 26.131578 25.684210 24.763157 27.540543 27.184212 1.108695 0.282613
19:14:19 26.026316 26.131578 25.684210 24.763157 27.540543 27.184212 1.108695 0.282613
19:14:20 26.026316 26.131578 25.684210 24.736841 27.540543 27.184212 1.108695 0.282613
19:14:20 26.026316 26.131578 25.684210 24.736841 27.540543 27.184212 1.108695 0.239128
19:14:20 26.026316 26.131578 25.684210 24.736841 27.540543 27.184212 1.108695 0.239128
19:14:21 26.026316 26.131578 25.684210 24.736841 27.513514 27.184212 1.108695 0.347826
19:14:21 26.026316 26.131578 25.684210 24.736841 27.513514 27.184212 1.108695 0.347826
19:14:22 26.026316 26.131578 25.684210 24.736841 27.513514 27.184212 1.108695 0.347826
19:14:22 26.026316 26.157894 25.684210 24.736841 27.513514 27.184212 1.108695 0.347826
19:14:22 26.026316 26.157894 25.684210 24.736841 27.513514 27.184212 1.130433 0.347826
19:14:23 26.026316 26.157894 25.684210 24.736841 27.540543 27.184212 1.130433 0.347826
19:14:23 26.026316 26.131578 25.684210 24.736841 27.540543 27.184212 1.130433 0.347826
19:14:24 26.026316 26.131578 25.684210 24.736841 27.540543 27.184212 1.173908 0.347826
19:14:24 26.026316 26.131578 25.684210 24.736841 27.540543 27.184212 1.173908 0.260865
19:14:24 26.026316 26.131578 25.684210 24.736841 27.540543 27.184212 1.239131 0.260865
19:14:25 26.026316 26.131578 25.684210 24.736841 27.540543 27.184212 1.239131 0.282613
19:14:25 26.026316 26.131578 25.684210 24.736841 27.540543 27.184212 1.239131 0.282613
19:14:26 26.026316 26.131578 25.684210 24.736841 27.540543 27.184212 1.282606 0.282613
19:14:26 26.026316 26.131578 25.684210 24.736841 27.540543 27.184212 1.282606 0.282613
19:14:26 26.026316 26.131578 25.684210 24.763157 27.540543 27.184212 1.347829 0.282613
19:14:27 26.026316 26.131578 25.684210 24.763157 27.540543 27.184212 1.347829 0.282613
19:14:27 26.026316 26.131578 25.684210 24.763157 27.540543 27.184212 1.347829 0.282613
19:14:28 26.026316 26.131578 25.684210 24.763157 27.540543 27.184212 1.304344 0.282613
19:14:28 26.026316 26.131578 25.684210 24.763157 27.540543 27.184212 1.304344 0.282613
19:14:28 26.026316 26.131578 25.684210 24.763157 27.540543 27.184212 1.217394 0.282613
19:14:29 26.026316 26.131578 25.684210 24.763157 27.540543 27.184212 1.217394 0.282613
19:14:29 26.026316 26.131578 25.684210 24.763157 27.540543 27.184212 1.152171 0.282613
19:14:30 26.026316 26.131578 25.684210 24.763157 27.513514 27.184212 1.152171 0.347826
19:14:30 26.026316 26.131578 25.684210 24.763157 27.513514 27.184212 1.152171 0.347826
19:14:30 26.026316 26.131578 25.684210 24.763157 27.513514 27.184212 1.108695 0.347826
19:14:31 26.026316 26.131578 25.684210 24.763157 27.513514 27.184212 1.108695 0.347826
19:14:31 26.026316 26.131578 25.684210 24.763157 27.513514 27.184212 1.108695 0.347826
19:14:32 26.026316 26.131578 25.684210 24.763157 27.513514 27.184212 1.108695 0.347826
19:14:32 26.026316 26.157894 25.684210 24.763157 27.513514 27.184212 1.108695 0.347826
19:14:32 26.026316 26.157894 25.684210 24.763157 27.513514 27.184212 1.086958 0.347826
19:14:33 26.026316 26.157894 25.684210 24.763157 27.513514 27.184212 1.086958 0.347826
19:14:33 26.026316 26.157894 25.684210 24.763157 27.513514 27.184212 1.086958 0.347826
19:14:34 26.026316 26.157894 25.684210 24.763157 27.513514 27.184212 1.086958 0.347826
19:14:34 26.026316 26.131578 25.684210 24.763157 27.513514 27.184212 1.086958 0.347826
19:14:34 26.026316 26.131578 25.684210 24.763157 27.540543 27.184212 1.086958 0.282613
19:14:35 26.026316 26.131578 25.684210 24.763157 27.540543 27.184212 1.086958 0.282613
19:14:35 26.026316 26.131578 25.684210 24.763157 27.540543 27.184212 1.086958 0.282613
19:14:36 26.026316 26.131578 25.684210 24.763157 27.540543 27.184212 1.086958 0.282613
19:14:36 26.026316 26.131578 25.684210 24.763157 27.540543 27.184212 1.086958 0.282613
19:14:36 26.026316 26.131578 25.684210 24.763157 27.540543 27.184212 1.086958 0.282613
19:14:37 26.026316 26.131578 25.684210 24.763157 27.540543 27.184212 1.086958 0.282613
19:14:37 26.026316 26.131578 25.684210 24.763157 27.540543 27.184212 1.086958 0.282613
19:14:38 26.026316 26.131578 25.684210 24.763157 27.540543 27.184212 1.086958 0.282613
19:14:38 26.026316 26.131578 25.684210 24.763157 27.540543 27.184212 1.086958 0.282613
19:14:38 26.026316 26.131578 25.684210 24.763157 27.540543 27.184212 1.086958 0.282613
19:14:39 26.026316 26.131578 25.684210 24.763157 27.540543 27.184212 1.086958 0.282613
19:14:39 26.026316 26.131578 25.684210 24.763157 27.540543 27.184212 1.086958 0.282613
19:14:40 26.026316 26.131578 25.684210 24.763157 27.540543 27.184212 1.086958 0.195653
19:14:40 26.026316 26.131578 25.684210 24.763157 27.513514 27.184212 1.086958 0.195653
19:14:40 26.026316 26.131578 25.684210 24.763157 27.513514 27.184212 1.086958 0.347826
19:14:41 26.026316 26.157894 25.684210 24.763157 27.513514 27.184212 1.086958 0.347826
19:14:41 26.026316 26.157894 25.684210 24.763157 27.513514 27.184212 1.086958 0.347826
19:14:42 26.026316 26.157894 25.684210 24.763157 27.513514 27.184212 1.086958 0.347826
19:14:42 26.026316 26.157894 25.684210 24.763157 27.513514 27.184212 1.086958 0.347826
19:14:42 26.026316 26.157894 25.684210 24.763157 27.513514 27.184212 1.086958 0.347826
19:14:43 26.026316 26.157894 25.684210 24.763157 27.513514 27.184212 1.108695 0.347826
19:14:43 26.026316 26.157894 25.684210 24.763157 27.513514 27.184212 1.108695 0.260865
19:14:44 26.026316 26.131578 25.684210 24.763157 27.513514 27.184212 1.108695 0.260865
19:14:44 26.026316 26.131578 25.684210 24.763157 27.540543 27.184212 1.108695 0.260865
19:14:44 26.026316 26.131578 25.684210 24.763157 27.540543 27.184212 1.108695 0.282613
19:14:45 26.026316 26.131578 25.684210 24.763157 27.540543 27.184212 1.108695 0.282613
19:14:45 26.026316 26.131578 25.684210 24.763157 27.540543 27.184212 1.108695 0.260865
19:14:46 26.026316 26.131578 25.684210 24.736841 27.540543 27.184212 1.108695 0.260865
19:14:46 26.026316 26.131578 25.684210 24.736841 27.540543 27.184212 1.130433 0.282613
19:14:46 26.026316 26.131578 25.684210 24.736841 27.540543 27.184212 1.130433 0.282613
19:14:47 26.026316 26.131578 25.684210 24.736841 27.540543 27.184212 1.108695 0.282613
19:14:47 26.026316 26.131578 25.684210 24.736841 27.540543 27.184212 1.108695 0.282613
19:14:48 26.026316 26.131578 25.684210 24.763157 27.540543 27.184212 1.108695 0.282613
19:14:48 26.026316 26.131578 25.684210 24.763157 27.540543 27.184212 1.108695 0.260865
19:14:48 26.026316 26.131578 25.684210 24.763157 27.540543 27.184212 1.108695 0.260865
19:14:49 26.026316 26.131578 25.684210 24.763157 27.540543 27.184212 1.108695 0.260865
19:14:49 26.026316 26.131578 25.684210 24.763157 27.540543 27.184212 1.108695 0.195653
19:14:50 26.026316 26.131578 25.684210 24.763157 27.540543 27.184212 1.108695 0.195653
19:14:50 26.026316 26.131578 25.684210 24.763157 27.513514 27.184212 1.108695 0.347826
19:14:50 26.026316 26.131578 25.684210 24.736841 27.513514 27.184212 1.108695 0.347826
19:14:51 26.026316 26.131578 25.684210 24.736841 27.513514 27.184212 1.108695 0.347826
19:14:51 26.026316 26.131578 25.684210 24.736841 27.513514 27.184212 1.108695 0.347826
19:14:52 26.026316 26.131578 25.684210 24.736841 27.513514 27.184212 1.086958 0.347826
19:14:52 26.026316 26.131578 25.684210 24.736841 27.513514 27.184212 1.086958 0.347826
19:14:52 26.026316 26.131578 25.684210 24.736841 27.513514 27.184212 1.086958 0.347826
19:14:53 26.026316 26.131578 25.684210 24.736841 27.513514 27.184212 1.108695 0.347826
19:14:53 26.026316 26.131578 25.684210 24.736841 27.513514 27.184212 1.108695 0.347826
19:14:54 26.026316 26.131578 25.684210 24.736841 27.540543 27.184212 1.108695 0.347826
19:14:54 26.026316 26.131578 25.684210 24.736841 27.540543 27.184212 1.108695 0.260865
19:14:54 26.026316 26.131578 25.684210 24.736841 27.540543 27.184212 1.152171 0.260865
19:14:55 26.026316 26.131578 25.684210 24.736841 27.540543 27.184212 1.152171 0.282613
19:14:55 26.026316 26.131578 25.684210 24.736841 27.540543 27.184212 1.152171 0.282613
19:14:56 26.026316 26.131578 25.684210 24.736841 27.540543 27.184212 1.173908 0.282613
19:14:56 26.026316 26.131578 25.684210 24.736841 27.540543 27.184212 1.173908 0.282613
19:14:56 26.026316 26.131578 25.684210 24.736841 27.540543 27.184212 1.282606 0.282613
19:14:57 26.026316 26.131578 25.684210 24.736841 27.540543 27.184212 1.282606 0.282613
19:14:57 26.026316 26.131578 25.684210 24.736841 27.540543 27.184212 1.282606 0.282613
19:14:58 26.026316 26.131578 25.684210 24.736841 27.540543 27.184212 1.326092 0.282613
19:14:58 26.026316 26.131578 25.684210 24.736841 27.540543 27.184212 1.326092 0.282613
19:14:58 26.026316 26.131578 25.684210 24.763157 27.540543 27.184212 1.304344 0.282613
19:14:59 26.026316 26.131578 25.684210 24.763157 27.540543 27.184212 1.304344 0.282613
19:14:59 26.026316 26.131578 25.684210 24.763157 27.540543 27.184212 1.260869 0.282613
19:15:00 26.026316 26.131578 25.684210 24.763157 27.540543 27.184212 1.260869 0.347826
19:15:00 26.026316 26.131578 25.684210 24.763157 27.540543 27.184212 1.260869 0.347826
19:15:00 26.026316 26.131578 25.684210 24.763157 27.513514 27.184212 1.173908 0.347826
19:15:01 26.026316 26.131578 25.684210 24.763157 27.513514 27.184212 1.173908 0.347826
19:15:01 26.026316 26.131578 25.684210 24.763157 27.513514 27.184212 1.130433 0.347826
19:15:02 26.026316 26.131578 25.684210 24.763157 27.513514 27.184212 1.130433 0.347826
19:15:02 26.026316 26.157894 25.684210 24.763157 27.513514 27.184212 1.130433 0.347826
19:15:02 26.026316 26.157894 25.684210 24.763157 27.513514 27.184212 1.108695 0.347826
19:15:03 26.026316 26.131578 25.684210 24.763157 27.513514 27.184212 1.108695 0.347826
19:15:03 26.026316 26.131578 25.684210 24.763157 27.540543 27.184212 1.108695 0.347826
19:15:04 26.026316 26.131578 25.684210 24.763157 27.540543 27.184212 1.108695 0.260865
19:15:04 26.026316 26.157894 25.684210 24.763157 27.540543 27.184212 1.108695 0.260865
19:15:04 26.026316 26.157894 25.684210 24.763157 27.540543 27.184212 1.086958 0.260865
19:15:05 26.026316 26.131578 25.684210 24.763157 27.540543 27.184212 1.086958 0.282613
19:15:05 26.026316 26.131578 25.684210 24.763157 27.540543 27.184212 1.086958 0.282613
19:15:06 26.026316 26.131578 25.684210 24.763157 27.540543 27.184212 1.086958 0.282613
19:15:06 26.026316 26.131578 25.684210 24.763157 27.540543 27.184212 1.086958 0.282613
19:15:06 26.026316 26.131578 25.684210 24.763157 27.540543 27.184212 1.086958 0.282613
19:15:07 26.026316 26.131578 25.684210 24.763157 27.540543 27.184212 1.086958 0.282613
19:15:07 26.026316 26.131578 25.684210 24.763157 27.540543 27.184212 1.086958 0.282613
