13:45:56 27.210526 27.105263 26.921053 26.657894 25.945946 25.894737 1.891299 0.108692
13:45:57 27.210526 27.105263 26.921053 26.657894 24.891891 24.868422 1.913047 11.391302
13:45:58 27.210526 27.105263 26.921053 26.657894 25.108109 24.973684 1.891299 10.652173
13:45:59 27.210526 27.105263 26.921053 26.657894 25.108109 25.026316 1.869562 10.304352
13:46:00 27.210526 27.105263 26.921053 26.657894 25.135136 25.026316 1.869562 10.065218
13:46:01 27.210526 27.105263 26.921053 26.657894 25.108109 25.026316 1.891299 10.239128
13:46:02 27.210526 27.105263 26.921053 26.657894 25.135136 25.052631 1.913047 9.673911
13:46:03 27.210526 27.105263 26.921053 26.657894 25.108109 25.000000 1.869562 10.173916
13:46:04 27.210526 27.105263 26.921053 26.657894 25.135136 25.026316 1.847824 10.130430
13:46:05 27.210526 27.105263 26.921053 26.657894 25.108109 25.000000 1.847824 10.173916
13:46:06 27.210526 27.105263 26.921053 26.657894 25.108109 25.000000 1.869562 10.173916
13:46:07 27.210526 27.105263 26.921053 26.657894 25.108109 24.973684 1.869562 10.260866
13:46:08 27.210526 27.105263 26.921053 26.657894 25.081081 24.973684 1.869562 10.304352
13:46:09 27.210526 27.105263 26.921053 26.657894 25.108109 24.973684 1.869562 10.217391
13:46:10 27.184212 27.105263 26.921053 26.657894 25.081081 24.973684 1.891299 10.173916
13:46:11 27.210526 27.105263 26.921053 26.657894 25.081081 24.973684 1.869562 10.173916
13:46:12 27.210526 27.105263 26.921053 26.657894 25.081081 24.973684 1.869562 10.130430
13:46:13 27.210526 27.105263 26.921053 26.657894 25.081081 24.973684 1.847824 10.152179
13:46:14 27.210526 27.105263 26.921053 26.657894 25.081081 24.973684 1.847824 10.195653
13:46:15 27.210526 27.105263 26.921053 26.657894 25.081081 24.947369 1.913047 10.260866
13:46:16 27.210526 27.105263 26.921053 26.657894 25.081081 24.973684 1.847824 10.130430
13:46:17 27.210526 27.105263 26.894737 26.657894 25.081081 24.947369 1.869562 10.239128
13:46:18 27.210526 27.105263 26.894737 26.657894 25.081081 24.947369 1.891299 10.195653
13:46:19 27.210526 27.105263 26.921053 26.657894 25.054054 24.947369 1.891299 10.130430
13:46:20 27.210526 27.105263 26.921053 26.578949 25.081081 24.947369 1.934785 10.239128
13:46:21 27.210526 27.105263 26.921053 26.578949 25.081081 24.947369 1.956522 10.282603
13:46:22 27.210526 27.105263 26.921053 26.657894 25.081081 24.947369 1.934785 10.282603
13:46:23 27.210526 27.105263 26.921053 26.657894 25.054054 24.947369 2.086958 10.260866
13:46:24 27.210526 27.105263 26.921053 26.657894 25.054054 24.947369 1.913047 10.173916
13:46:25 27.210526 27.105263 26.921053 26.657894 25.054054 24.947369 1.934785 10.217391
13:46:26 27.210526 27.105263 26.921053 26.657894 25.081081 24.947369 1.999997 10.195653
13:46:27 27.210526 27.105263 26.921053 26.657894 25.054054 24.947369 1.934785 10.195653
13:46:28 27.210526 27.105263 26.921053 26.657894 25.054054 24.947369 1.891299 10.239128
13:46:29 27.210526 27.105263 26.921053 26.657894 25.081081 24.947369 1.891299 10.152179
13:46:30 27.210526 27.105263 26.921053 26.657894 25.054054 24.947369 1.869562 10.152179
13:46:31 27.210526 27.105263 26.921053 26.657894 25.054054 24.921053 1.869562 10.195653
13:46:32 27.210526 27.105263 26.921053 26.657894 25.054054 24.921053 1.869562 10.282603
13:46:33 27.210526 27.105263 26.921053 26.657894 25.054054 24.947369 1.847824 10.239128
13:46:34 27.210526 27.105263 26.921053 26.657894 25.054054 24.921053 1.869562 10.217391
13:46:35 27.210526 27.105263 26.921053 26.657894 25.054054 24.921053 1.869562 10.304352
13:46:36 27.210526 27.105263 26.921053 26.657894 25.054054 24.921053 1.869562 10.195653
13:46:37 27.210526 27.105263 26.921053 26.657894 25.054054 24.921053 1.847824 10.304352
13:46:38 27.210526 27.105263 26.921053 26.657894 25.054054 24.921053 1.847824 10.239128
13:46:39 27.210526 27.105263 26.921053 26.657894 25.027027 24.921053 1.869562 10.173916
13:46:40 27.184212 27.105263 26.921053 26.657894 25.054054 24.921053 1.891299 10.217391
13:46:41 27.184212 27.105263 26.921053 26.657894 25.027027 24.921053 1.891299 10.260866
13:46:42 27.210526 27.105263 26.921053 26.657894 25.027027 24.921053 1.891299 10.260866
13:46:43 27.210526 27.105263 26.921053 26.657894 25.054054 24.921053 1.869562 10.195653
13:46:44 27.210526 27.105263 26.921053 26.657894 25.027027 24.921053 1.869562 10.217391
13:46:45 27.210526 27.105263 26.921053 26.657894 25.027027 24.921053 1.847824 10.195653
13:46:46 27.210526 27.105263 26.921053 26.657894 25.027027 24.921053 1.847824 10.239128
13:46:47 27.210526 27.105263 26.921053 26.657894 25.054054 24.921053 1.869562 10.239128
13:46:48 27.210526 27.105263 26.894737 26.657894 25.027027 24.894737 1.869562 10.260866
13:46:49 27.210526 27.105263 26.894737 26.657894 25.027027 24.894737 1.869562 10.326089
13:46:50 27.210526 27.105263 26.894737 26.657894 25.027027 24.921053 1.891299 10.260866
13:46:51 27.210526 27.105263 26.921053 26.605263 25.027027 24.921053 1.934785 10.260866
13:46:52 27.210526 27.105263 26.921053 26.657894 25.027027 24.921053 1.934785 10.260866
13:46:53 27.210526 27.105263 26.921053 26.657894 25.027027 24.894737 1.913047 10.304352
13:46:54 27.210526 27.105263 26.921053 26.657894 25.027027 24.894737 1.913047 10.304352
13:46:55 27.210526 27.105263 26.921053 26.657894 25.027027 24.894737 1.934785 10.195653
13:46:56 27.210526 27.105263 26.921053 26.657894 25.027027 24.894737 2.043483 10.260866
13:46:57 27.210526 27.105263 26.921053 26.657894 25.027027 24.894737 2.065220 10.152179
13:46:58 27.210526 27.105263 26.921053 26.657894 25.027027 24.894737 2.217394 10.239128
13:46:59 27.210526 27.105263 26.921053 26.657894 25.027027 24.894737 1.891299 10.326089
13:47:00 27.210526 27.105263 26.921053 26.657894 25.027027 24.894737 1.891299 10.217391
13:47:01 27.210526 27.105263 26.921053 26.657894 25.027027 24.894737 1.891299 10.282603
13:47:02 27.210526 27.105263 26.921053 26.657894 25.027027 24.894737 1.869562 10.282603
13:47:03 27.210526 27.105263 26.921053 26.657894 25.027027 24.894737 1.826087 10.282603
13:47:04 27.210526 27.105263 26.921053 26.657894 25.027027 24.894737 1.847824 10.086955
13:47:05 27.210526 27.105263 26.921053 26.657894 25.027027 24.894737 1.934785 10.217391
13:47:06 27.210526 27.105263 26.921053 26.657894 25.027027 24.894737 1.847824 10.239128
13:47:07 27.210526 27.105263 26.921053 26.657894 25.027027 24.894737 1.847824 10.239128
13:47:08 27.210526 27.105263 26.921053 26.657894 25.027027 24.894737 1.869562 10.391302
13:47:09 27.210526 27.105263 26.921053 26.657894 25.027027 24.894737 1.869562 10.239128
13:47:10 27.210526 27.105263 26.921053 26.657894 25.027027 24.894737 1.913047 10.195653
13:47:11 27.184212 27.105263 26.921053 26.657894 25.027027 24.894737 1.934785 10.173916
13:47:12 27.210526 27.105263 26.921053 26.657894 25.027027 24.894737 1.934785 10.239128
13:47:13 27.210526 27.105263 26.921053 26.657894 25.027027 24.894737 1.847824 10.282603
13:47:14 27.210526 27.105263 26.921053 26.657894 25.027027 24.894737 1.847824 10.326089
13:47:15 27.210526 27.105263 26.921053 26.657894 25.000000 24.894737 1.847824 10.195653
13:47:16 27.210526 27.105263 26.921053 26.657894 25.027027 24.894737 1.891299 10.173916
13:47:17 27.210526 27.105263 26.921053 26.657894 25.000000 24.894737 1.869562 10.152179
13:47:18 27.210526 27.105263 26.921053 26.657894 25.027027 24.894737 1.869562 10.282603
13:47:19 27.210526 27.131578 26.921053 26.657894 25.000000 24.868422 1.869562 10.304352
13:47:20 27.210526 27.105263 26.894737 26.657894 25.000000 24.868422 1.891299 10.326089
13:47:21 27.210526 27.131578 26.894737 26.657894 25.000000 24.868422 1.891299 10.369564
13:47:22 27.210526 27.131578 26.921053 26.684210 25.000000 24.868422 2.021735 10.369564
13:47:23 27.210526 27.131578 26.894737 26.684210 25.000000 24.868422 1.999997 10.282603
13:47:24 27.210526 27.131578 26.921053 26.684210 25.000000 24.868422 2.065220 10.304352
13:47:25 27.210526 27.105263 26.894737 26.657894 25.000000 24.868422 2.043483 10.217391
13:47:26 27.210526 27.131578 26.921053 26.684210 25.000000 24.868422 2.086958 10.304352
13:47:27 27.236841 27.131578 26.921053 26.684210 25.000000 24.868422 2.152171 10.347827
13:47:28 27.236841 27.131578 26.921053 26.684210 25.000000 24.868422 2.760874 10.326089
13:47:29 27.236841 27.131578 26.921053 26.684210 25.000000 24.868422 3.326092 10.347827
13:47:30 27.236841 27.131578 26.921053 26.684210 25.000000 24.868422 2.065220 10.217391
13:47:31 27.236841 27.131578 26.921053 26.684210 25.027027 24.868422 1.999997 10.326089
13:47:32 27.236841 27.131578 26.921053 26.684210 25.000000 24.868422 1.999997 10.369564
13:47:33 27.236841 27.131578 26.921053 26.684210 25.000000 24.868422 1.978260 10.369564
13:47:34 27.236841 27.131578 26.921053 26.684210 25.000000 24.868422 1.956522 10.413039
13:47:35 27.236841 27.131578 26.921053 26.684210 25.000000 24.868422 1.956522 10.326089
13:47:36 27.236841 27.131578 26.921053 26.684210 25.000000 24.868422 1.956522 10.326089
13:47:37 27.236841 27.131578 26.921053 26.684210 25.000000 24.868422 1.978260 10.369564
13:47:38 27.236841 27.131578 26.921053 26.684210 25.000000 24.868422 1.978260 10.282603
13:47:39 27.236841 27.131578 26.921053 26.684210 25.000000 24.868422 1.978260 10.326089
13:47:40 27.236841 27.131578 26.921053 26.684210 25.000000 24.868422 2.065220 10.456525
13:47:41 27.236841 27.131578 26.921053 26.684210 25.000000 24.868422 2.043483 10.304352
13:47:42 27.236841 27.131578 26.921053 26.684210 25.000000 24.868422 2.043483 10.326089
13:47:43 27.236841 27.131578 26.921053 26.684210 25.000000 24.868422 1.978260 10.369564
13:47:44 27.236841 27.131578 26.921053 26.684210 25.000000 24.868422 1.956522 10.369564
13:47:45 27.236841 27.131578 26.921053 26.684210 25.000000 24.868422 1.978260 10.326089
13:47:46 27.236841 27.131578 26.921053 26.684210 25.000000 24.868422 1.978260 10.391302
13:47:47 27.236841 27.131578 26.921053 26.684210 25.000000 24.868422 1.978260 10.391302
13:47:48 27.236841 27.131578 26.921053 26.684210 25.000000 24.868422 1.978260 10.347827
13:47:49 27.236841 27.105263 26.921053 26.684210 25.000000 24.868422 2.021735 10.369564
13:47:50 27.236841 27.131578 26.894737 26.684210 25.000000 24.868422 1.978260 10.347827
13:47:51 27.236841 27.131578 26.894737 26.684210 25.000000 24.868422 1.978260 10.391302
13:47:52 27.236841 27.131578 26.921053 26.684210 25.000000 24.868422 1.999997 10.391302
13:47:53 27.236841 27.131578 26.921053 26.684210 25.000000 24.868422 2.021735 10.347827
13:47:54 27.236841 27.131578 26.921053 26.684210 25.000000 24.868422 2.043483 10.391302
13:47:55 27.236841 27.131578 26.921053 26.684210 25.000000 24.868422 2.043483 10.413039
13:47:56 27.236841 27.131578 26.921053 26.684210 25.000000 24.868422 2.043483 10.347827
13:47:57 27.236841 27.131578 26.921053 26.657894 24.972973 24.868422 2.065220 10.326089
13:47:58 27.236841 27.131578 26.921053 26.684210 25.000000 24.868422 2.152171 10.282603
13:47:59 27.236841 27.131578 26.921053 26.684210 25.000000 24.868422 3.282606 10.391302
13:48:00 27.236841 27.131578 26.921053 26.684210 25.000000 24.868422 3.869562 10.369564
13:48:01 27.236841 27.131578 26.921053 26.684210 25.000000 24.868422 2.782612 10.304352
13:48:02 27.236841 27.131578 26.921053 26.684210 25.000000 24.868422 2.043483 10.369564
13:48:03 27.236841 27.131578 26.921053 26.684210 25.000000 24.868422 1.999997 10.326089
13:48:04 27.236841 27.131578 26.921053 26.657894 25.000000 24.868422 1.978260 10.391302
13:48:05 27.236841 27.131578 26.921053 26.684210 25.000000 24.868422 1.978260 10.347827
13:48:06 27.236841 27.131578 26.921053 26.684210 25.000000 24.868422 1.978260 10.326089
13:48:07 27.236841 27.131578 26.921053 26.684210 25.000000 24.868422 1.999997 10.456525
13:48:08 27.236841 27.131578 26.921053 26.684210 24.972973 24.842104 1.978260 10.369564
13:48:09 27.236841 27.131578 26.921053 26.684210 24.972973 24.868422 1.956522 10.413039
13:48:10 27.236841 27.131578 26.921053 26.684210 24.972973 24.868422 1.956522 10.391302
13:48:11 27.236841 27.131578 26.921053 26.684210 24.972973 24.868422 1.956522 10.391302
13:48:12 27.236841 27.131578 26.921053 26.684210 24.972973 24.868422 1.956522 10.391302
13:48:13 27.236841 27.131578 26.921053 26.684210 25.000000 24.868422 1.956522 10.391302
13:48:14 27.236841 27.131578 26.921053 26.657894 24.972973 24.868422 1.956522 10.413039
13:48:15 27.210526 27.131578 26.921053 26.657894 25.000000 24.868422 2.021735 10.391302
13:48:16 27.210526 27.131578 26.921053 26.684210 24.972973 24.868422 2.021735 10.413039
13:48:17 27.236841 27.131578 26.921053 26.657894 24.972973 24.868422 1.978260 10.304352
13:48:18 27.236841 27.105263 26.921053 26.657894 24.972973 24.842104 1.978260 10.326089
13:48:19 27.236841 27.105263 26.921053 26.657894 24.972973 24.842104 1.978260 10.391302
13:48:20 27.236841 27.105263 26.921053 26.657894 24.972973 24.842104 1.978260 10.369564
13:48:21 27.236841 27.131578 26.921053 26.657894 24.972973 24.868422 1.978260 10.347827
13:48:22 27.236841 27.131578 26.894737 26.657894 24.972973 24.868422 1.978260 10.282603
13:48:23 27.236841 27.131578 26.894737 26.657894 24.972973 24.868422 1.999997 10.434787
13:48:24 27.236841 27.131578 26.921053 26.657894 24.972973 24.842104 1.999997 10.391302
13:48:25 27.236841 27.131578 26.921053 26.657894 24.972973 24.868422 2.021735 10.326089
13:48:26 27.236841 27.157896 26.921053 26.605263 24.972973 24.868422 2.043483 10.391302
13:48:27 27.236841 27.157896 26.921053 26.578949 24.972973 24.842104 2.108696 10.391302
13:48:28 27.236841 27.157896 26.921053 26.605263 24.972973 24.868422 2.130433 10.500000
13:48:29 27.236841 27.157896 26.921053 26.657894 24.972973 24.842104 2.500003 10.391302
13:48:30 27.236841 27.157896 26.921053 26.657894 24.972973 24.842104 3.913047 10.369564
13:48:31 27.236841 27.131578 26.921053 26.657894 24.972973 24.842104 4.673913 10.456525
13:48:32 27.236841 27.131578 26.921053 26.657894 24.972973 24.868422 3.630438 10.326089
13:48:33 27.236841 27.157896 26.921053 26.657894 24.972973 24.842104 2.195656 10.326089
13:48:34 27.236841 27.157896 26.921053 26.657894 24.972973 24.842104 2.043483 10.456525
13:48:35 27.236841 27.157896 26.921053 26.657894 24.972973 24.868422 2.043483 10.456525
13:48:36 27.236841 27.131578 26.921053 26.657894 24.972973 24.842104 2.021735 10.369564
13:48:37 27.236841 27.157896 26.921053 26.657894 24.972973 24.842104 2.021735 10.478262
13:48:38 27.236841 27.157896 26.947367 26.657894 24.972973 24.842104 2.021735 10.434787
13:48:39 27.236841 27.157896 26.921053 26.657894 24.972973 24.868422 2.065220 10.369564
13:48:40 27.263159 27.157896 26.921053 26.657894 24.972973 24.868422 2.021735 10.369564
13:48:41 27.263159 27.157896 26.921053 26.657894 24.972973 24.842104 2.043483 10.413039
13:48:42 27.236841 27.157896 26.921053 26.657894 24.972973 24.842104 2.043483 10.586961
13:48:43 27.236841 27.157896 26.921053 26.657894 24.972973 24.842104 2.152171 10.521737
13:48:44 27.236841 27.157896 26.921053 26.657894 24.972973 24.842104 2.021735 10.565212
13:48:45 27.236841 27.157896 26.921053 26.657894 24.972973 24.842104 2.043483 10.413039
13:48:46 27.210526 27.157896 26.921053 26.657894 24.972973 24.842104 2.043483 10.413039
13:48:47 27.210526 27.157896 26.921053 26.657894 24.972973 24.842104 2.021735 10.478262
13:48:48 27.236841 27.131578 26.921053 26.657894 24.945946 24.842104 2.021735 10.456525
13:48:49 27.236841 27.131578 26.921053 26.657894 24.945946 24.842104 1.999997 10.500000
13:48:50 27.236841 27.131578 26.921053 26.657894 24.945946 24.842104 1.999997 10.434787
13:48:51 27.236841 27.105263 26.921053 26.657894 24.972973 24.842104 1.978260 10.478262
13:48:52 27.236841 27.131578 26.921053 26.657894 24.945946 24.842104 2.021735 10.456525
13:48:53 27.236841 27.157896 26.921053 26.657894 24.972973 24.842104 1.978260 10.456525
13:48:54 27.236841 27.157896 26.921053 26.657894 24.972973 24.842104 1.978260 10.434787
13:48:55 27.236841 27.157896 26.894737 26.657894 24.945946 24.842104 1.978260 10.369564
13:48:56 27.236841 27.157896 26.921053 26.657894 24.945946 24.842104 2.021735 10.434787
13:48:57 27.236841 27.157896 26.921053 26.631580 24.945946 24.842104 2.043483 10.456525
13:48:58 27.263159 27.157896 26.921053 26.578949 24.945946 24.842104 2.065220 10.369564
13:48:59 27.263159 27.157896 26.947367 26.578949 24.945946 24.842104 2.108696 10.478262
13:49:00 27.263159 27.157896 26.947367 26.631580 24.972973 24.842104 2.195656 10.478262
13:49:01 27.263159 27.157896 26.947367 26.657894 24.972973 24.842104 3.065220 10.456525
13:49:02 27.263159 27.157896 26.947367 26.657894 24.972973 24.842104 4.130433 10.456525
13:49:03 27.263159 27.157896 26.947367 26.657894 24.972973 24.842104 4.260869 10.369564
13:49:04 27.263159 27.157896 26.947367 26.657894 24.972973 24.842104 3.239131 10.456525
13:49:05 27.263159 27.157896 26.947367 26.657894 24.972973 24.842104 2.065220 10.543475
13:49:06 27.263159 27.157896 26.947367 26.657894 24.972973 24.815788 2.021735 10.500000
13:49:07 27.263159 27.157896 26.947367 26.657894 24.972973 24.842104 2.021735 10.500000
13:49:08 27.263159 27.157896 26.947367 26.657894 24.972973 24.842104 2.021735 10.456525
13:49:09 27.263159 27.157896 26.947367 26.657894 24.972973 24.842104 2.021735 10.500000
13:49:10 27.263159 27.157896 26.947367 26.657894 24.945946 24.842104 2.021735 10.456525
13:49:11 27.263159 27.157896 26.947367 26.657894 24.945946 24.842104 2.021735 10.478262
13:49:12 27.263159 27.157896 26.947367 26.657894 24.945946 24.842104 2.043483 10.391302
13:49:13 27.263159 27.157896 26.947367 26.657894 24.945946 24.815788 2.021735 10.565212
13:49:14 27.263159 27.157896 26.947367 26.657894 24.945946 24.842104 2.043483 10.521737
13:49:15 27.263159 27.157896 26.947367 26.657894 24.945946 24.842104 2.021735 10.456525
13:49:16 27.263159 27.157896 26.947367 26.657894 24.945946 24.842104 2.021735 10.608698
13:49:17 27.236841 27.157896 26.947367 26.657894 24.972973 24.842104 2.065220 10.434787
13:49:18 27.210526 27.157896 26.947367 26.657894 24.945946 24.842104 2.043483 10.413039
13:49:19 27.236841 27.157896 26.947367 26.657894 24.945946 24.815788 2.021735 10.500000
13:49:20 27.236841 27.157896 26.947367 26.657894 24.945946 24.842104 1.999997 10.456525
13:49:21 27.263159 27.131578 26.947367 26.657894 24.945946 24.815788 1.999997 10.478262
13:49:22 27.263159 27.131578 26.947367 26.657894 24.945946 24.815788 1.978260 10.543475
13:49:23 27.263159 27.131578 26.947367 26.657894 24.945946 24.842104 1.978260 10.413039
13:49:24 27.263159 27.131578 26.947367 26.657894 24.945946 24.815788 1.999997 10.413039
13:49:25 27.263159 27.157896 26.921053 26.657894 24.945946 24.842104 1.978260 10.521737
13:49:26 27.263159 27.157896 26.921053 26.657894 24.945946 24.815788 1.978260 10.456525
13:49:27 27.263159 27.157896 26.921053 26.657894 24.945946 24.815788 1.999997 10.521737
13:49:28 27.263159 27.157896 26.947367 26.657894 24.945946 24.815788 2.021735 10.521737
13:49:29 27.263159 27.157896 26.947367 26.605263 24.945946 24.815788 2.043483 10.478262
13:49:30 27.263159 27.157896 26.947367 26.578949 24.945946 24.815788 2.086958 10.456525
13:49:31 27.263159 27.157896 26.947367 26.578949 24.945946 24.815788 2.108696 10.521737
13:49:32 27.263159 27.157896 26.947367 26.631580 24.945946 24.815788 2.326092 10.521737
13:49:33 27.263159 27.157896 26.947367 26.657894 24.945946 24.815788 3.695651 10.521737
13:49:34 27.263159 27.157896 26.947367 26.657894 24.945946 24.815788 4.521740 10.565212
13:49:35 27.263159 27.157896 26.947367 26.657894 24.945946 24.815788 3.739126 10.543475
13:49:36 27.263159 27.157896 26.947367 26.657894 24.945946 24.815788 2.543478 10.565212
13:49:37 27.263159 27.157896 26.947367 26.657894 24.945946 24.815788 2.043483 10.521737
13:49:38 27.263159 27.157896 26.947367 26.657894 24.945946 24.815788 2.021735 10.543475
13:49:39 27.263159 27.157896 26.947367 26.657894 24.945946 24.815788 2.021735 10.543475
13:49:40 27.263159 27.157896 26.947367 26.657894 24.945946 24.815788 2.021735 10.500000
13:49:41 27.263159 27.157896 26.947367 26.657894 24.945946 24.815788 2.021735 10.565212
13:49:42 27.263159 27.157896 26.947367 26.657894 24.945946 24.815788 2.043483 10.586961
13:49:43 27.263159 27.157896 26.947367 26.657894 24.945946 24.815788 2.021735 10.586961
13:49:44 27.263159 27.157896 26.947367 26.657894 24.945946 24.815788 2.021735 10.586961
13:49:45 27.263159 27.157896 26.947367 26.657894 24.945946 24.815788 2.043483 10.630436
13:49:46 27.263159 27.157896 26.947367 26.657894 24.945946 24.815788 2.021735 10.695648
13:49:47 27.263159 27.157896 26.947367 26.657894 24.945946 24.815788 2.021735 10.652173
13:49:48 27.263159 27.157896 26.947367 26.657894 24.945946 24.815788 2.021735 10.521737
13:49:49 27.236841 27.157896 26.947367 26.657894 24.945946 24.815788 2.086958 10.500000
13:49:50 27.210526 27.157896 26.947367 26.657894 24.945946 24.815788 2.021735 10.369564
13:49:51 27.236841 27.157896 26.947367 26.657894 24.945946 24.815788 2.021735 10.456525
13:49:52 27.263159 27.157896 26.947367 26.657894 24.945946 24.815788 1.999997 10.500000
13:49:53 27.263159 27.131578 26.947367 26.657894 24.945946 24.815788 1.999997 10.478262
13:49:54 27.263159 27.131578 26.947367 26.657894 24.945946 24.815788 1.999997 10.478262
13:49:55 27.263159 27.131578 26.947367 26.657894 24.945946 24.815788 1.978260 10.521737
13:49:56 27.263159 27.157896 26.947367 26.657894 24.945946 24.815788 1.999997 10.521737
13:49:57 27.263159 27.157896 26.921053 26.657894 24.918919 24.815788 1.999997 10.586961
13:49:58 27.263159 27.157896 26.921053 26.657894 24.945946 24.815788 2.021735 10.521737
13:49:59 27.263159 27.157896 26.921053 26.657894 24.945946 24.815788 2.021735 10.630436
13:50:00 27.263159 27.157896 26.947367 26.631580 24.945946 24.789474 2.021735 10.630436
13:50:01 27.263159 27.157896 26.947367 26.578949 24.918919 24.815788 2.065220 10.543475
13:50:02 27.263159 27.157896 26.947367 26.552631 24.918919 24.815788 2.130433 10.543475
13:50:03 27.263159 27.157896 26.947367 26.605263 24.945946 24.789474 2.152171 10.608698
13:50:04 27.263159 27.157896 26.947367 26.657894 24.918919 24.815788 2.673913 10.500000
13:50:05 27.263159 27.157896 26.947367 26.657894 24.945946 24.815788 3.956522 10.543475
13:50:06 27.263159 27.157896 26.947367 26.657894 24.945946 24.789474 4.608691 10.521737
13:50:07 27.263159 27.157896 26.947367 26.657894 24.918919 24.815788 3.543478 10.500000
13:50:08 27.263159 27.157896 26.947367 26.657894 24.945946 24.815788 2.108696 10.521737
13:50:09 27.263159 27.157896 26.947367 26.657894 24.945946 24.789474 2.021735 10.586961
13:50:10 27.263159 27.157896 26.947367 26.657894 24.945946 24.789474 2.065220 10.478262
13:50:11 27.263159 27.157896 26.947367 26.657894 24.945946 24.789474 2.043483 10.565212
13:50:12 27.263159 27.157896 26.947367 26.657894 24.945946 24.815788 2.021735 10.543475
13:50:13 27.263159 27.157896 26.947367 26.657894 24.945946 24.815788 2.021735 10.478262
13:50:14 27.263159 27.157896 26.947367 26.657894 24.918919 24.815788 2.065220 10.586961
13:50:15 27.263159 27.157896 26.947367 26.657894 24.918919 24.789474 2.021735 10.565212
13:50:16 27.263159 27.157896 26.947367 26.657894 24.918919 24.789474 2.021735 10.652173
13:50:17 27.263159 27.157896 26.947367 26.657894 24.918919 24.789474 2.021735 10.695648
13:50:18 27.263159 27.157896 26.947367 26.657894 24.918919 24.789474 2.043483 10.652173
13:50:19 27.263159 27.157896 26.947367 26.657894 24.945946 24.789474 2.043483 10.630436
13:50:20 27.263159 27.157896 26.947367 26.657894 24.918919 24.815788 2.021735 10.521737
13:50:21 27.236841 27.157896 26.947367 26.657894 24.918919 24.789474 2.021735 10.543475
13:50:22 27.236841 27.157896 26.947367 26.631580 24.918919 24.789474 2.043483 10.565212
13:50:23 27.263159 27.157896 26.947367 26.631580 24.918919 24.789474 2.021735 10.608698
13:50:24 27.263159 27.157896 26.973684 26.657894 24.945946 24.815788 1.913047 10.608698
13:50:25 27.263159 27.131578 26.973684 26.657894 24.945946 24.815788 1.913047 10.521737
13:50:26 27.263159 27.131578 26.973684 26.657894 24.945946 24.815788 1.934785 10.586961
13:50:27 27.263159 27.157896 26.973684 26.657894 24.945946 24.815788 1.956522 10.608698
13:50:28 27.263159 27.184210 26.947367 26.657894 24.945946 24.815788 1.934785 10.630436
13:50:29 27.263159 27.184210 26.921053 26.657894 24.945946 24.815788 1.913047 10.434787
13:50:30 27.263159 27.184210 26.921053 26.657894 24.945946 24.815788 1.934785 10.608698
13:50:31 27.263159 27.184210 26.947367 26.657894 24.945946 24.815788 1.956522 10.565212
13:50:32 27.263159 27.184210 26.973684 26.605263 24.945946 24.815788 1.978260 10.565212
13:50:33 27.263159 27.184210 26.947367 26.578949 24.945946 24.815788 2.021735 10.500000
13:50:34 27.263159 27.184210 26.973684 26.578949 24.945946 24.815788 2.043483 10.565212
13:50:35 27.263159 27.184210 26.973684 26.605263 24.945946 24.815788 2.152171 10.500000
13:50:36 27.263159 27.184210 26.973684 26.657894 24.945946 24.815788 3.304344 10.586961
13:50:37 27.263159 27.184210 26.973684 26.657894 24.945946 24.815788 4.239131 10.565212
13:50:38 27.263159 27.184210 26.973684 26.657894 24.945946 24.815788 4.021735 10.565212
13:50:39 27.263159 27.184210 26.973684 26.657894 24.945946 24.815788 2.978260 10.565212
13:50:40 27.263159 27.184210 26.973684 26.657894 24.945946 24.815788 2.021735 10.500000
13:50:41 27.263159 27.184210 26.973684 26.657894 24.945946 24.815788 1.978260 10.521737
13:50:42 27.263159 27.184210 26.973684 26.657894 24.945946 24.815788 1.956522 10.521737
13:50:43 27.263159 27.184210 26.973684 26.657894 24.945946 24.815788 1.956522 10.630436
13:50:44 27.263159 27.184210 26.973684 26.657894 24.945946 24.815788 1.978260 10.565212
13:50:45 27.263159 27.184210 26.973684 26.657894 24.945946 24.815788 1.978260 10.521737
13:50:46 27.263159 27.184210 26.973684 26.657894 24.945946 24.815788 1.956522 10.456525
13:50:47 27.263159 27.184210 26.973684 26.657894 24.945946 24.815788 1.978260 10.500000
13:50:48 27.263159 27.184210 26.973684 26.657894 24.945946 24.815788 1.978260 10.565212
13:50:49 27.263159 27.184210 26.973684 26.657894 24.945946 24.815788 1.978260 10.521737
13:50:50 27.263159 27.184210 26.973684 26.657894 24.945946 24.815788 1.956522 10.586961
13:50:51 27.263159 27.184210 26.973684 26.657894 24.945946 24.815788 1.956522 10.565212
13:50:52 27.263159 27.184210 26.973684 26.657894 24.945946 24.815788 1.999997 10.543475
13:50:53 27.236841 27.184210 26.973684 26.657894 24.945946 24.815788 1.956522 10.500000
13:50:54 27.263159 27.184210 26.973684 26.657894 24.945946 24.815788 1.956522 10.521737
13:50:55 27.263159 27.184210 26.973684 26.631580 24.945946 24.815788 1.934785 10.543475
13:50:56 27.263159 27.157896 26.973684 26.631580 24.945946 24.815788 1.956522 10.521737
13:50:57 27.263159 27.131578 26.973684 26.631580 24.945946 24.815788 1.934785 10.500000
13:50:58 27.263159 27.157896 26.973684 26.631580 24.945946 24.815788 1.934785 10.543475
13:50:59 27.263159 27.157896 26.973684 26.631580 24.945946 24.815788 1.934785 10.500000
13:51:00 27.263159 27.184210 26.947367 26.631580 24.945946 24.815788 1.934785 10.478262
13:51:01 27.263159 27.184210 26.921053 26.631580 24.945946 24.815788 1.934785 10.500000
13:51:02 27.263159 27.184210 26.947367 26.631580 24.945946 24.815788 1.934785 10.543475
13:51:03 27.263159 27.184210 26.947367 26.631580 24.945946 24.815788 1.956522 10.608698
13:51:04 27.263159 27.184210 26.973684 26.578949 24.945946 24.815788 1.978260 10.543475
13:51:05 27.263159 27.184210 26.973684 26.552631 24.945946 24.789474 2.021735 10.608698
13:51:06 27.263159 27.184210 26.973684 26.578949 24.945946 24.789474 2.043483 10.543475
13:51:07 27.263159 27.157896 26.947367 26.631580 24.918919 24.763159 2.347829 10.565212
13:51:08 27.263159 27.157896 26.947367 26.631580 24.918919 24.763159 3.739126 10.630436
13:51:09 27.263159 27.157896 26.947367 26.631580 24.918919 24.763159 4.434780 10.630436
13:51:10 27.263159 27.157896 26.947367 26.631580 24.918919 24.763159 3.673913 10.586961
13:51:11 27.263159 27.157896 26.947367 26.631580 24.918919 24.789474 2.326092 10.673911
13:51:12 27.263159 27.157896 26.947367 26.631580 24.918919 24.789474 2.043483 10.630436
13:51:13 27.263159 27.157896 26.947367 26.631580 24.945946 24.789474 2.043483 10.586961
13:51:14 27.263159 27.157896 26.947367 26.631580 24.918919 24.763159 2.043483 10.608698
13:51:15 27.263159 27.157896 26.947367 26.631580 24.918919 24.763159 2.021735 10.608698
13:51:16 27.263159 27.157896 26.947367 26.631580 24.918919 24.789474 2.043483 10.608698
13:51:17 27.263159 27.157896 26.947367 26.631580 24.918919 24.789474 2.065220 10.673911
13:51:18 27.263159 27.157896 26.947367 26.631580 24.918919 24.763159 2.021735 10.630436
13:51:19 27.263159 27.157896 26.947367 26.631580 24.918919 24.763159 2.043483 10.695648
13:51:20 27.263159 27.157896 26.947367 26.631580 24.918919 24.763159 2.043483 10.739134
13:51:21 27.263159 27.157896 26.947367 26.631580 24.918919 24.763159 2.043483 10.695648
13:51:22 27.263159 27.157896 26.947367 26.631580 24.891891 24.789474 2.021735 10.673911
13:51:23 27.263159 27.157896 26.947367 26.631580 24.918919 24.763159 2.021735 10.608698
13:51:24 27.263159 27.157896 26.947367 26.631580 24.918919 24.789474 2.065220 10.586961
13:51:25 27.236841 27.157896 26.947367 26.631580 24.918919 24.763159 2.043483 10.608698
13:51:26 27.263159 27.157896 26.947367 26.631580 24.918919 24.763159 2.021735 10.586961
13:51:27 27.263159 27.157896 26.947367 26.631580 24.918919 24.763159 1.999997 10.673911
13:51:28 27.263159 27.131578 26.947367 26.631580 24.918919 24.763159 1.999997 10.652173
13:51:29 27.263159 27.131578 26.947367 26.631580 24.918919 24.763159 2.021735 10.652173
13:51:30 27.263159 27.157896 26.947367 26.605263 24.918919 24.763159 2.021735 10.673911
13:51:31 27.263159 27.157896 26.947367 26.605263 24.918919 24.763159 1.978260 10.652173
13:51:32 27.263159 27.157896 26.921053 26.605263 24.918919 24.763159 1.999997 10.608698
13:51:33 27.263159 27.157896 26.921053 26.605263 24.918919 24.763159 2.021735 10.630436
13:51:34 27.263159 27.157896 26.947367 26.605263 24.918919 24.763159 2.021735 10.673911
13:51:35 27.263159 27.157896 26.947367 26.605263 24.918919 24.763159 2.021735 10.739134
13:51:36 27.263159 27.157896 26.947367 26.552631 24.891891 24.763159 2.043483 10.652173
13:51:37 27.263159 27.157896 26.947367 26.526314 24.891891 24.763159 2.108696 10.652173
13:51:38 27.263159 27.157896 26.973684 26.578949 24.918919 24.763159 2.086958 10.630436
13:51:39 27.263159 27.184210 26.973684 26.631580 24.918919 24.789474 2.586953 10.608698
13:51:40 27.263159 27.184210 26.973684 26.631580 24.918919 24.789474 3.826087 10.543475
13:51:41 27.263159 27.184210 26.973684 26.631580 24.918919 24.789474 4.260869 10.521737
13:51:42 27.263159 27.184210 26.973684 26.631580 24.918919 24.789474 3.391304 10.565212
13:51:43 27.263159 27.184210 26.973684 26.631580 24.945946 24.789474 2.021735 10.695648
13:51:44 27.263159 27.184210 26.973684 26.631580 24.918919 24.789474 1.956522 10.586961
13:51:45 27.263159 27.184210 26.973684 26.631580 24.945946 24.789474 1.956522 10.521737
13:51:46 27.263159 27.184210 26.973684 26.631580 24.945946 24.789474 1.978260 10.565212
13:51:47 27.263159 27.184210 26.973684 26.631580 24.918919 24.789474 1.956522 10.586961
13:51:48 27.263159 27.184210 26.973684 26.631580 24.945946 24.789474 1.956522 10.586961
13:51:49 27.263159 27.184210 26.973684 26.631580 24.918919 24.789474 1.978260 10.608698
13:51:50 27.263159 27.184210 26.973684 26.631580 24.918919 24.789474 1.978260 10.586961
13:51:51 27.263159 27.184210 26.973684 26.631580 24.918919 24.789474 2.021735 10.673911
13:51:52 27.263159 27.184210 26.973684 26.631580 24.918919 24.763159 1.956522 10.630436
13:51:53 27.263159 27.184210 26.973684 26.631580 24.918919 24.789474 1.956522 10.673911
13:51:54 27.263159 27.184210 26.973684 26.631580 24.918919 24.789474 1.956522 10.630436
13:51:55 27.263159 27.184210 26.973684 26.631580 24.918919 24.789474 1.978260 10.586961
13:51:56 27.236841 27.184210 26.973684 26.631580 24.918919 24.763159 1.956522 10.652173
13:51:57 27.236841 27.184210 26.973684 26.631580 24.918919 24.789474 1.956522 10.652173
13:51:58 27.263159 27.184210 26.973684 26.631580 24.918919 24.763159 1.956522 10.608698
13:51:59 27.263159 27.157896 26.973684 26.631580 24.918919 24.763159 1.956522 10.608698
13:52:00 27.263159 27.157896 26.973684 26.631580 24.918919 24.763159 1.934785 10.586961
13:52:01 27.263159 27.157896 26.947367 26.631580 24.918919 24.789474 1.934785 10.565212
13:52:02 27.263159 27.157896 26.947367 26.631580 24.918919 24.789474 1.956522 10.608698
13:52:03 27.263159 27.184210 26.947367 26.631580 24.918919 24.763159 1.934785 10.608698
13:52:04 27.263159 27.184210 26.921053 26.631580 24.918919 24.763159 1.934785 10.586961
13:52:05 27.263159 27.184210 26.921053 26.631580 24.918919 24.763159 1.934785 10.695648
13:52:06 27.263159 27.184210 26.947367 26.605263 24.918919 24.763159 1.956522 10.608698
13:52:07 27.263159 27.184210 26.947367 26.605263 24.918919 24.763159 1.978260 10.543475
13:52:08 27.263159 27.157896 26.947367 26.552631 24.918919 24.736843 1.978260 10.586961
13:52:09 27.263159 27.184210 26.947367 26.552631 24.918919 24.763159 2.021735 10.608698
13:52:10 27.263159 27.184210 26.947367 26.605263 24.918919 24.763159 2.108696 10.565212
13:52:11 27.263159 27.184210 26.947367 26.631580 24.918919 24.763159 2.934785 10.717396
13:52:12 27.263159 27.157896 26.947367 26.631580 24.918919 24.763159 3.978260 10.652173
13:52:13 27.263159 27.184210 26.947367 26.631580 24.918919 24.763159 3.782612 10.630436
13:52:14 27.263159 27.184210 26.947367 26.631580 24.918919 24.763159 2.717388 10.695648
13:52:15 27.263159 27.184210 26.947367 26.631580 24.918919 24.763159 1.978260 10.739134
13:52:16 27.263159 27.184210 26.947367 26.631580 24.918919 24.763159 1.934785 10.695648
13:52:17 27.263159 27.184210 26.947367 26.631580 24.918919 24.763159 1.956522 10.717396
13:52:18 27.263159 27.184210 26.947367 26.631580 24.918919 24.763159 1.956522 10.717396
13:52:19 27.263159 27.157896 26.947367 26.631580 24.918919 24.763159 1.956522 10.695648
13:52:20 27.263159 27.157896 26.947367 26.631580 24.918919 24.763159 1.956522 10.717396
13:52:21 27.263159 27.157896 26.947367 26.631580 24.918919 24.763159 1.956522 10.608698
13:52:22 27.263159 27.157896 26.947367 26.631580 24.918919 24.763159 1.956522 10.652173
13:52:23 27.263159 27.157896 26.947367 26.631580 24.918919 24.763159 1.956522 10.695648
13:52:24 27.263159 27.157896 26.947367 26.631580 24.918919 24.763159 1.956522 10.760871
13:52:25 27.263159 27.157896 26.947367 26.631580 24.891891 24.763159 1.956522 10.739134
13:52:26 27.263159 27.184210 26.947367 26.631580 24.918919 24.763159 1.978260 10.695648
13:52:27 27.263159 27.157896 26.947367 26.631580 24.891891 24.763159 2.043483 10.652173
13:52:28 27.236841 27.184210 26.947367 26.631580 24.918919 24.736843 1.956522 10.630436
13:52:29 27.236841 27.157896 26.947367 26.631580 24.891891 24.763159 1.956522 10.717396
13:52:30 27.263159 27.157896 26.947367 26.631580 24.891891 24.763159 1.956522 10.739134
13:52:31 27.263159 27.157896 26.947367 26.631580 24.918919 24.763159 1.956522 10.673911
13:52:32 27.263159 27.131578 26.947367 26.631580 24.891891 24.763159 1.934785 10.717396
13:52:33 27.263159 27.131578 26.947367 26.631580 24.918919 24.763159 1.913047 10.652173
13:52:34 27.263159 27.157896 26.947367 26.631580 24.918919 24.763159 1.934785 10.673911
13:52:35 27.263159 27.157896 26.947367 26.631580 24.918919 24.763159 1.956522 10.652173
13:52:36 27.263159 27.157896 26.921053 26.631580 24.891891 24.736843 1.956522 10.652173
13:52:37 27.263159 27.157896 26.921053 26.631580 24.891891 24.763159 1.934785 10.652173
13:52:38 27.263159 27.157896 26.947367 26.605263 24.891891 24.763159 1.956522 10.630436
13:52:39 27.263159 27.184210 26.947367 26.578949 24.891891 24.736843 1.999997 10.695648
13:52:40 27.263159 27.157896 26.947367 26.552631 24.891891 24.763159 2.021735 10.695648
13:52:41 27.263159 27.157896 26.947367 26.552631 24.891891 24.736843 2.021735 10.695648
13:52:42 27.263159 27.157896 26.947367 26.631580 24.891891 24.736843 2.173908 10.695648
13:52:43 27.263159 27.157896 26.947367 26.631580 24.891891 24.736843 3.434780 10.652173
13:52:44 27.263159 27.157896 26.947367 26.631580 24.891891 24.736843 3.978260 10.673911
13:52:45 27.263159 27.157896 26.947367 26.631580 24.891891 24.763159 3.543478 10.695648
13:52:46 27.263159 27.157896 26.947367 26.631580 24.891891 24.736843 2.108696 10.608698
13:52:47 27.263159 27.157896 26.947367 26.631580 24.918919 24.763159 1.956522 10.673911
13:52:48 27.263159 27.157896 26.947367 26.631580 24.918919 24.763159 1.978260 10.630436
13:52:49 27.263159 27.157896 26.947367 26.631580 24.918919 24.736843 1.956522 10.695648
13:52:50 27.263159 27.157896 26.947367 26.631580 24.918919 24.763159 1.934785 10.652173
13:52:51 27.263159 27.157896 26.947367 26.631580 24.891891 24.763159 1.934785 10.630436
13:52:52 27.263159 27.157896 26.947367 26.631580 24.891891 24.763159 1.956522 10.565212
13:52:53 27.263159 27.157896 26.947367 26.631580 24.891891 24.736843 1.956522 10.608698
13:52:54 27.263159 27.157896 26.947367 26.631580 24.891891 24.763159 1.956522 10.630436
13:52:55 27.263159 27.157896 26.947367 26.631580 24.891891 24.763159 1.978260 10.739134
13:52:56 27.263159 27.157896 26.947367 26.631580 24.891891 24.736843 1.978260 10.739134
13:52:57 27.263159 27.157896 26.947367 26.631580 24.891891 24.736843 1.978260 10.826084
13:52:58 27.263159 27.157896 26.947367 26.631580 24.891891 24.736843 1.956522 10.652173
13:52:59 27.236841 27.157896 26.947367 26.631580 24.891891 24.736843 1.978260 10.673911
13:53:00 27.236841 27.157896 26.947367 26.631580 24.891891 24.763159 1.956522 10.739134
13:53:01 27.236841 27.157896 26.947367 26.631580 24.918919 24.736843 1.956522 10.630436
13:53:02 27.263159 27.157896 26.947367 26.631580 24.891891 24.736843 1.934785 10.565212
13:53:03 27.263159 27.131578 26.947367 26.631580 24.891891 24.763159 1.956522 10.652173
13:53:04 27.263159 27.131578 26.947367 26.631580 24.891891 24.736843 1.934785 10.608698
13:53:05 27.263159 27.157896 26.947367 26.631580 24.891891 24.736843 1.956522 10.630436
13:53:06 27.263159 27.157896 26.947367 26.631580 24.891891 24.763159 1.956522 10.717396
13:53:07 27.263159 27.157896 26.921053 26.631580 24.891891 24.736843 1.934785 10.630436
13:53:08 27.263159 27.157896 26.921053 26.605263 24.891891 24.736843 1.934785 10.652173
13:53:09 27.263159 27.157896 26.921053 26.605263 24.891891 24.736843 1.956522 10.695648
13:53:10 27.263159 27.157896 26.947367 26.605263 24.891891 24.736843 1.956522 10.608698
13:53:11 27.263159 27.157896 26.947367 26.552631 24.864866 24.736843 1.978260 10.739134
13:53:12 27.263159 27.157896 26.947367 26.552631 24.891891 24.736843 2.021735 10.608698
13:53:13 27.263159 27.157896 26.947367 26.552631 24.864866 24.710526 2.130433 10.673911
13:53:14 27.263159 27.157896 26.947367 26.605263 24.891891 24.710526 2.413042 10.739134
13:53:15 27.263159 27.157896 26.947367 26.605263 24.864866 24.710526 3.782612 10.717396
13:53:16 27.263159 27.157896 26.947367 26.605263 24.891891 24.710526 3.717389 10.717396
13:53:17 27.263159 27.157896 26.947367 26.605263 24.864866 24.736843 3.195656 10.717396
13:53:18 27.263159 27.157896 26.947367 26.605263 24.864866 24.710526 2.065220 10.717396
13:53:19 27.263159 27.157896 26.947367 26.605263 24.891891 24.710526 1.999997 10.673911
13:53:20 27.263159 27.157896 26.947367 26.605263 24.891891 24.710526 1.999997 10.695648
13:53:21 27.263159 27.157896 26.947367 26.605263 24.864866 24.710526 1.999997 10.739134
13:53:22 27.263159 27.157896 26.947367 26.605263 24.864866 24.736843 1.999997 10.782609
13:53:23 27.263159 27.157896 26.947367 26.605263 24.864866 24.710526 2.021735 10.717396
13:53:24 27.263159 27.157896 26.947367 26.605263 24.864866 24.710526 2.021735 10.760871
13:53:25 27.263159 27.157896 26.947367 26.605263 24.864866 24.710526 2.043483 10.695648
13:53:26 27.263159 27.157896 26.947367 26.605263 24.864866 24.710526 2.043483 10.630436
13:53:27 27.263159 27.157896 26.947367 26.605263 24.864866 24.710526 2.043483 10.826084
13:53:28 27.263159 27.157896 26.921053 26.605263 24.864866 24.710526 2.021735 10.804346
13:53:29 27.263159 27.157896 26.947367 26.605263 24.864866 24.710526 2.043483 10.869570
13:53:30 27.263159 27.157896 26.947367 26.605263 24.864866 24.710526 2.043483 10.760871
13:53:31 27.236841 27.157896 26.921053 26.605263 24.864866 24.710526 2.021735 10.826084
13:53:32 27.236841 27.157896 26.947367 26.605263 24.864866 24.710526 2.021735 10.695648
13:53:33 27.263159 27.157896 26.947367 26.605263 24.864866 24.710526 2.021735 10.608698
13:53:34 27.263159 27.157896 26.947367 26.605263 24.864866 24.710526 2.021735 10.673911
13:53:35 27.263159 27.131578 26.921053 26.605263 24.864866 24.710526 1.999997 10.695648
13:53:36 27.263159 27.131578 26.947367 26.605263 24.864866 24.710526 1.999997 10.739134
13:53:37 27.263159 27.131578 26.947367 26.605263 24.864866 24.710526 2.021735 10.739134
13:53:38 27.263159 27.157896 26.947367 26.605263 24.891891 24.736843 1.934785 10.652173
13:53:39 27.263159 27.157896 26.921053 26.605263 24.891891 24.736843 1.956522 10.630436
13:53:40 27.263159 27.157896 26.921053 26.605263 24.891891 24.736843 1.934785 10.586961
13:53:41 27.263159 27.157896 26.947367 26.605263 24.891891 24.736843 1.956522 10.630436
13:53:42 27.263159 27.157896 26.947367 26.605263 24.891891 24.736843 1.978260 10.630436
13:53:43 27.263159 27.157896 26.947367 26.552631 24.891891 24.736843 1.999997 10.652173
13:53:44 27.263159 27.157896 26.947367 26.552631 24.891891 24.736843 2.021735 10.630436
13:53:45 27.263159 27.157896 26.947367 26.605263 24.891891 24.736843 2.086958 10.739134
13:53:46 27.263159 27.157896 26.947367 26.605263 24.891891 24.736843 2.717388 10.608698
13:53:47 27.263159 27.157896 26.947367 26.605263 24.864866 24.736843 3.782612 10.673911
13:53:48 27.263159 27.157896 26.947367 26.605263 24.891891 24.736843 3.565215 10.717396
13:53:49 27.263159 27.157896 26.947367 26.605263 24.864866 24.736843 2.478265 10.608698
13:53:50 27.263159 27.157896 26.947367 26.605263 24.891891 24.736843 1.978260 10.652173
13:53:51 27.263159 27.157896 26.947367 26.605263 24.891891 24.736843 1.934785 10.586961
13:53:52 27.263159 27.157896 26.947367 26.605263 24.891891 24.736843 1.934785 10.652173
13:53:53 27.263159 27.157896 26.947367 26.605263 24.891891 24.736843 1.913047 10.608698
13:53:54 27.263159 27.157896 26.947367 26.605263 24.891891 24.736843 1.934785 10.695648
13:53:55 27.263159 27.157896 26.947367 26.605263 24.891891 24.736843 1.934785 10.673911
13:53:56 27.263159 27.157896 26.947367 26.605263 24.891891 24.736843 1.956522 10.673911
13:53:57 27.263159 27.157896 26.947367 26.605263 24.891891 24.736843 1.934785 10.673911
13:53:58 27.263159 27.157896 26.947367 26.605263 24.864866 24.736843 1.956522 10.717396
13:53:59 27.263159 27.157896 26.947367 26.605263 24.891891 24.736843 1.956522 10.695648
13:54:00 27.263159 27.157896 26.947367 26.605263 24.891891 24.736843 1.934785 10.739134
13:54:01 27.263159 27.157896 26.947367 26.605263 24.891891 24.736843 1.956522 10.673911
13:54:02 27.236841 27.157896 26.947367 26.605263 24.891891 24.736843 1.999997 10.630436
13:54:03 27.236841 27.157896 26.947367 26.605263 24.891891 24.736843 1.956522 10.608698
13:54:04 27.236841 27.157896 26.947367 26.605263 24.864866 24.736843 1.934785 10.652173
13:54:05 27.263159 27.157896 26.947367 26.605263 24.864866 24.736843 1.934785 10.695648
13:54:06 27.263159 27.157896 26.947367 26.605263 24.864866 24.736843 1.956522 10.652173
13:54:07 27.263159 27.131578 26.947367 26.605263 24.891891 24.736843 1.934785 10.586961
13:54:08 27.263159 27.131578 26.947367 26.605263 24.891891 24.710526 1.934785 10.673911
13:54:09 27.263159 27.157896 26.947367 26.605263 24.864866 24.736843 1.913047 10.673911
13:54:10 27.263159 27.157896 26.921053 26.605263 24.864866 24.736843 1.934785 10.695648
13:54:11 27.263159 27.157896 26.921053 26.605263 24.864866 24.736843 1.956522 10.695648
13:54:12 27.263159 27.157896 26.921053 26.605263 24.891891 24.736843 1.956522 10.739134
13:54:13 27.263159 27.157896 26.947367 26.605263 24.891891 24.736843 1.934785 10.673911
13:54:14 27.263159 27.157896 26.947367 26.578949 24.891891 24.736843 1.978260 10.673911
13:54:15 27.263159 27.157896 26.947367 26.552631 24.891891 24.736843 2.065220 10.717396
13:54:16 27.263159 27.157896 26.947367 26.552631 24.864866 24.736843 2.043483 10.652173
13:54:17 27.263159 27.157896 26.947367 26.605263 24.864866 24.736843 2.130433 10.673911
13:54:18 27.263159 27.157896 26.947367 26.605263 24.864866 24.736843 3.195656 10.739134
13:54:19 27.263159 27.157896 26.947367 26.605263 24.864866 24.736843 3.565215 10.717396
13:54:20 27.263159 27.157896 26.947367 26.605263 24.864866 24.736843 3.478265 10.673911
13:54:21 27.263159 27.157896 26.947367 26.605263 24.864866 24.736843 2.021735 10.652173
13:54:22 27.263159 27.157896 26.947367 26.605263 24.891891 24.710526 1.934785 10.717396
13:54:23 27.263159 27.157896 26.947367 26.605263 24.891891 24.736843 1.934785 10.739134
13:54:24 27.263159 27.157896 26.947367 26.605263 24.864866 24.710526 1.934785 10.695648
13:54:25 27.263159 27.157896 26.947367 26.605263 24.864866 24.710526 1.913047 10.826084
13:54:26 27.263159 27.157896 26.947367 26.605263 24.864866 24.736843 1.913047 10.804346
13:54:27 27.263159 27.157896 26.947367 26.605263 24.864866 24.710526 1.913047 10.782609
13:54:28 27.263159 27.157896 26.947367 26.605263 24.864866 24.710526 1.956522 10.760871
13:54:29 27.263159 27.157896 26.947367 26.605263 24.864866 24.710526 1.934785 10.695648
13:54:30 27.263159 27.157896 26.947367 26.605263 24.864866 24.710526 1.978260 10.760871
13:54:31 27.263159 27.157896 26.947367 26.605263 24.864866 24.736843 1.956522 10.782609
13:54:32 27.263159 27.157896 26.947367 26.605263 24.864866 24.736843 1.978260 10.760871
13:54:33 27.263159 27.157896 26.947367 26.605263 24.864866 24.710526 1.978260 10.739134
13:54:34 27.236841 27.157896 26.947367 26.605263 24.864866 24.710526 1.978260 10.608698
13:54:35 27.236841 27.157896 26.947367 26.605263 24.864866 24.710526 1.956522 10.652173
13:54:36 27.236841 27.157896 26.947367 26.605263 24.864866 24.710526 1.956522 10.673911
13:54:37 27.263159 27.157896 26.947367 26.605263 24.864866 24.736843 1.956522 10.695648
13:54:38 27.263159 27.131578 26.947367 26.605263 24.864866 24.736843 1.956522 10.717396
13:54:39 27.263159 27.157896 26.947367 26.605263 24.864866 24.736843 1.934785 10.630436
13:54:40 27.263159 27.131578 26.947367 26.605263 24.864866 24.736843 1.978260 10.652173
13:54:41 27.263159 27.157896 26.947367 26.605263 24.864866 24.736843 1.956522 10.652173
13:54:42 27.263159 27.157896 26.921053 26.605263 24.891891 24.736843 1.956522 10.760871
13:54:43 27.263159 27.157896 26.921053 26.605263 24.891891 24.736843 1.934785 10.630436
13:54:44 27.263159 27.157896 26.921053 26.605263 24.864866 24.736843 1.956522 10.608698
13:54:45 27.263159 27.157896 26.947367 26.605263 24.891891 24.736843 1.956522 10.565212
13:54:46 27.263159 27.157896 26.947367 26.552631 24.864866 24.736843 1.999997 10.608698
13:54:47 27.263159 27.157896 26.947367 26.578949 24.891891 24.736843 2.021735 10.652173
13:54:48 27.263159 27.157896 26.947367 26.578949 24.891891 24.736843 2.065220 10.565212
13:54:49 27.263159 27.157896 26.947367 26.605263 24.864866 24.736843 2.282606 10.586961
13:54:50 27.263159 27.157896 26.947367 26.605263 24.864866 24.736843 3.543478 10.652173
13:54:51 27.263159 27.157896 26.947367 26.605263 24.864866 24.736843 3.260869 10.652173
13:54:52 27.263159 27.157896 26.947367 26.605263 24.864866 24.736843 2.956522 10.673911
13:54:53 27.263159 27.157896 26.947367 26.605263 24.864866 24.736843 1.956522 10.630436
13:54:54 27.263159 27.157896 26.947367 26.605263 24.864866 24.736843 1.934785 10.608698
13:54:55 27.263159 27.157896 26.947367 26.605263 24.891891 24.710526 1.934785 10.586961
13:54:56 27.263159 27.157896 26.947367 26.605263 24.891891 24.736843 1.934785 10.608698
13:54:57 27.263159 27.157896 26.947367 26.605263 24.864866 24.736843 1.913047 10.608698
13:54:58 27.263159 27.157896 26.947367 26.605263 24.864866 24.736843 1.956522 10.717396
13:54:59 27.263159 27.157896 26.947367 26.605263 24.864866 24.736843 1.934785 10.608698
13:55:00 27.263159 27.157896 26.947367 26.605263 24.864866 24.710526 1.934785 10.652173
13:55:01 27.263159 27.157896 26.947367 26.605263 24.864866 24.710526 1.956522 10.630436
13:55:02 27.263159 27.157896 26.947367 26.605263 24.864866 24.736843 1.956522 10.782609
13:55:03 27.263159 27.157896 26.947367 26.605263 24.864866 24.710526 1.956522 10.673911
13:55:04 27.263159 27.157896 26.921053 26.605263 24.864866 24.710526 1.956522 10.717396
13:55:05 27.263159 27.157896 26.947367 26.605263 24.864866 24.736843 1.999997 10.586961
13:55:06 27.236841 27.157896 26.921053 26.605263 24.864866 24.710526 1.956522 10.586961
13:55:07 27.236841 27.157896 26.921053 26.605263 24.864866 24.736843 1.956522 10.608698
13:55:08 27.236841 27.157896 26.947367 26.605263 24.864866 24.736843 1.913047 10.586961
13:55:09 27.263159 27.157896 26.921053 26.605263 24.864866 24.736843 1.913047 10.500000
13:55:10 27.263159 27.131578 26.921053 26.605263 24.864866 24.710526 1.913047 10.565212
13:55:11 27.263159 27.131578 26.921053 26.605263 24.864866 24.710526 1.913047 10.673911
13:55:12 27.263159 27.157896 26.921053 26.605263 24.864866 24.710526 1.913047 10.586961
13:55:13 27.263159 27.157896 26.921053 26.605263 24.864866 24.710526 1.891299 10.586961
13:55:14 27.263159 27.157896 26.894737 26.605263 24.864866 24.710526 1.913047 10.695648
13:55:15 27.263159 27.157896 26.921053 26.605263 24.864866 24.710526 1.913047 10.608698
13:55:16 27.263159 27.157896 26.921053 26.605263 24.864866 24.710526 1.934785 10.608698
13:55:17 27.263159 27.157896 26.921053 26.605263 24.864866 24.710526 1.956522 10.586961
13:55:18 27.263159 27.157896 26.921053 26.552631 24.864866 24.736843 1.956522 10.673911
13:55:19 27.263159 27.157896 26.921053 26.552631 24.864866 24.710526 1.978260 10.652173
13:55:20 27.263159 27.157896 26.921053 26.605263 24.864866 24.710526 2.065220 10.586961
13:55:21 27.263159 27.157896 26.921053 26.605263 24.864866 24.710526 2.456517 10.608698
13:55:22 27.263159 27.157896 26.921053 26.605263 24.864866 24.710526 3.500003 10.586961
13:55:23 27.263159 27.157896 26.921053 26.605263 24.864866 24.710526 3.282606 10.543475
13:55:24 27.263159 27.157896 26.921053 26.605263 24.864866 24.710526 2.217394 10.586961
13:55:25 27.263159 27.157896 26.921053 26.605263 24.864866 24.710526 1.913047 10.608698
13:55:26 27.263159 27.157896 26.921053 26.605263 24.864866 24.736843 1.913047 10.608698
13:55:27 27.263159 27.157896 26.921053 26.605263 24.864866 24.710526 1.891299 10.652173
13:55:28 27.263159 27.157896 26.921053 26.605263 24.864866 24.710526 1.891299 10.543475
13:55:29 27.263159 27.157896 26.921053 26.605263 24.864866 24.710526 1.891299 10.543475
13:55:30 27.263159 27.157896 26.921053 26.605263 24.864866 24.710526 1.913047 10.630436
13:55:31 27.236841 27.157896 26.921053 26.605263 24.864866 24.710526 1.891299 10.673911
13:55:32 27.263159 27.157896 26.921053 26.605263 24.864866 24.710526 1.891299 10.608698
13:55:33 27.263159 27.157896 26.921053 26.605263 24.864866 24.710526 1.913047 10.608698
13:55:34 27.263159 27.157896 26.921053 26.605263 24.864866 24.710526 1.934785 10.673911
13:55:35 27.263159 27.157896 26.921053 26.605263 24.864866 24.710526 1.956522 10.673911
13:55:36 27.263159 27.157896 26.921053 26.605263 24.864866 24.710526 1.934785 10.586961
13:55:37 27.236841 27.157896 26.921053 26.605263 24.864866 24.710526 1.956522 10.630436
13:55:38 27.236841 27.157896 26.921053 26.605263 24.864866 24.710526 1.956522 10.586961
13:55:39 27.236841 27.157896 26.921053 26.605263 24.864866 24.710526 1.934785 10.652173
13:55:40 27.263159 27.157896 26.921053 26.605263 24.864866 24.736843 1.934785 10.630436
13:55:41 27.263159 27.131578 26.921053 26.605263 24.864866 24.710526 1.934785 10.608698
13:55:42 27.263159 27.131578 26.921053 26.605263 24.864866 24.710526 1.913047 10.608698
13:55:43 27.263159 27.131578 26.921053 26.605263 24.864866 24.710526 1.934785 10.608698
13:55:44 27.263159 27.157896 26.921053 26.605263 24.864866 24.710526 1.913047 10.565212
13:55:45 27.263159 27.157896 26.921053 26.605263 24.864866 24.710526 1.913047 10.630436
13:55:46 27.263159 27.157896 26.894737 26.605263 24.891891 24.763159 1.913047 10.456525
13:55:47 27.263159 27.157896 26.894737 26.605263 24.945946 24.815788 1.934785 9.782609
13:55:48 27.263159 27.157896 26.921053 26.605263 25.000000 24.868422 1.934785 9.173916
13:55:49 27.263159 27.157896 26.921053 26.578949 24.972973 24.842104 1.956522 9.152178
13:55:50 27.263159 27.157896 26.921053 26.578949 25.000000 24.868422 1.999997 8.913044
13:55:51 27.263159 27.131578 26.921053 26.552631 25.027027 24.921053 2.021735 8.565212
13:55:52 27.263159 27.157896 26.921053 26.605263 25.054054 24.894737 2.108696 8.434787
13:55:53 27.263159 27.131578 26.921053 26.605263 25.108109 24.973684 2.826087 7.717396
13:55:54 27.263159 27.157896 26.921053 26.605263 25.135136 25.026316 3.043483 6.673911
13:55:55 27.263159 27.131578 26.921053 26.605263 25.162163 25.105265 3.217394 6.391302
13:55:56 27.263159 27.131578 26.921053 26.605263 25.216215 25.131578 1.934785 6.173915
13:55:57 27.263159 27.157896 26.921053 26.605263 25.270271 25.157894 1.934785 5.826084
13:55:58 27.263159 27.157896 26.921053 26.605263 25.270271 25.157894 1.913047 5.869569
13:55:59 27.263159 27.157896 26.921053 26.605263 25.297297 25.184210 1.913047 5.521737
13:56:00 27.263159 27.157896 26.921053 26.605263 25.324324 25.210526 1.913047 5.195653
13:56:01 27.263159 27.157896 26.921053 26.605263 25.351353 25.263159 1.913047 4.847821
13:56:02 27.263159 27.157896 26.921053 26.605263 25.351353 25.263159 1.891299 4.956519
13:56:03 27.263159 27.157896 26.921053 26.605263 25.351353 25.263159 1.913047 4.108692
13:56:04 27.263159 27.157896 26.921053 26.605263 25.378378 25.342106 1.913047 3.978257
13:56:05 27.263159 27.157896 26.921053 26.605263 25.405405 25.342106 1.934785 4.130430
13:56:06 27.263159 27.157896 26.921053 26.605263 25.405405 25.342106 1.934785 4.130430
13:56:07 27.263159 27.157896 26.921053 26.605263 25.405405 25.342106 1.934785 4.086955
13:56:08 27.263159 27.157896 26.921053 26.605263 25.432432 25.368422 1.934785 3.826083
13:56:09 27.236841 27.157896 26.921053 26.605263 25.459459 25.394737 1.999997 3.630435
13:56:10 27.236841 27.157896 26.921053 26.605263 25.459459 25.394737 1.956522 3.565222
13:56:11 27.236841 27.157896 26.921053 26.605263 25.486486 25.394737 1.934785 3.413039
13:56:12 27.263159 27.157896 26.921053 26.605263 25.486486 25.421053 1.934785 3.369564
13:56:13 27.263159 27.131578 26.921053 26.605263 25.513514 25.447369 1.913047 3.130430
13:56:14 27.263159 27.131578 26.921053 26.605263 25.540541 25.447369 1.913047 3.130430
13:56:15 27.263159 27.131578 26.921053 26.605263 25.513514 25.447369 1.934785 3.000005
14:07:55 27.157894 27.026318 26.789474 26.605263 24.783783 24.631580 1.956522 10.130430
14:07:56 27.157894 27.026318 26.789474 26.578949 24.486486 24.315790 1.956522 13.304352
14:07:59 27.157894 27.026318 26.789474 26.605263 24.567568 24.394737 2.152171 12.760872
14:08:01 27.157894 27.026318 26.789474 26.605263 24.567568 24.394737 3.630438 12.608698
14:08:03 27.157894 27.026318 26.789474 26.605263 24.567568 24.394737 2.065220 12.652173
14:08:05 27.157894 27.026318 26.789474 26.578949 24.648649 24.473684 1.934785 11.934782
14:08:07 27.157894 27.026318 26.789474 26.578949 24.648649 24.500000 1.934785 11.652173
14:08:09 27.157894 27.026318 26.789474 26.578949 24.675676 24.526316 1.934785 11.282603
14:08:11 27.157894 27.026318 26.789474 26.578949 24.702702 24.552631 1.956522 10.869570
14:08:13 27.157894 27.026318 26.789474 26.578949 24.702702 24.552631 1.956522 11.065218
14:08:15 27.157894 27.026318 26.789474 26.578949 24.702702 24.526316 1.956522 11.173916
14:08:17 27.131580 27.026318 26.789474 26.578949 24.702702 24.552631 1.956522 11.043480
14:08:19 27.157894 27.026318 26.789474 26.578949 24.702702 24.552631 1.956522 10.934782
14:08:21 27.157894 27.000000 26.789474 26.578949 24.729731 24.578947 1.956522 10.652173
14:08:23 27.157894 27.026318 26.763157 26.578949 24.702702 24.552631 1.934785 10.956520
14:08:25 27.157894 27.026318 26.763157 26.578949 24.702702 24.552631 1.934785 11.152179
14:08:27 27.157894 27.026318 26.789474 26.578949 24.702702 24.552631 1.956522 10.978257
14:08:30 27.157894 27.026318 26.789474 26.552631 24.702702 24.552631 2.086958 11.108693
14:08:32 27.157894 27.026318 26.789474 26.578949 24.702702 24.552631 3.717389 11.086955
14:08:34 27.157894 27.026318 26.789474 26.578949 24.675676 24.526316 3.065220 11.282603
14:08:36 27.157894 27.026318 26.789474 26.578949 24.702702 24.526316 1.956522 11.304352
14:08:38 27.157894 27.026318 26.789474 26.578949 24.675676 24.526316 1.913047 11.413039
14:08:40 27.157894 27.026318 26.789474 26.578949 24.702702 24.526316 1.934785 11.152179
14:08:42 27.157894 27.026318 26.763157 26.578949 24.675676 24.526316 1.956522 11.152179
14:08:44 27.157894 27.026318 26.763157 26.578949 24.702702 24.526316 1.956522 11.108693
14:08:46 27.157894 27.026318 26.763157 26.578949 24.729731 24.578947 1.956522 10.869570
14:08:48 27.131580 27.026318 26.763157 26.578949 24.702702 24.552631 1.956522 10.630436
14:08:50 27.131580 27.026318 26.763157 26.578949 24.675676 24.526316 1.956522 11.195654
14:08:52 27.157894 27.000000 26.763157 26.578949 24.702702 24.526316 1.934785 11.108693
14:08:54 27.157894 27.000000 26.763157 26.578949 24.702702 24.552631 1.934785 10.913045
14:08:56 27.157894 27.026318 26.736841 26.578949 24.702702 24.526316 1.913047 11.043480
14:08:58 27.157894 27.026318 26.763157 26.578949 24.702702 24.526316 1.934785 11.043480
14:09:00 27.157894 27.026318 26.763157 26.526314 24.702702 24.552631 1.978260 10.978257
14:09:02 27.157894 27.026318 26.763157 26.578949 24.702702 24.526316 2.108696 11.021743
14:09:04 27.157894 27.026318 26.763157 26.578949 24.702702 24.526316 3.804349 11.086955
14:09:06 27.157894 27.026318 26.763157 26.578949 24.702702 24.526316 2.369567 10.934782
14:09:08 27.157894 27.026318 26.763157 26.578949 24.702702 24.526316 1.934785 11.000005
14:09:10 27.157894 27.026318 26.763157 26.578949 24.675676 24.526316 1.934785 11.369564
14:09:12 27.157894 27.026318 26.763157 26.578949 24.675676 24.526316 1.934785 11.021743
14:09:14 27.157894 27.026318 26.763157 26.578949 24.675676 24.526316 1.956522 11.043480
14:09:16 27.157894 27.026318 26.763157 26.578949 24.675676 24.500000 1.956522 11.413039
14:09:18 27.157894 27.026318 26.763157 26.578949 24.675676 24.500000 1.956522 11.304352
14:09:20 27.131580 27.026318 26.763157 26.578949 24.675676 24.500000 1.934785 11.456525
14:09:22 27.157894 27.026318 26.763157 26.578949 24.675676 24.500000 1.956522 11.282603
14:09:24 27.157894 27.000000 26.763157 26.578949 24.675676 24.473684 1.913047 11.413039
14:09:26 27.157894 27.026318 26.763157 26.578949 24.648649 24.500000 1.934785 11.478263
14:09:28 27.157894 27.026318 26.736841 26.578949 24.675676 24.526316 1.913047 11.304352
14:09:30 27.157894 27.026318 26.763157 26.552631 24.675676 24.526316 1.934785 11.086955
14:09:32 27.157894 27.026318 26.763157 26.526314 24.675676 24.526316 1.999997 11.108693
14:09:34 27.157894 27.026318 26.763157 26.578949 24.675676 24.500000 2.260869 11.065218
14:09:36 27.157894 27.026318 26.763157 26.578949 24.702702 24.526316 3.782612 10.978257
14:09:38 27.157894 27.026318 26.763157 26.578949 24.702702 24.526316 1.978260 11.021743
14:09:40 27.157894 27.026318 26.763157 26.578949 24.702702 24.526316 1.934785 11.152179
14:09:42 27.157894 27.026318 26.763157 26.578949 24.702702 24.526316 1.913047 10.978257
14:09:44 27.157894 27.026318 26.763157 26.578949 24.702702 24.526316 1.934785 10.869570
14:09:46 27.157894 27.026318 26.763157 26.578949 24.675676 24.526316 1.956522 10.804346
14:09:48 27.157894 27.026318 26.763157 26.578949 24.675676 24.526316 1.956522 11.021743
14:09:50 27.157894 27.026318 26.763157 26.578949 24.675676 24.500000 1.956522 10.978257
14:09:52 27.131580 27.026318 26.763157 26.578949 24.675676 24.500000 1.956522 11.195654
14:09:54 27.157894 27.026318 26.763157 26.578949 24.675676 24.526316 1.934785 11.108693
