14:32:21 28.815790 28.815790 28.657896 28.263159 26.108109 26.236843 1.108695 0.000004
14:32:22 28.815790 28.815790 28.657896 28.263159 25.405405 25.526316 1.108695 9.347827
14:32:23 28.815790 28.815790 28.631578 28.263159 25.378378 25.552631 1.108695 9.130430
14:32:25 28.815790 28.815790 28.631578 28.263159 25.378378 25.552631 1.086958 9.217391
14:32:26 28.815790 28.815790 28.631578 28.263159 25.378378 25.552631 1.065220 9.369564
14:32:28 28.815790 28.789473 28.631578 28.263159 25.378378 25.526316 1.086958 9.565212
14:32:29 28.815790 28.815790 28.631578 28.263159 25.351353 25.526316 1.108695 9.478262
14:32:31 28.815790 28.815790 28.631578 28.263159 25.378378 25.552631 1.130433 9.195653
14:32:32 28.815790 28.815790 28.631578 28.263159 25.378378 25.552631 1.086958 9.282603
14:32:34 28.789474 28.815790 28.631578 28.263159 25.378378 25.552631 1.108695 9.173916
14:32:35 28.789474 28.815790 28.631578 28.263159 25.351353 25.526316 1.086958 9.304352
14:32:37 28.815790 28.789473 28.631578 28.263159 25.378378 25.526316 1.065220 9.021743
14:32:39 28.815790 28.789473 28.631578 28.263159 25.378378 25.526316 1.065220 9.043480
14:32:40 28.815790 28.815790 28.631578 28.263159 25.378378 25.526316 1.065220 9.043480
14:32:42 28.815790 28.815790 28.631578 28.263159 25.351353 25.526316 1.065220 9.086955
14:32:43 28.815790 28.815790 28.631578 28.263159 25.351353 25.526316 1.086958 9.021743
14:32:45 28.815790 28.815790 28.631578 28.210526 25.351353 25.526316 1.108695 8.956519
14:32:46 28.815790 28.815790 28.631578 28.210526 25.351353 25.526316 1.130433 9.021743
14:32:48 28.815790 28.815790 28.631578 28.263159 25.351353 25.526316 1.282606 9.043480
14:32:50 28.815790 28.815790 28.631578 28.263159 25.351353 25.500000 2.999997 9.086955
14:32:51 28.815790 28.815790 28.631578 28.263159 25.351353 25.526316 2.652176 9.065218
14:32:53 28.815790 28.815790 28.631578 28.263159 25.351353 25.500000 1.086958 9.130430
14:32:54 28.815790 28.815790 28.631578 28.263159 25.351353 25.526316 1.108695 9.086955
14:32:56 28.815790 28.815790 28.631578 28.263159 25.351353 25.500000 1.065220 9.000005
14:32:57 28.815790 28.815790 28.631578 28.263159 25.351353 25.500000 1.065220 9.043480
14:32:59 28.815790 28.815790 28.631578 28.263159 25.351353 25.500000 1.065220 9.000005
14:33:00 28.815790 28.815790 28.631578 28.263159 25.351353 25.500000 1.086958 9.043480
14:33:02 28.815790 28.815790 28.631578 28.263159 25.351353 25.500000 1.086958 9.217391
14:33:04 28.815790 28.815790 28.631578 28.263159 25.351353 25.500000 1.086958 9.065218
14:33:05 28.789474 28.815790 28.631578 28.263159 25.351353 25.500000 1.086958 9.152178
14:33:07 28.789474 28.789473 28.631578 28.263159 25.324324 25.500000 1.086958 9.130430
14:33:08 28.815790 28.789473 28.631578 28.263159 25.324324 25.500000 1.108695 9.065218
14:33:10 28.815790 28.763159 28.631578 28.263159 25.324324 25.500000 1.065220 9.108693
14:33:11 28.815790 28.789473 28.631578 28.263159 25.324324 25.500000 1.065220 9.130430
14:33:13 28.815790 28.789473 28.605265 28.263159 25.324324 25.500000 1.043483 9.130430
14:33:14 28.815790 28.789473 28.605265 28.263159 25.324324 25.500000 1.065220 9.152178
14:33:16 28.815790 28.789473 28.631578 28.236843 25.324324 25.473684 1.108695 9.217391
14:33:18 28.815790 28.789473 28.631578 28.210526 25.324324 25.473684 1.130433 9.043480
14:33:19 28.815790 28.789473 28.631578 28.210526 25.324324 25.473684 1.195656 9.108693
14:33:21 28.815790 28.789473 28.631578 28.263159 25.324324 25.473684 2.804349 9.086955
14:33:22 28.815790 28.789473 28.631578 28.263159 25.324324 25.473684 2.782612 9.086955
14:33:24 28.815790 28.815790 28.631578 28.263159 25.324324 25.473684 1.108695 9.086955
14:33:25 28.815790 28.815790 28.631578 28.263159 25.324324 25.473684 1.086958 9.000005
14:33:27 28.815790 28.815790 28.631578 28.263159 25.324324 25.500000 1.065220 9.043480
14:33:28 28.815790 28.815790 28.631578 28.263159 25.324324 25.473684 1.086958 8.913044
14:33:30 28.815790 28.815790 28.631578 28.263159 25.324324 25.473684 1.065220 8.956519
14:33:32 28.815790 28.815790 28.631578 28.263159 25.324324 25.473684 1.086958 9.043480
14:33:33 28.815790 28.789473 28.631578 28.263159 25.297297 25.473684 1.086958 9.043480
14:33:35 28.815790 28.815790 28.631578 28.263159 25.297297 25.473684 1.086958 9.065218
14:33:36 28.815790 28.789473 28.631578 28.263159 25.324324 25.473684 1.086958 9.152178
14:33:38 28.789474 28.789473 28.631578 28.263159 25.324324 25.473684 1.108695 8.956519
14:33:39 28.815790 28.789473 28.631578 28.263159 25.324324 25.473684 1.108695 9.021743
14:33:41 28.815790 28.763159 28.631578 28.263159 25.297297 25.473684 1.086958 9.043480
14:33:42 28.815790 28.789473 28.631578 28.263159 25.297297 25.473684 1.065220 9.108693
14:33:44 28.815790 28.789473 28.631578 28.263159 25.297297 25.447369 1.065220 9.065218
14:33:45 28.815790 28.789473 28.605265 28.236843 25.297297 25.473684 1.086958 9.043480
14:33:47 28.815790 28.789473 28.631578 28.236843 25.297297 25.473684 1.086958 9.065218
14:33:49 28.815790 28.789473 28.631578 28.184212 25.297297 25.447369 1.108695 9.021743
14:33:50 28.815790 28.789473 28.631578 28.210526 25.297297 25.473684 1.239131 9.043480
14:33:52 28.815790 28.789473 28.631578 28.263159 25.297297 25.473684 1.586953 8.978257
14:33:53 28.815790 28.789473 28.631578 28.263159 25.297297 25.447369 2.782612 8.956519
14:33:55 28.815790 28.789473 28.631578 28.263159 25.297297 25.447369 1.782611 9.108693
14:33:56 28.815790 28.789473 28.631578 28.263159 25.297297 25.447369 1.086958 9.086955
14:33:58 28.815790 28.789473 28.631578 28.236843 25.297297 25.447369 1.086958 9.043480
14:33:59 28.815790 28.789473 28.631578 28.236843 25.297297 25.447369 1.065220 9.043480
14:34:01 28.815790 28.789473 28.631578 28.236843 25.270271 25.447369 1.065220 9.065218
14:34:03 28.815790 28.789473 28.631578 28.236843 25.297297 25.447369 1.065220 9.021743
14:34:04 28.815790 28.789473 28.631578 28.236843 25.270271 25.447369 1.065220 9.086955
14:34:06 28.815790 28.789473 28.631578 28.236843 25.270271 25.447369 1.086958 9.043480
14:34:08 28.815790 28.789473 28.631578 28.236843 25.270271 25.447369 1.086958 9.065218
14:34:09 28.789474 28.789473 28.631578 28.236843 25.297297 25.447369 1.086958 8.978257
14:34:10 28.789474 28.789473 28.631578 28.236843 25.270271 25.447369 1.086958 9.021743
14:34:12 28.815790 28.789473 28.605265 28.236843 25.270271 25.447369 1.065220 8.956519
14:34:14 28.815790 28.763159 28.631578 28.236843 25.270271 25.421053 1.065220 9.043480
14:34:15 28.815790 28.789473 28.605265 28.236843 25.270271 25.421053 1.043483 9.021743
14:34:17 28.815790 28.789473 28.605265 28.236843 25.270271 25.421053 1.043483 9.021743
14:34:18 28.815790 28.789473 28.605265 28.236843 25.270271 25.421053 1.086958 9.086955
14:34:20 28.815790 28.789473 28.605265 28.210526 25.270271 25.421053 1.108695 9.043480
14:34:22 28.815790 28.789473 28.605265 28.184212 25.270271 25.421053 1.152171 9.130430
14:34:23 28.815790 28.789473 28.605265 28.236843 25.270271 25.421053 1.391304 9.152178
14:34:25 28.815790 28.789473 28.605265 28.236843 25.270271 25.421053 1.913047 9.065218
14:34:26 28.815790 28.789473 28.605265 28.236843 25.270271 25.421053 2.586953 9.086955
14:34:28 28.815790 28.789473 28.605265 28.236843 25.270271 25.421053 1.152171 9.043480
14:34:29 28.815790 28.789473 28.605265 28.236843 25.270271 25.421053 1.108695 9.086955
14:34:31 28.815790 28.789473 28.605265 28.236843 25.270271 25.421053 1.065220 9.021743
14:34:32 28.815790 28.789473 28.605265 28.236843 25.270271 25.421053 1.065220 9.043480
14:34:34 28.815790 28.789473 28.605265 28.236843 25.270271 25.421053 1.065220 9.130430
14:34:35 28.815790 28.789473 28.605265 28.236843 25.270271 25.421053 1.086958 9.130430
14:34:37 28.815790 28.789473 28.605265 28.236843 25.270271 25.394737 1.086958 9.065218
14:34:39 28.815790 28.789473 28.605265 28.236843 25.270271 25.394737 1.108695 9.173916
14:34:40 28.789474 28.789473 28.605265 28.236843 25.270271 25.394737 1.108695 9.065218
14:34:42 28.789474 28.789473 28.605265 28.236843 25.243244 25.394737 1.108695 9.043480
14:34:43 28.815790 28.789473 28.605265 28.236843 25.270271 25.394737 1.108695 9.065218
14:34:45 28.815790 28.763159 28.605265 28.236843 25.243244 25.394737 1.086958 9.086955
14:34:46 28.815790 28.763159 28.605265 28.236843 25.243244 25.394737 1.086958 9.152178
14:34:48 28.815790 28.789473 28.605265 28.236843 25.243244 25.394737 1.086958 9.108693
14:34:49 28.815790 28.789473 28.605265 28.236843 25.243244 25.394737 1.086958 9.065218
14:34:51 28.815790 28.789473 28.605265 28.236843 25.243244 25.394737 1.086958 9.152178
14:34:52 28.789474 28.789473 28.605265 28.210526 25.243244 25.394737 1.130433 9.130430
14:34:54 28.789474 28.789473 28.605265 28.210526 25.243244 25.394737 1.195656 9.152178
14:34:56 28.789474 28.789473 28.605265 28.236843 25.243244 25.394737 1.304344 9.130430
14:34:57 28.789474 28.789473 28.605265 28.236843 25.243244 25.394737 2.152171 9.152178
14:34:59 28.789474 28.789473 28.605265 28.236843 25.243244 25.394737 1.130433 9.195653
14:35:00 28.789474 28.789473 28.605265 28.236843 25.243244 25.394737 1.086958 9.108693
14:35:02 28.789474 28.789473 28.605265 28.236843 25.243244 25.394737 1.065220 9.108693
14:35:03 28.789474 28.789473 28.605265 28.236843 25.243244 25.394737 1.065220 9.086955
14:35:05 28.789474 28.789473 28.605265 28.236843 25.243244 25.394737 1.065220 9.173916
14:35:06 28.789474 28.789473 28.605265 28.236843 25.243244 25.394737 1.065220 9.173916
14:35:08 28.789474 28.789473 28.605265 28.236843 25.243244 25.394737 1.086958 9.086955
14:35:10 28.789474 28.789473 28.605265 28.236843 25.243244 25.368422 1.086958 9.195653
14:35:11 28.789474 28.789473 28.605265 28.236843 25.243244 25.394737 1.086958 9.152178
14:35:13 28.789474 28.789473 28.605265 28.236843 25.243244 25.368422 1.108695 9.108693
14:35:14 28.789474 28.763159 28.605265 28.236843 25.243244 25.394737 1.108695 9.065218
14:35:16 28.789474 28.763159 28.605265 28.236843 25.216215 25.368422 1.086958 9.130430
14:35:17 28.789474 28.763159 28.605265 28.236843 25.216215 25.394737 1.086958 9.065218
14:35:19 28.789474 28.763159 28.605265 28.236843 25.216215 25.368422 1.065220 9.130430
14:35:20 28.789474 28.763159 28.578947 28.236843 25.216215 25.368422 1.086958 9.086955
14:35:22 28.789474 28.763159 28.578947 28.236843 25.216215 25.368422 1.086958 9.086955
14:35:23 28.789474 28.763159 28.605265 28.236843 25.216215 25.368422 1.130433 9.152178
14:35:25 28.789474 28.763159 28.605265 28.210526 25.216215 25.368422 1.152171 9.086955
14:35:27 28.789474 28.763159 28.605265 28.236843 25.216215 25.368422 1.195656 9.065218
14:35:28 28.789474 28.763159 28.605265 28.236843 25.216215 25.368422 2.521740 9.086955
14:35:30 28.789474 28.763159 28.605265 28.236843 25.216215 25.368422 1.565215 9.065218
14:35:31 28.789474 28.763159 28.578947 28.236843 25.216215 25.368422 1.108695 9.108693
14:35:33 28.789474 28.763159 28.578947 28.236843 25.216215 25.368422 1.108695 9.086955
14:35:34 28.789474 28.763159 28.578947 28.236843 25.216215 25.368422 1.108695 9.086955
14:35:36 28.789474 28.763159 28.578947 28.236843 25.216215 25.368422 1.065220 9.130430
14:35:37 28.789474 28.763159 28.578947 28.236843 25.216215 25.368422 1.065220 9.130430
14:35:39 28.789474 28.763159 28.578947 28.236843 25.216215 25.368422 1.065220 9.043480
14:35:41 28.789474 28.763159 28.578947 28.236843 25.216215 25.368422 1.108695 9.130430
14:35:42 28.789474 28.763159 28.578947 28.236843 25.216215 25.368422 1.086958 9.043480
14:35:44 28.763157 28.763159 28.578947 28.236843 25.216215 25.368422 1.108695 9.043480
14:35:45 28.763157 28.763159 28.578947 28.236843 25.216215 25.368422 1.108695 9.130430
14:35:47 28.789474 28.763159 28.578947 28.236843 25.216215 25.368422 1.108695 9.086955
14:35:48 28.789474 28.736841 28.578947 28.236843 25.216215 25.342106 1.086958 9.086955
14:35:50 28.789474 28.763159 28.578947 28.263159 25.189188 25.342106 1.086958 9.108693
14:35:51 28.789474 28.763159 28.578947 28.236843 25.216215 25.368422 1.065220 9.152178
14:35:53 28.789474 28.763159 28.578947 28.236843 25.216215 25.368422 1.065220 9.152178
14:35:55 28.789474 28.763159 28.578947 28.236843 25.189188 25.342106 1.065220 9.065218
14:35:56 28.789474 28.763159 28.578947 28.210526 25.189188 25.342106 1.152171 9.152178
14:35:58 28.789474 28.763159 28.578947 28.236843 25.189188 25.342106 1.152171 9.108693
14:36:01 28.789474 28.763159 28.578947 28.236843 25.189188 25.342106 1.586953 9.086955
14:36:02 28.763157 28.763159 28.578947 28.263159 25.189188 25.342106 1.108695 9.108693
14:36:04 28.763157 28.763159 28.578947 28.263159 25.189188 25.342106 1.086958 9.130430
14:36:05 28.763157 28.763159 28.578947 28.263159 25.189188 25.342106 1.086958 9.152178
14:36:07 28.763157 28.763159 28.578947 28.263159 25.189188 25.342106 1.065220 9.152178
14:36:08 28.763157 28.763159 28.578947 28.263159 25.189188 25.342106 1.065220 9.043480
14:36:10 28.763157 28.763159 28.578947 28.263159 25.189188 25.342106 1.065220 9.152178
14:36:12 28.763157 28.763159 28.578947 28.263159 25.189188 25.342106 1.065220 9.130430
14:36:13 28.763157 28.763159 28.578947 28.263159 25.189188 25.342106 1.065220 9.195653
14:36:15 28.763157 28.736841 28.578947 28.263159 25.189188 25.342106 1.086958 9.130430
14:36:16 28.763157 28.736841 28.578947 28.263159 25.189188 25.342106 1.086958 9.130430
14:36:18 28.763157 28.736841 28.578947 28.263159 25.189188 25.342106 1.108695 9.173916
14:36:19 28.763157 28.736841 28.578947 28.263159 25.189188 25.342106 1.108695 9.065218
14:36:21 28.763157 28.736841 28.552631 28.263159 25.189188 25.342106 1.086958 9.152178
14:36:22 28.763157 28.736841 28.552631 28.263159 25.189188 25.342106 1.065220 9.043480
14:36:24 28.763157 28.736841 28.552631 28.263159 25.189188 25.342106 1.086958 9.086955
14:36:26 28.763157 28.736841 28.552631 28.236843 25.189188 25.342106 1.086958 9.130430
14:36:27 28.763157 28.736841 28.578947 28.236843 25.189188 25.315788 1.108695 9.108693
14:36:29 28.763157 28.736841 28.578947 28.210526 25.189188 25.315788 1.130433 9.065218
14:36:30 28.763157 28.736841 28.578947 28.263159 25.189188 25.315788 1.239131 9.021743
14:36:32 28.763157 28.736841 28.552631 28.263159 25.189188 25.315788 1.760874 9.173916
14:36:33 28.763157 28.736841 28.552631 28.263159 25.189188 25.315788 1.934785 9.086955
14:36:35 28.763157 28.736841 28.552631 28.263159 25.189188 25.315788 1.108695 9.043480
14:36:36 28.763157 28.736841 28.552631 28.263159 25.189188 25.315788 1.065220 9.152178
14:36:38 28.763157 28.736841 28.552631 28.263159 25.189188 25.315788 1.065220 9.108693
14:36:39 28.763157 28.736841 28.552631 28.263159 25.189188 25.315788 1.065220 9.152178
14:36:41 28.763157 28.736841 28.552631 28.263159 25.162163 25.315788 1.065220 9.108693
14:36:43 28.763157 28.736841 28.552631 28.263159 25.189188 25.315788 1.043483 9.130430
14:36:44 28.763157 28.736841 28.552631 28.263159 25.189188 25.315788 1.065220 9.152178
14:36:46 28.763157 28.736841 28.552631 28.263159 25.162163 25.315788 1.086958 9.173916
14:36:47 28.736843 28.736841 28.552631 28.263159 25.162163 25.315788 1.086958 9.108693
14:36:49 28.736843 28.736841 28.552631 28.263159 25.189188 25.315788 1.086958 9.195653
14:36:50 28.763157 28.736841 28.552631 28.263159 25.162163 25.315788 1.108695 9.130430
14:36:52 28.763157 28.736841 28.552631 28.263159 25.162163 25.315788 1.086958 9.086955
14:36:53 28.763157 28.736841 28.552631 28.263159 25.189188 25.315788 1.065220 9.130430
14:36:55 28.763157 28.736841 28.552631 28.263159 25.162163 25.315788 1.065220 9.108693
14:36:57 28.763157 28.736841 28.552631 28.263159 25.162163 25.315788 1.086958 9.065218
14:36:58 28.763157 28.736841 28.552631 28.236843 25.162163 25.315788 1.086958 9.130430
14:37:00 28.763157 28.736841 28.552631 28.236843 25.162163 25.315788 1.108695 9.173916
14:37:01 28.763157 28.736841 28.552631 28.263159 25.162163 25.315788 1.173908 9.130430
14:37:03 28.763157 28.736841 28.552631 28.263159 25.162163 25.315788 1.999997 9.195653
14:37:04 28.763157 28.736841 28.552631 28.263159 25.162163 25.315788 1.391304 9.130430
14:37:06 28.763157 28.736841 28.552631 28.263159 25.162163 25.315788 1.108695 9.043480
14:37:08 28.763157 28.736841 28.552631 28.263159 25.162163 25.315788 1.152171 9.108693
14:37:09 28.763157 28.736841 28.552631 28.263159 25.162163 25.315788 1.065220 9.130430
14:37:11 28.763157 28.736841 28.552631 28.263159 25.162163 25.315788 1.065220 9.195653
14:37:12 28.763157 28.736841 28.552631 28.263159 25.162163 25.315788 1.065220 9.130430
14:37:14 28.763157 28.736841 28.552631 28.263159 25.162163 25.289474 1.108695 9.217391
14:37:15 28.763157 28.736841 28.552631 28.263159 25.162163 25.289474 1.065220 9.173916
14:37:17 28.736843 28.736841 28.552631 28.263159 25.162163 25.289474 1.065220 9.086955
14:37:18 28.736843 28.736841 28.552631 28.263159 25.162163 25.289474 1.086958 9.086955
14:37:20 28.736843 28.736841 28.552631 28.263159 25.162163 25.289474 1.086958 9.130430
14:37:22 28.736843 28.736841 28.552631 28.263159 25.135136 25.289474 1.086958 9.130430
14:37:23 28.736843 28.710526 28.552631 28.263159 25.162163 25.289474 1.086958 9.195653
14:37:25 28.736843 28.736841 28.552631 28.263159 25.162163 25.315788 1.086958 8.891307
14:37:26 28.736843 28.736841 28.552631 28.263159 25.189188 25.342106 1.065220 8.608698
14:37:28 28.736843 28.736841 28.552631 28.263159 25.243244 25.394737 1.086958 8.043480
14:37:29 28.736843 28.736841 28.552631 28.263159 25.270271 25.421053 1.086958 7.586960
14:37:31 28.736843 28.736841 28.552631 28.236843 25.297297 25.447369 1.108695 7.282614
14:37:32 28.736843 28.736841 28.552631 28.263159 25.297297 25.447369 1.152171 7.239128
14:37:34 28.736843 28.736841 28.552631 28.263159 25.351353 25.500000 1.369567 6.108693
14:37:36 28.736843 28.736841 28.552631 28.263159 25.432432 25.578947 1.695651 5.673910
14:37:37 28.736843 28.736841 28.552631 28.263159 25.486486 25.605263 1.130433 5.173915
14:37:39 28.736843 28.736841 28.552631 28.263159 25.513514 25.657894 1.086958 4.630435
14:37:40 28.736843 28.736841 28.552631 28.263159 25.513514 25.657894 1.065220 4.673910
14:37:42 28.736843 28.736841 28.552631 28.263159 25.540541 25.684210 1.065220 4.043479
14:37:43 28.736843 28.736841 28.552631 28.263159 25.594593 25.736843 1.086958 3.565222
14:37:45 28.736843 28.736841 28.552631 28.263159 25.621622 25.736843 1.065220 3.391301
14:37:46 28.736843 28.736841 28.552631 28.263159 25.621622 25.736843 1.065220 3.413039
14:37:48 28.736843 28.736841 28.552631 28.263159 25.648649 25.789473 1.065220 2.978256
14:38:00 28.736843 28.736841 28.552631 28.263159 25.486486 25.605263 1.108695 5.326089
14:38:04 28.736843 28.736841 28.552631 28.236843 25.486486 25.605263 1.152171 5.282614
14:38:07 28.763157 28.736841 28.552631 28.263159 25.486486 25.605263 1.413042 5.239128
14:38:10 28.763157 28.736841 28.552631 28.236843 25.486486 25.631578 1.108695 5.326089
14:38:13 28.789474 28.763159 28.578947 28.236843 25.540541 25.763159 1.043483 3.608697
14:38:16 28.789474 28.763159 28.578947 28.236843 25.702702 25.763159 1.065220 3.695648
14:38:19 28.789474 28.763159 28.605265 28.210526 25.729731 25.868422 1.086958 2.913044
14:38:22 28.789474 28.763159 28.605265 28.210526 25.729731 25.868422 1.086958 2.521737
14:38:25 28.815790 28.763159 28.605265 28.210526 25.729731 25.868422 1.108695 2.630435
14:38:28 28.815790 28.763159 28.605265 28.210526 25.756758 25.868422 1.108695 2.608697
14:38:31 28.815790 28.763159 28.605265 28.210526 25.729731 25.868422 1.086958 2.565222
14:38:34 28.815790 28.763159 28.605265 28.210526 25.729731 25.868422 1.108695 2.717396
