12:49:46 27.421051 27.368420 27.210526 26.868420 25.459459 25.473684 2.043483 0.130440
12:49:47 27.421051 27.368420 27.210526 26.868420 25.378378 25.052631 2.043483 7.521737
12:49:48 27.447369 27.368420 27.210526 26.868420 25.243244 25.184210 2.043483 11.478263
12:49:49 27.447369 27.368420 27.210526 26.868420 25.243244 25.184210 2.043483 10.934782
12:49:50 27.421051 27.368420 27.210526 26.868420 25.270271 25.210526 2.021735 10.760871
12:49:51 27.421051 27.368420 27.210526 26.868420 25.270271 25.184210 2.021735 10.869570
12:49:52 27.421051 27.368420 27.210526 26.868420 25.270271 25.184210 2.043483 10.695648
12:49:53 27.421051 27.368420 27.210526 26.868420 25.270271 25.184210 2.043483 10.608698
12:49:54 27.421051 27.368420 27.210526 26.868420 25.270271 25.210526 2.043483 10.521737
12:49:55 27.421051 27.368420 27.210526 26.868420 25.243244 25.184210 2.043483 10.434787
12:49:56 27.421051 27.368420 27.210526 26.842106 25.243244 25.157894 2.065220 10.630436
12:49:57 27.421051 27.368420 27.210526 26.789473 25.243244 25.184210 2.086958 10.543475
12:49:58 27.421051 27.368420 27.210526 26.815788 25.243244 25.184210 2.152171 10.630436
12:49:59 27.421051 27.368420 27.210526 26.868420 25.216215 25.184210 2.065220 10.630436
12:50:00 27.421051 27.368420 27.184212 26.868420 25.216215 25.157894 2.086958 10.673911
12:50:01 27.421051 27.368420 27.184212 26.868420 25.216215 25.157894 2.086958 10.608698
12:50:02 27.421051 27.368420 27.184212 26.868420 25.216215 25.157894 2.108696 10.521737
12:50:03 27.421051 27.368420 27.184212 26.868420 25.216215 25.157894 2.086958 10.521737
12:50:04 27.421051 27.368420 27.184212 26.868420 25.216215 25.157894 2.043483 10.456525
12:50:05 27.421051 27.368420 27.184212 26.868420 25.216215 25.157894 2.043483 10.608698
12:50:06 27.421051 27.368420 27.184212 26.868420 25.216215 25.131578 2.021735 10.630436
12:50:07 27.421051 27.368420 27.184212 26.894737 25.216215 25.131578 2.021735 10.608698
12:50:08 27.421051 27.368420 27.184212 26.894737 25.216215 25.131578 2.043483 10.565212
12:50:09 27.421051 27.368420 27.184212 26.894737 25.216215 25.131578 2.086958 10.608698
12:50:10 27.421051 27.368420 27.184212 26.894737 25.216215 25.131578 2.021735 10.586961
12:50:11 27.421051 27.368420 27.184212 26.894737 25.189188 25.131578 2.021735 10.586961
12:50:12 27.421051 27.368420 27.184212 26.868420 25.216215 25.131578 2.021735 10.608698
12:50:13 27.421051 27.368420 27.184212 26.868420 25.189188 25.105265 2.043483 10.673911
12:50:14 27.421051 27.368420 27.184212 26.868420 25.189188 25.131578 2.021735 10.652173
12:50:15 27.421051 27.368420 27.184212 26.868420 25.189188 25.105265 2.043483 10.543475
12:50:16 27.421051 27.368420 27.184212 26.868420 25.189188 25.105265 2.021735 10.652173
12:50:17 27.394737 27.368420 27.184212 26.868420 25.189188 25.105265 2.065220 10.739134
12:50:18 27.394737 27.368420 27.184212 26.868420 25.189188 25.105265 2.043483 10.695648
12:50:19 27.421051 27.368420 27.184212 26.868420 25.189188 25.105265 2.043483 10.652173
12:50:20 27.421051 27.368420 27.184212 26.868420 25.189188 25.105265 2.021735 10.608698
12:50:21 27.421051 27.368420 27.184212 26.868420 25.189188 25.105265 2.021735 10.673911
12:50:22 27.421051 27.368420 27.184212 26.894737 25.189188 25.105265 2.021735 10.717396
12:50:23 27.421051 27.368420 27.184212 26.868420 25.189188 25.105265 2.065220 10.652173
12:50:24 27.421051 27.342106 27.184212 26.868420 25.189188 25.105265 2.021735 10.586961
12:50:25 27.421051 27.342106 27.184212 26.868420 25.189188 25.105265 2.021735 10.630436
12:50:26 27.421051 27.342106 27.184212 26.868420 25.189188 25.078947 2.021735 10.586961
12:50:27 27.421051 27.368420 27.184212 26.842106 25.189188 25.105265 2.065220 10.739134
12:50:28 27.421051 27.368420 27.184212 26.815788 25.189188 25.105265 2.086958 10.739134
12:50:29 27.421051 27.368420 27.184212 26.868420 25.189188 25.105265 2.065220 10.739134
12:50:30 27.421051 27.368420 27.184212 26.868420 25.189188 25.078947 2.086958 10.608698
12:50:31 27.421051 27.368420 27.184212 26.868420 25.189188 25.105265 2.086958 10.739134
12:50:32 27.421051 27.368420 27.184212 26.868420 25.189188 25.078947 2.108696 10.782609
12:50:33 27.421051 27.342106 27.184212 26.868420 25.189188 25.078947 2.195656 10.608698
12:50:34 27.421051 27.368420 27.184212 26.868420 25.189188 25.078947 2.326092 10.630436
12:50:35 27.421051 27.368420 27.184212 26.868420 25.189188 25.078947 2.043483 10.565212
12:50:36 27.421051 27.342106 27.184212 26.868420 25.189188 25.078947 2.021735 10.543475
12:50:37 27.421051 27.368420 27.184212 26.868420 25.189188 25.078947 2.043483 10.500000
12:50:38 27.421051 27.368420 27.184212 26.868420 25.189188 25.105265 2.043483 10.586961
12:50:39 27.421051 27.368420 27.184212 26.868420 25.189188 25.078947 2.043483 10.521737
12:50:40 27.421051 27.342106 27.184212 26.868420 25.189188 25.078947 1.999997 10.565212
12:50:41 27.421051 27.342106 27.184212 26.868420 25.189188 25.078947 2.021735 10.500000
12:50:42 27.421051 27.342106 27.184212 26.868420 25.189188 25.078947 2.021735 10.565212
12:50:43 27.421051 27.342106 27.184212 26.868420 25.189188 25.078947 2.021735 10.608698
12:50:44 27.421051 27.342106 27.184212 26.868420 25.189188 25.078947 2.021735 10.521737
12:50:45 27.421051 27.342106 27.184212 26.868420 25.162163 25.078947 2.021735 10.630436
12:50:46 27.421051 27.368420 27.184212 26.868420 25.162163 25.052631 2.021735 10.760871
12:50:47 27.394737 27.368420 27.184212 26.868420 25.162163 25.078947 2.065220 10.565212
12:50:48 27.394737 27.368420 27.184212 26.868420 25.162163 25.052631 2.043483 10.673911
12:50:49 27.394737 27.368420 27.184212 26.868420 25.162163 25.052631 2.043483 10.586961
12:50:50 27.394737 27.342106 27.184212 26.868420 25.162163 25.052631 2.043483 10.608698
12:50:51 27.421051 27.342106 27.184212 26.868420 25.162163 25.052631 2.043483 10.586961
12:50:52 27.421051 27.315788 27.184212 26.868420 25.162163 25.052631 2.021735 10.652173
12:50:53 27.421051 27.342106 27.184212 26.868420 25.135136 25.052631 2.021735 10.652173
12:50:54 27.421051 27.342106 27.184212 26.868420 25.162163 25.052631 2.021735 10.739134
12:50:56 27.421051 27.342106 27.184212 26.868420 25.162163 25.052631 2.021735 10.608698
12:50:56 27.421051 27.342106 27.157894 26.868420 25.162163 25.052631 2.021735 10.717396
12:50:57 27.421051 27.342106 27.157894 26.868420 25.162163 25.052631 2.021735 10.760871
12:50:58 27.421051 27.342106 27.184212 26.868420 25.162163 25.052631 2.043483 10.630436
12:50:59 27.421051 27.342106 27.184212 26.815788 25.162163 25.052631 2.065220 10.630436
12:51:00 27.421051 27.342106 27.184212 26.789473 25.162163 25.052631 2.086958 10.586961
12:51:01 27.421051 27.342106 27.184212 26.815788 25.162163 25.052631 2.152171 10.630436
12:51:03 27.421051 27.342106 27.184212 26.842106 25.135136 25.052631 2.326092 10.608698
12:51:04 27.421051 27.368420 27.184212 26.868420 25.162163 25.052631 3.717389 10.586961
12:51:05 27.421051 27.368420 27.184212 26.868420 25.162163 25.052631 4.565216 10.521737
12:51:06 27.421051 27.342106 27.184212 26.868420 25.162163 25.052631 3.891299 10.565212
12:51:07 27.421051 27.342106 27.184212 26.868420 25.162163 25.052631 2.695651 10.565212
12:51:07 27.421051 27.342106 27.184212 26.868420 25.162163 25.052631 2.108696 10.630436
12:51:08 27.421051 27.342106 27.184212 26.868420 25.162163 25.052631 2.065220 10.608698
12:51:10 27.421051 27.342106 27.184212 26.868420 25.162163 25.026316 2.086958 10.543475
12:51:11 27.421051 27.342106 27.184212 26.868420 25.162163 25.052631 2.065220 10.543475
12:51:12 27.421051 27.342106 27.184212 26.868420 25.135136 25.052631 2.065220 10.608698
12:51:13 27.421051 27.342106 27.184212 26.868420 25.135136 25.026316 2.086958 10.543475
12:51:14 27.421051 27.342106 27.184212 26.868420 25.162163 25.052631 2.086958 10.521737
12:51:15 27.421051 27.342106 27.184212 26.868420 25.162163 25.026316 2.086958 10.608698
12:51:16 27.421051 27.342106 27.184212 26.868420 25.135136 25.026316 2.086958 10.630436
12:51:17 27.421051 27.342106 27.184212 26.868420 25.135136 25.026316 2.086958 10.717396
12:51:18 27.421051 27.342106 27.184212 26.868420 25.135136 25.026316 2.086958 10.652173
12:51:19 27.421051 27.342106 27.184212 26.868420 25.162163 25.026316 2.065220 10.500000
12:51:20 27.394737 27.342106 27.184212 26.868420 25.135136 25.026316 2.065220 10.500000
12:51:21 27.368420 27.342106 27.184212 26.868420 25.135136 25.026316 2.043483 10.500000
12:51:22 27.394737 27.342106 27.184212 26.868420 25.135136 25.026316 2.043483 10.521737
12:51:23 27.421051 27.342106 27.184212 26.868420 25.135136 25.026316 2.043483 10.586961
12:51:24 27.421051 27.315788 27.184212 26.868420 25.135136 25.026316 2.043483 10.521737
12:51:25 27.421051 27.315788 27.184212 26.868420 25.135136 25.026316 2.043483 10.608698
12:51:26 27.421051 27.315788 27.184212 26.868420 25.135136 25.026316 2.043483 10.586961
12:51:27 27.421051 27.342106 27.184212 26.868420 25.135136 25.026316 2.021735 10.543475
12:51:27 27.421051 27.342106 27.157894 26.868420 25.135136 25.026316 2.021735 10.565212
12:51:29 27.421051 27.342106 27.157894 26.868420 25.135136 25.026316 2.021735 10.543475
12:51:30 27.421051 27.342106 27.157894 26.868420 25.135136 25.000000 2.065220 10.521737
12:51:31 27.421051 27.342106 27.184212 26.842106 25.135136 25.000000 2.086958 10.565212
12:51:32 27.421051 27.342106 27.184212 26.789473 25.135136 25.000000 2.086958 10.652173
12:51:33 27.421051 27.342106 27.184212 26.763159 25.135136 25.000000 2.108696 10.543475
12:51:34 27.421051 27.342106 27.184212 26.815788 25.135136 25.000000 2.195656 10.652173
12:51:35 27.421051 27.342106 27.184212 26.868420 25.135136 25.000000 2.652176 10.565212
12:51:35 27.421051 27.342106 27.184212 26.868420 25.135136 25.000000 4.043483 10.521737
12:51:37 27.421051 27.342106 27.184212 26.868420 25.135136 25.000000 4.760874 10.608698
12:51:37 27.394737 27.342106 27.184212 26.868420 25.135136 25.000000 3.652176 10.565212
12:51:38 27.421051 27.342106 27.184212 26.868420 25.135136 25.000000 2.152171 10.543475
12:51:39 27.394737 27.342106 27.184212 26.868420 25.135136 25.000000 2.065220 10.586961
12:51:40 27.394737 27.342106 27.184212 26.868420 25.135136 25.000000 2.065220 10.565212
12:51:42 27.421051 27.342106 27.184212 26.868420 25.135136 25.000000 2.065220 10.565212
12:51:42 27.394737 27.342106 27.184212 26.868420 25.135136 25.000000 2.086958 10.543475
12:51:43 27.394737 27.342106 27.184212 26.868420 25.108109 25.000000 2.065220 10.717396
12:51:44 27.394737 27.342106 27.184212 26.868420 25.108109 25.000000 2.086958 10.543475
12:51:45 27.394737 27.342106 27.184212 26.868420 25.135136 25.000000 2.086958 10.521737
12:51:46 27.394737 27.342106 27.184212 26.868420 25.135136 25.000000 2.086958 10.586961
12:51:47 27.394737 27.342106 27.184212 26.868420 25.108109 25.000000 2.086958 10.673911
12:51:48 27.394737 27.342106 27.184212 26.868420 25.108109 24.973684 2.065220 10.673911
12:51:49 27.394737 27.342106 27.184212 26.868420 25.108109 24.973684 2.065220 10.652173
12:51:50 27.394737 27.342106 27.184212 26.868420 25.108109 24.973684 2.065220 10.652173
12:51:51 27.368420 27.342106 27.184212 26.868420 25.108109 24.973684 2.065220 10.630436
12:51:52 27.368420 27.342106 27.184212 26.868420 25.108109 24.973684 2.065220 10.652173
12:51:53 27.394737 27.342106 27.184212 26.868420 25.108109 24.973684 2.065220 10.586961
12:51:54 27.421051 27.342106 27.184212 26.868420 25.108109 24.973684 2.065220 10.543475
12:51:55 27.394737 27.315788 27.184212 26.868420 25.108109 24.973684 2.043483 10.673911
12:51:56 27.394737 27.315788 27.184212 26.868420 25.108109 24.973684 2.021735 10.586961
12:51:57 27.421051 27.342106 27.184212 26.868420 25.108109 24.973684 2.021735 10.521737
12:51:58 27.394737 27.342106 27.184212 26.868420 25.108109 24.973684 2.021735 10.543475
12:51:59 27.394737 27.342106 27.157894 26.868420 25.108109 24.947369 2.021735 10.652173
12:52:00 27.394737 27.342106 27.157894 26.868420 25.108109 24.973684 2.043483 10.630436
12:52:01 27.394737 27.342106 27.184212 26.868420 25.108109 24.973684 2.043483 10.673911
12:52:02 27.394737 27.342106 27.184212 26.842106 25.108109 24.973684 2.065220 10.521737
12:52:03 27.394737 27.342106 27.184212 26.789473 25.108109 24.973684 2.086958 10.630436
12:52:04 27.394737 27.342106 27.184212 26.789473 25.108109 24.973684 2.130433 10.673911
12:52:05 27.394737 27.342106 27.184212 26.842106 25.108109 24.973684 2.260869 10.586961
12:52:06 27.394737 27.342106 27.184212 26.868420 25.108109 24.973684 3.260869 10.543475
12:52:07 27.394737 27.342106 27.184212 26.868420 25.108109 24.947369 4.282607 10.543475
12:52:08 27.394737 27.342106 27.184212 26.868420 25.108109 24.973684 4.217394 10.652173
12:52:09 27.394737 27.342106 27.184212 26.868420 25.108109 24.973684 3.195656 10.543475
12:52:10 27.394737 27.342106 27.184212 26.868420 25.108109 24.947369 2.065220 10.673911
12:52:11 27.394737 27.342106 27.184212 26.868420 25.108109 24.947369 2.086958 10.630436
12:52:12 27.394737 27.342106 27.184212 26.868420 25.108109 24.973684 2.086958 10.630436
12:52:13 27.394737 27.342106 27.184212 26.868420 25.108109 24.947369 2.086958 10.586961
12:52:14 27.394737 27.342106 27.184212 26.868420 25.081081 24.947369 2.086958 10.630436
12:52:15 27.394737 27.342106 27.184212 26.868420 25.108109 24.973684 2.086958 10.608698
12:52:16 27.394737 27.342106 27.184212 26.868420 25.108109 24.947369 2.065220 10.543475
12:52:17 27.394737 27.342106 27.184212 26.868420 25.108109 24.947369 2.086958 10.565212
12:52:18 27.394737 27.342106 27.184212 26.868420 25.108109 24.947369 2.086958 10.739134
12:52:19 27.394737 27.342106 27.184212 26.868420 25.108109 24.947369 2.086958 10.804346
12:52:20 27.394737 27.342106 27.184212 26.868420 25.108109 24.947369 2.065220 10.652173
12:52:21 27.394737 27.342106 27.184212 26.868420 25.081081 24.947369 2.065220 10.608698
12:52:22 27.394737 27.342106 27.184212 26.868420 25.081081 24.947369 2.065220 10.608698
12:52:23 27.368420 27.342106 27.184212 26.868420 25.081081 24.947369 2.065220 10.673911
12:52:24 27.368420 27.342106 27.184212 26.868420 25.108109 24.947369 2.043483 10.586961
12:52:25 27.394737 27.342106 27.184212 26.868420 25.081081 24.947369 2.043483 10.608698
12:52:26 27.394737 27.315788 27.184212 26.868420 25.081081 24.947369 2.043483 10.630436
12:52:27 27.394737 27.315788 27.184212 26.868420 25.081081 24.947369 2.043483 10.782609
12:52:28 27.394737 27.315788 27.184212 26.868420 25.081081 24.947369 2.021735 10.608698
12:52:29 27.394737 27.342106 27.184212 26.868420 25.081081 24.947369 2.021735 10.673911
12:52:30 27.394737 27.342106 27.157894 26.868420 25.081081 24.947369 2.065220 10.630436
12:52:31 27.394737 27.342106 27.157894 26.868420 25.081081 24.947369 2.021735 10.608698
12:52:32 27.394737 27.342106 27.157894 26.868420 25.081081 24.947369 2.043483 10.565212
12:52:33 27.394737 27.342106 27.184212 26.868420 25.108109 24.947369 2.043483 10.608698
12:52:34 27.394737 27.342106 27.184212 26.815788 25.081081 24.947369 2.086958 10.608698
12:52:35 27.394737 27.342106 27.184212 26.763159 25.081081 24.947369 2.108696 10.630436
12:52:36 27.394737 27.342106 27.184212 26.815788 25.081081 24.947369 2.173908 10.608698
12:52:37 27.394737 27.342106 27.184212 26.842106 25.081081 24.947369 2.413042 10.608698
12:52:38 27.394737 27.342106 27.184212 26.868420 25.081081 24.947369 3.847824 10.652173
12:52:39 27.394737 27.342106 27.184212 26.868420 25.081081 24.947369 4.695651 10.608698
12:52:40 27.394737 27.342106 27.184212 26.868420 25.081081 24.921053 3.804349 10.673911
12:52:41 27.394737 27.342106 27.184212 26.868420 25.081081 24.947369 2.456517 10.695648
12:52:42 27.394737 27.342106 27.184212 26.868420 25.081081 24.947369 2.065220 10.673911
12:52:43 27.394737 27.342106 27.184212 26.868420 25.081081 24.947369 2.086958 10.630436
12:52:44 27.394737 27.342106 27.184212 26.868420 25.081081 24.947369 2.086958 10.565212
12:52:45 27.394737 27.342106 27.184212 26.868420 25.081081 24.947369 2.086958 10.695648
12:52:46 27.394737 27.342106 27.184212 26.868420 25.081081 24.947369 2.065220 10.652173
12:52:47 27.394737 27.342106 27.184212 26.868420 25.081081 24.947369 2.086958 10.608698
12:52:48 27.394737 27.342106 27.184212 26.868420 25.081081 24.947369 2.086958 10.652173
12:52:49 27.394737 27.342106 27.184212 26.868420 25.081081 24.947369 2.086958 10.739134
12:52:50 27.394737 27.342106 27.184212 26.868420 25.081081 24.921053 2.086958 10.673911
12:52:51 27.394737 27.342106 27.184212 26.868420 25.081081 24.947369 2.086958 10.739134
12:52:52 27.394737 27.342106 27.184212 26.868420 25.081081 24.921053 2.065220 10.739134
12:52:53 27.394737 27.342106 27.184212 26.868420 25.081081 24.947369 2.065220 10.608698
12:52:54 27.368420 27.342106 27.184212 26.868420 25.081081 24.947369 2.065220 10.586961
12:52:55 27.368420 27.342106 27.184212 26.868420 25.081081 24.947369 2.065220 10.717396
12:52:56 27.368420 27.342106 27.184212 26.868420 25.081081 24.921053 2.043483 10.652173
12:52:57 27.394737 27.342106 27.184212 26.868420 25.081081 24.947369 2.043483 10.608698
12:52:58 27.394737 27.315788 27.184212 26.868420 25.081081 24.921053 2.043483 10.630436
12:52:59 27.394737 27.315788 27.184212 26.868420 25.081081 24.947369 2.043483 10.652173
12:53:00 27.394737 27.315788 27.184212 26.868420 25.081081 24.947369 2.021735 10.630436
12:53:01 27.394737 27.342106 27.184212 26.868420 25.081081 24.921053 2.021735 10.608698
12:53:02 27.394737 27.342106 27.157894 26.868420 25.081081 24.921053 2.021735 10.739134
12:53:03 27.394737 27.342106 27.157894 26.868420 25.081081 24.947369 2.021735 10.630436
12:53:04 27.394737 27.342106 27.157894 26.868420 25.081081 24.921053 2.021735 10.760871
12:53:05 27.394737 27.342106 27.184212 26.842106 25.081081 24.921053 2.065220 10.630436
12:53:06 27.394737 27.342106 27.184212 26.789473 25.054054 24.921053 2.108696 10.630436
12:53:07 27.394737 27.342106 27.184212 26.763159 25.054054 24.947369 2.108696 10.652173
12:53:08 27.394737 27.342106 27.184212 26.815788 25.081081 24.947369 2.195656 10.586961
12:53:09 27.394737 27.342106 27.184212 26.868420 25.081081 24.947369 2.804349 10.630436
12:53:10 27.394737 27.342106 27.184212 26.868420 25.081081 24.921053 4.086958 10.630436
12:53:11 27.394737 27.342106 27.184212 26.868420 25.081081 24.921053 4.630438 10.608698
12:53:12 27.394737 27.342106 27.184212 26.868420 25.054054 24.921053 3.521740 10.652173
12:53:13 27.394737 27.342106 27.184212 26.868420 25.081081 24.921053 2.108696 10.717396
12:53:14 27.394737 27.342106 27.184212 26.868420 25.081081 24.921053 2.108696 10.608698
12:53:15 27.394737 27.342106 27.184212 26.868420 25.081081 24.947369 2.065220 10.695648
12:53:16 27.394737 27.342106 27.184212 26.868420 25.081081 24.921053 2.065220 10.673911
12:53:17 27.394737 27.342106 27.184212 26.868420 25.054054 24.921053 2.065220 10.717396
12:53:18 27.394737 27.342106 27.184212 26.868420 25.054054 24.921053 2.065220 10.695648
12:53:19 27.394737 27.342106 27.184212 26.868420 25.054054 24.921053 2.065220 10.630436
12:53:20 27.394737 27.342106 27.184212 26.868420 25.054054 24.921053 2.086958 10.717396
12:53:21 27.394737 27.342106 27.184212 26.868420 25.054054 24.921053 2.086958 10.826084
12:53:22 27.394737 27.342106 27.184212 26.868420 25.054054 24.921053 2.086958 10.782609
12:53:23 27.394737 27.342106 27.184212 26.868420 25.054054 24.921053 2.086958 10.782609
12:53:24 27.394737 27.342106 27.184212 26.868420 25.054054 24.921053 2.086958 10.739134
12:53:25 27.394737 27.342106 27.184212 26.868420 25.054054 24.921053 2.065220 10.695648
12:53:26 27.368420 27.342106 27.184212 26.868420 25.054054 24.921053 2.065220 10.630436
12:53:27 27.368420 27.342106 27.184212 26.868420 25.054054 24.921053 2.043483 10.717396
12:53:28 27.394737 27.342106 27.184212 26.868420 25.054054 24.921053 2.043483 10.673911
12:53:29 27.394737 27.315788 27.184212 26.868420 25.054054 24.921053 2.043483 10.630436
12:53:30 27.394737 27.315788 27.184212 26.868420 25.054054 24.921053 2.043483 10.739134
12:53:31 27.394737 27.315788 27.184212 26.868420 25.054054 24.921053 2.021735 10.739134
12:53:32 27.394737 27.315788 27.184212 26.868420 25.054054 24.921053 2.021735 10.717396
12:53:33 27.394737 27.342106 27.157894 26.868420 25.054054 24.921053 2.021735 10.652173
12:53:34 27.394737 27.342106 27.157894 26.868420 25.054054 24.921053 2.021735 10.652173
12:53:35 27.394737 27.342106 27.157894 26.868420 25.054054 24.921053 2.021735 10.608698
12:53:36 27.394737 27.342106 27.157894 26.868420 25.054054 24.921053 2.043483 10.673911
12:53:37 27.394737 27.342106 27.184212 26.815788 25.054054 24.894737 2.065220 10.717396
12:53:38 27.394737 27.342106 27.184212 26.789473 25.054054 24.921053 2.108696 10.739134
12:53:39 27.394737 27.342106 27.184212 26.789473 25.054054 24.921053 2.152171 10.673911
12:53:40 27.394737 27.342106 27.184212 26.842106 25.054054 24.921053 2.282606 10.717396
12:53:41 27.394737 27.342106 27.184212 26.868420 25.054054 24.894737 3.478265 10.760871
12:53:42 27.394737 27.342106 27.184212 26.868420 25.054054 24.921053 4.391304 10.739134
12:53:43 27.394737 27.342106 27.184212 26.868420 25.054054 24.921053 4.021735 10.673911
12:53:44 27.394737 27.342106 27.184212 26.868420 25.054054 24.921053 2.956522 10.673911
12:53:45 27.394737 27.342106 27.184212 26.868420 25.054054 24.894737 2.065220 10.652173
12:53:46 27.394737 27.342106 27.184212 26.868420 25.054054 24.921053 2.065220 10.717396
12:53:47 27.394737 27.342106 27.184212 26.868420 25.054054 24.921053 2.065220 10.608698
12:53:48 27.394737 27.342106 27.184212 26.868420 25.054054 24.921053 2.065220 10.739134
12:53:49 27.394737 27.342106 27.184212 26.868420 25.054054 24.894737 2.086958 10.695648
12:53:50 27.394737 27.342106 27.184212 26.868420 25.054054 24.921053 2.086958 10.739134
12:53:51 27.394737 27.342106 27.184212 26.868420 25.054054 24.921053 2.086958 10.695648
12:53:52 27.394737 27.342106 27.184212 26.868420 25.027027 24.894737 2.086958 10.717396
12:53:53 27.394737 27.342106 27.184212 26.868420 25.054054 24.894737 2.086958 10.847821
12:53:54 27.394737 27.342106 27.184212 26.868420 25.054054 24.894737 2.086958 10.847821
12:53:55 27.394737 27.342106 27.184212 26.868420 25.027027 24.894737 2.086958 10.826084
12:53:56 27.394737 27.342106 27.184212 26.868420 25.054054 24.894737 2.065220 10.782609
12:53:57 27.368420 27.342106 27.157894 26.868420 25.027027 24.894737 2.065220 10.760871
12:53:58 27.368420 27.342106 27.157894 26.868420 25.027027 24.894737 2.065220 10.804346
12:53:59 27.368420 27.342106 27.157894 26.868420 25.054054 24.894737 2.065220 10.717396
12:54:00 27.394737 27.342106 27.157894 26.868420 25.054054 24.894737 2.065220 10.739134
12:54:01 27.394737 27.315788 27.184212 26.868420 25.027027 24.921053 2.043483 10.695648
12:54:02 27.394737 27.315788 27.184212 26.868420 25.027027 24.894737 2.043483 10.739134
12:54:03 27.394737 27.315788 27.184212 26.868420 25.027027 24.894737 2.021735 10.717396
12:54:04 27.394737 27.342106 27.157894 26.868420 25.027027 24.894737 2.021735 10.717396
12:54:05 27.394737 27.342106 27.157894 26.868420 25.027027 24.894737 2.021735 10.760871
12:54:06 27.394737 27.342106 27.131580 26.868420 25.027027 24.894737 2.043483 10.869570
12:54:07 27.394737 27.342106 27.157894 26.868420 25.027027 24.894737 2.043483 10.847821
12:54:08 27.394737 27.342106 27.157894 26.842106 25.027027 24.868422 2.065220 10.847821
12:54:09 27.394737 27.342106 27.184212 26.789473 25.027027 24.868422 2.086958 10.869570
12:54:10 27.394737 27.342106 27.184212 26.763159 25.027027 24.894737 2.108696 10.978257
12:54:11 27.394737 27.342106 27.157894 26.789473 25.027027 24.868422 2.173908 10.913045
12:54:12 27.394737 27.342106 27.157894 26.842106 25.027027 24.868422 2.500003 10.978257
12:54:13 27.394737 27.342106 27.184212 26.868420 25.027027 24.868422 3.956522 10.913045
12:54:14 27.394737 27.342106 27.184212 26.868420 25.027027 24.868422 4.739126 10.891307
12:54:15 27.394737 27.342106 27.184212 26.868420 25.027027 24.868422 3.717389 10.978257
12:54:16 27.394737 27.342106 27.184212 26.868420 25.027027 24.868422 2.282606 11.021743
12:54:17 27.394737 27.342106 27.157894 26.868420 25.027027 24.868422 2.065220 11.000005
12:54:18 27.394737 27.342106 27.157894 26.868420 25.027027 24.868422 2.065220 11.043480
12:54:19 27.394737 27.342106 27.184212 26.868420 25.027027 24.868422 2.086958 10.934782
12:54:20 27.394737 27.342106 27.184212 26.868420 25.027027 24.868422 2.086958 10.913045
12:54:21 27.394737 27.342106 27.184212 26.868420 25.027027 24.868422 2.065220 11.021743
12:54:22 27.394737 27.342106 27.157894 26.868420 25.027027 24.894737 2.086958 10.956520
12:54:23 27.394737 27.342106 27.157894 26.868420 25.027027 24.868422 2.086958 10.956520
12:54:24 27.394737 27.342106 27.157894 26.868420 25.027027 24.868422 2.086958 11.021743
12:54:25 27.394737 27.342106 27.157894 26.868420 25.027027 24.868422 2.108696 11.000005
12:54:26 27.394737 27.342106 27.157894 26.868420 25.027027 24.868422 2.086958 11.108693
12:54:27 27.394737 27.342106 27.157894 26.842106 25.027027 24.868422 2.065220 10.978257
12:54:28 27.394737 27.342106 27.184212 26.842106 25.027027 24.868422 2.086958 10.869570
12:54:29 27.368420 27.342106 27.157894 26.842106 25.027027 24.868422 2.086958 10.782609
12:54:30 27.368420 27.342106 27.157894 26.842106 25.027027 24.868422 2.065220 10.760871
12:54:31 27.368420 27.342106 27.157894 26.842106 25.027027 24.868422 2.043483 10.804346
12:54:32 27.394737 27.342106 27.157894 26.842106 25.027027 24.868422 2.043483 10.782609
12:54:33 27.394737 27.315788 27.157894 26.842106 25.027027 24.868422 2.043483 10.847821
12:54:34 27.394737 27.315788 27.157894 26.842106 25.027027 24.894737 2.086958 10.847821
12:54:35 27.394737 27.315788 27.157894 26.842106 25.027027 24.868422 2.021735 10.826084
12:54:36 27.394737 27.342106 27.157894 26.842106 25.027027 24.868422 2.021735 10.891307
12:54:37 27.394737 27.342106 27.157894 26.842106 25.027027 24.868422 2.021735 10.804346
12:54:38 27.394737 27.342106 27.131580 26.842106 25.027027 24.868422 2.043483 10.847821
12:54:39 27.394737 27.342106 27.157894 26.842106 25.027027 24.894737 2.043483 10.782609
12:54:40 27.394737 27.342106 27.157894 26.842106 25.054054 24.894737 2.065220 10.500000
12:54:41 27.394737 27.342106 27.157894 26.789473 25.027027 24.894737 2.108696 10.456525
12:54:42 27.394737 27.342106 27.157894 26.763159 25.054054 24.921053 2.130433 10.347827
12:54:43 27.394737 27.342106 27.157894 26.815788 25.054054 24.973684 2.217394 9.695648
12:54:44 27.394737 27.342106 27.157894 26.842106 25.108109 24.973684 2.913047 9.847821
12:54:45 27.394737 27.342106 27.157894 26.842106 25.162163 25.026316 4.130433 9.391302
12:54:46 27.394737 27.342106 27.157894 26.842106 25.135136 25.000000 4.391304 9.391302
12:54:47 27.394737 27.342106 27.157894 26.842106 25.162163 25.026316 3.413042 9.239128
12:54:48 27.394737 27.342106 27.157894 26.842106 25.189188 25.052631 2.086958 8.717396
12:54:49 27.394737 27.342106 27.157894 26.842106 25.216215 25.078947 2.086958 8.739134
12:54:50 27.394737 27.342106 27.157894 26.842106 25.270271 25.157894 2.086958 7.869569
12:54:51 27.394737 27.342106 27.157894 26.842106 25.324324 25.184210 2.086958 7.478262
12:54:52 27.394737 27.342106 27.157894 26.842106 25.297297 25.184210 2.086958 7.521737
12:54:53 27.394737 27.342106 27.157894 26.842106 25.324324 25.236843 2.086958 6.978257
12:54:54 27.394737 27.342106 27.157894 26.842106 25.378378 25.263159 2.086958 6.804346
12:54:55 27.394737 27.342106 27.157894 26.842106 25.378378 25.289474 2.086958 6.434787
12:54:56 27.394737 27.342106 27.157894 26.842106 25.405405 25.289474 2.108696 6.478262
12:54:57 27.394737 27.342106 27.157894 26.842106 25.432432 25.315788 2.086958 6.217391
12:54:58 27.394737 27.342106 27.157894 26.842106 25.432432 25.315788 2.108696 6.239128
12:54:59 27.394737 27.342106 27.157894 26.842106 25.459459 25.315788 2.086958 6.043480
12:55:00 27.394737 27.342106 27.157894 26.842106 25.459459 25.368422 2.086958 5.673910
12:55:01 27.368420 27.342106 27.157894 26.842106 25.459459 25.368422 2.086958 5.760871
12:55:02 27.368420 27.342106 27.157894 26.842106 25.486486 25.394737 2.065220 5.652173
12:55:03 27.394737 27.342106 27.157894 26.842106 25.486486 25.368422 2.065220 5.413039
12:55:04 27.394737 27.315788 27.157894 26.842106 25.486486 25.394737 2.086958 5.347826
12:55:05 27.394737 27.315788 27.157894 26.842106 25.486486 25.394737 2.043483 5.369564
12:55:06 27.394737 27.315788 27.157894 26.842106 25.513514 25.421053 2.043483 5.086955
12:55:07 27.394737 27.342106 27.157894 26.842106 25.540541 25.447369 2.043483 4.717396
12:55:08 27.394737 27.342106 27.157894 26.842106 25.540541 25.447369 2.021735 4.739133
12:55:09 27.394737 27.342106 27.157894 26.842106 25.540541 25.447369 2.021735 4.804346
12:55:10 27.421051 27.342106 27.157894 26.842106 25.540541 25.473684 2.043483 4.456524
12:55:11 27.421051 27.342106 27.157894 26.842106 25.540541 25.473684 2.065220 4.500000
12:55:12 27.421051 27.342106 27.184212 26.789473 25.540541 25.473684 2.086958 4.521737
12:55:13 27.421051 27.342106 27.184212 26.763159 25.567568 25.473684 2.108696 4.521737
12:55:14 27.421051 27.342106 27.184212 26.763159 25.567568 25.473684 2.152171 4.478262
12:55:15 27.421051 27.342106 27.184212 26.815788 25.567568 25.500000 2.326092 4.282613
12:55:16 27.421051 27.342106 27.184212 26.842106 25.567568 25.500000 3.543478 4.217391
12:55:17 27.421051 27.342106 27.184212 26.842106 25.594593 25.500000 4.391304 4.282613
12:55:18 27.421051 27.342106 27.184212 26.842106 25.594593 25.500000 3.869562 4.260866
12:55:19 27.421051 27.342106 27.184212 26.842106 25.621622 25.526316 2.695651 3.913044
12:55:20 27.421051 27.342106 27.184212 26.842106 25.621622 25.526316 2.065220 4.021742
12:55:21 27.421051 27.342106 27.184212 26.842106 25.621622 25.526316 2.086958 3.956519
12:55:22 27.421051 27.342106 27.184212 26.842106 25.621622 25.526316 2.086958 4.043479
12:55:23 27.421051 27.342106 27.184212 26.842106 25.621622 25.526316 2.065220 4.000005
12:55:24 27.421051 27.342106 27.184212 26.842106 25.621622 25.526316 2.065220 3.956519
12:55:25 27.421051 27.342106 27.184212 26.842106 25.621622 25.552631 2.086958 4.000005
12:55:26 27.421051 27.342106 27.184212 26.842106 25.621622 25.552631 2.086958 4.000005
12:55:27 27.421051 27.342106 27.184212 26.842106 25.621622 25.552631 2.108696 4.021742
12:55:28 27.421051 27.342106 27.184212 26.842106 25.594593 25.552631 2.086958 4.043479
12:55:29 27.421051 27.342106 27.184212 26.842106 25.621622 25.526316 2.086958 4.217391
12:55:30 27.421051 27.342106 27.184212 26.842106 25.621622 25.526316 2.086958 4.195653
12:55:31 27.421051 27.342106 27.184212 26.842106 25.594593 25.500000 2.086958 4.108692
12:55:32 27.394737 27.342106 27.184212 26.842106 25.594593 25.500000 2.065220 4.282613
12:55:33 27.394737 27.342106 27.184212 26.842106 25.594593 25.526316 2.065220 4.326088
12:55:34 27.394737 27.342106 27.184212 26.842106 25.567568 25.473684 2.065220 4.500000
12:55:35 27.421051 27.342106 27.184212 26.842106 25.567568 25.447369 2.065220 4.978257
12:55:36 27.421051 27.315788 27.184212 26.842106 25.540541 25.447369 2.043483 4.978257
12:55:37 27.421051 27.315788 27.184212 26.842106 25.513514 25.421053 2.043483 5.239128
12:55:38 27.421051 27.315788 27.184212 26.842106 25.513514 25.421053 2.043483 5.173915
12:55:39 27.421051 27.342106 27.184212 26.842106 25.513514 25.421053 2.021735 5.239128
12:55:40 27.421051 27.342106 27.157894 26.842106 25.513514 25.421053 2.021735 5.326089
12:55:41 27.421051 27.342106 27.157894 26.842106 25.513514 25.421053 2.065220 5.326089
12:55:42 27.421051 27.342106 27.157894 26.815788 25.486486 25.394737 2.043483 5.630435
12:55:43 27.421051 27.342106 27.184212 26.815788 25.486486 25.394737 2.065220 5.630435
12:55:44 27.421051 27.342106 27.184212 26.763159 25.486486 25.394737 2.086958 5.586960
12:55:45 27.421051 27.342106 27.184212 26.736841 25.486486 25.394737 2.108696 5.565223
12:55:46 27.421051 27.342106 27.184212 26.763159 25.459459 25.394737 2.195656 5.934782
12:55:47 27.421051 27.342106 27.184212 26.815788 25.459459 25.394737 2.543478 5.956519
12:55:48 27.421051 27.342106 27.184212 26.842106 25.459459 25.368422 3.956522 5.913044
12:55:49 27.421051 27.342106 27.184212 26.842106 25.459459 25.368422 4.565216 5.891306
12:55:50 27.421051 27.342106 27.184212 26.842106 25.486486 25.394737 3.630438 5.913044
12:55:51 27.421051 27.342106 27.184212 26.842106 25.459459 25.394737 2.173908 5.869569
12:55:52 27.421051 27.342106 27.184212 26.842106 25.486486 25.394737 2.108696 5.913044
12:55:53 27.421051 27.342106 27.184212 26.842106 25.486486 25.368422 2.065220 5.869569
12:55:54 27.421051 27.342106 27.184212 26.842106 25.486486 25.394737 2.086958 5.891306
12:55:55 27.421051 27.342106 27.184212 26.842106 25.459459 25.394737 2.086958 5.869569
12:55:56 27.421051 27.342106 27.184212 26.842106 25.459459 25.394737 2.086958 5.913044
12:55:57 27.421051 27.342106 27.184212 26.842106 25.459459 25.394737 2.086958 5.934782
12:55:58 27.421051 27.342106 27.184212 26.842106 25.432432 25.368422 2.108696 6.239128
12:55:59 27.421051 27.342106 27.184212 26.842106 25.432432 25.342106 2.086958 6.282614
12:56:00 27.421051 27.342106 27.184212 26.842106 25.432432 25.342106 2.086958 6.391302
12:56:01 27.421051 27.342106 27.184212 26.842106 25.405405 25.342106 2.086958 6.934782
12:56:02 27.421051 27.342106 27.184212 26.842106 25.405405 25.315788 2.086958 6.804346
12:56:03 27.394737 27.342106 27.184212 26.842106 25.405405 25.315788 2.086958 6.652173
12:56:04 27.394737 27.342106 27.184212 26.815788 25.378378 25.289474 2.086958 6.673911
12:56:05 27.394737 27.342106 27.184212 26.842106 25.378378 25.289474 2.065220 6.913044
12:56:06 27.394737 27.342106 27.184212 26.842106 25.378378 25.263159 2.065220 7.043480
12:56:07 27.421051 27.342106 27.184212 26.842106 25.378378 25.263159 2.065220 7.000005
12:56:08 27.421051 27.315788 27.184212 26.842106 25.351353 25.236843 2.043483 7.369564
12:56:09 27.421051 27.315788 27.184212 26.842106 25.351353 25.236843 2.086958 7.347826
12:56:10 27.421051 27.315788 27.157894 26.842106 25.351353 25.236843 2.021735 7.434787
12:56:11 27.421051 27.342106 27.157894 26.842106 25.351353 25.236843 2.021735 7.326089
12:56:12 27.421051 27.342106 27.157894 26.842106 25.351353 25.236843 2.043483 7.347826
12:56:14 27.421051 27.342106 27.157894 26.842106 25.351353 25.236843 2.043483 7.326089
12:56:15 27.421051 27.342106 27.157894 26.815788 25.297297 25.210526 2.065220 7.782609
12:56:15 27.421051 27.342106 27.184212 26.789473 25.297297 25.210526 2.086958 7.804346
12:56:16 27.421051 27.342106 27.157894 26.736841 25.297297 25.210526 2.108696 7.826084
12:56:17 27.421051 27.342106 27.157894 26.736841 25.297297 25.210526 2.152171 7.804346
12:56:18 27.421051 27.342106 27.157894 26.789473 25.297297 25.210526 2.260869 7.782609
12:56:19 27.421051 27.342106 27.157894 26.842106 25.297297 25.210526 3.260869 7.804346
12:56:20 27.421051 27.342106 27.157894 26.842106 25.297297 25.210526 4.260869 7.804346
12:56:21 27.421051 27.342106 27.157894 26.842106 25.297297 25.210526 4.195656 7.804346
12:56:22 27.421051 27.342106 27.157894 26.842106 25.297297 25.210526 3.195656 7.760871
12:56:23 27.394737 27.342106 27.157894 26.815788 25.297297 25.210526 2.108696 7.804346
12:56:24 27.421051 27.342106 27.157894 26.842106 25.324324 25.210526 2.086958 7.717396
12:56:25 27.421051 27.342106 27.157894 26.842106 25.324324 25.210526 2.086958 7.760871
12:56:27 27.421051 27.342106 27.157894 26.842106 25.324324 25.210526 2.086958 7.760871
12:56:27 27.421051 27.342106 27.157894 26.842106 25.297297 25.210526 2.086958 7.760871
12:56:29 27.421051 27.342106 27.157894 26.842106 25.297297 25.210526 2.086958 7.804346
12:56:29 27.421051 27.342106 27.157894 26.842106 25.297297 25.210526 2.086958 7.760871
12:56:30 27.421051 27.342106 27.157894 26.842106 25.297297 25.210526 2.086958 7.760871
12:56:31 27.421051 27.342106 27.157894 26.842106 25.324324 25.210526 2.086958 7.826084
12:56:32 27.421051 27.342106 27.157894 26.842106 25.297297 25.210526 2.086958 7.826084
12:56:33 27.421051 27.342106 27.157894 26.842106 25.297297 25.210526 2.086958 7.804346
12:56:34 27.394737 27.342106 27.157894 26.815788 25.324324 25.210526 2.086958 7.739133
12:56:35 27.394737 27.342106 27.157894 26.815788 25.297297 25.210526 2.065220 7.717396
12:56:36 27.368420 27.342106 27.157894 26.815788 25.297297 25.210526 2.065220 7.695648
12:56:37 27.394737 27.342106 27.157894 26.815788 25.297297 25.210526 2.065220 7.739133
12:56:38 27.394737 27.342106 27.157894 26.815788 25.324324 25.210526 2.065220 7.739133
12:56:39 27.421051 27.315788 27.157894 26.815788 25.324324 25.210526 2.086958 7.739133
12:56:40 27.421051 27.315788 27.157894 26.842106 25.324324 25.210526 2.043483 7.673911
12:56:41 27.421051 27.315788 27.157894 26.815788 25.324324 25.210526 2.021735 7.630435
12:56:42 27.421051 27.342106 27.157894 26.815788 25.324324 25.210526 2.021735 7.630435
12:56:43 27.421051 27.342106 27.157894 26.815788 25.324324 25.210526 2.021735 7.652173
12:56:44 27.421051 27.342106 27.131580 26.815788 25.324324 25.236843 2.043483 7.456524
12:56:45 27.421051 27.342106 27.157894 26.815788 25.324324 25.236843 2.043483 7.195653
12:56:46 27.421051 27.342106 27.157894 26.815788 25.378378 25.263159 2.065220 7.065217
12:56:47 27.421051 27.342106 27.184212 26.763159 25.378378 25.315788 2.086958 6.695648
12:56:48 27.421051 27.342106 27.184212 26.736841 25.378378 25.289474 2.108696 6.717396
12:56:49 27.421051 27.342106 27.157894 26.763159 25.378378 25.289474 2.173908 6.760871
12:56:50 27.421051 27.342106 27.157894 26.815788 25.459459 25.368422 2.369567 6.021742
12:56:51 27.421051 27.342106 27.184212 26.815788 25.486486 25.394737 3.760874 5.673910
12:56:52 27.421051 27.342106 27.184212 26.815788 25.486486 25.394737 4.543478 5.673910
12:56:53 27.421051 27.342106 27.184212 26.815788 25.459459 25.394737 3.760874 5.673910
12:56:54 27.421051 27.342106 27.184212 26.815788 25.540541 25.447369 2.456517 5.065217
12:56:55 27.421051 27.342106 27.184212 26.815788 25.540541 25.447369 2.065220 5.043480
12:56:56 27.421051 27.342106 27.184212 26.815788 25.540541 25.473684 2.086958 4.760871
12:56:57 27.421051 27.342106 27.157894 26.815788 25.594593 25.500000 2.065220 4.478262
12:56:58 27.421051 27.342106 27.157894 26.815788 25.567568 25.500000 2.065220 4.500000
12:56:59 27.421051 27.342106 27.157894 26.815788 25.594593 25.526316 2.086958 4.260866
12:57:00 27.421051 27.342106 27.157894 26.815788 25.594593 25.526316 2.086958 4.217391
12:57:01 27.421051 27.342106 27.157894 26.815788 25.621622 25.552631 2.086958 4.000005
12:57:02 27.421051 27.342106 27.157894 26.815788 25.621622 25.552631 2.086958 3.934782
12:57:03 27.421051 27.342106 27.157894 26.815788 25.648649 25.552631 2.086958 3.673910
12:57:04 27.421051 27.342106 27.157894 26.815788 25.648649 25.552631 2.086958 3.891306
12:57:06 27.421051 27.342106 27.157894 26.815788 25.675676 25.578947 2.108696 3.782608
12:57:06 27.421051 27.342106 27.157894 26.815788 25.648649 25.578947 2.086958 3.478262
12:57:07 27.394737 27.342106 27.157894 26.815788 25.648649 25.578947 2.086958 3.456524
12:57:08 27.368420 27.342106 27.157894 26.815788 25.675676 25.578947 2.065220 3.499999
12:57:10 27.394737 27.342106 27.157894 26.815788 25.648649 25.605263 2.065220 3.456524
12:57:11 27.421051 27.342106 27.157894 26.815788 25.675676 25.578947 2.065220 3.413039
12:57:12 27.421051 27.315788 27.157894 26.815788 25.675676 25.605263 2.043483 3.478262
12:57:13 27.421051 27.315788 27.157894 26.815788 25.675676 25.631578 2.021735 3.239128
12:57:14 27.421051 27.315788 27.157894 26.815788 25.675676 25.605263 2.043483 3.239128
12:57:15 27.421051 27.342106 27.157894 26.815788 25.675676 25.605263 2.043483 3.260865
12:57:16 27.421051 27.342106 27.157894 26.815788 25.675676 25.605263 2.043483 3.260865
12:57:17 27.421051 27.342106 27.131580 26.815788 25.675676 25.605263 2.021735 3.260865
12:57:18 27.421051 27.342106 27.157894 26.815788 25.702702 25.605263 2.043483 3.326088
12:57:19 27.421051 27.342106 27.157894 26.789473 25.675676 25.605263 2.065220 3.260865
12:57:22 27.421051 27.342106 27.157894 26.736841 25.702702 25.605263 2.108696 3.260865
12:57:23 27.421051 27.342106 27.157894 26.815788 25.702702 25.631578 2.652176 3.021742
12:57:24 27.421051 27.342106 27.157894 26.815788 25.702702 25.631578 3.978260 3.065217
12:57:25 27.421051 27.342106 27.157894 26.815788 25.702702 25.631578 4.456517 2.956519
12:57:26 27.421051 27.342106 27.157894 26.815788 25.702702 25.631578 3.521740 2.978256
13:08:58 27.421051 27.289474 27.131580 26.763159 25.459459 25.394737 3.173908 5.586960
13:08:59 27.394737 27.289474 27.131580 26.763159 25.459459 25.368422 4.152171 5.891306
13:09:03 27.394737 27.289474 27.105263 26.763159 25.459459 25.368422 2.043483 5.869569
13:09:05 27.394737 27.289474 27.105263 26.763159 25.459459 25.368422 2.043483 5.891306
13:09:07 27.394737 27.289474 27.105263 26.763159 25.432432 25.368422 2.043483 5.978257
13:09:09 27.394737 27.289474 27.105263 26.763159 25.459459 25.394737 2.043483 5.608697
13:09:11 27.394737 27.289474 27.105263 26.763159 25.459459 25.394737 2.043483 5.673910
13:09:13 27.394737 27.289474 27.105263 26.763159 25.486486 25.394737 2.043483 5.608697
13:09:15 27.368420 27.289474 27.105263 26.763159 25.486486 25.421053 2.043483 5.565223
13:09:17 27.394737 27.289474 27.105263 26.763159 25.486486 25.421053 2.021735 5.282614
13:09:19 27.394737 27.263159 27.105263 26.763159 25.486486 25.421053 2.043483 5.195653
13:09:21 27.394737 27.289474 27.105263 26.763159 25.486486 25.421053 1.978260 5.217391
13:09:23 27.394737 27.289474 27.078947 26.763159 25.486486 25.421053 1.999997 5.239128
13:09:25 27.394737 27.289474 27.105263 26.736841 25.486486 25.421053 2.043483 5.304351
13:09:27 27.394737 27.289474 27.105263 26.657894 25.486486 25.421053 2.086958 5.304351
13:09:29 27.394737 27.289474 27.105263 26.736841 25.513514 25.447369 2.391304 5.021742
13:09:31 27.394737 27.289474 27.105263 26.763159 25.513514 25.447369 4.500003 5.021742
13:09:33 27.394737 27.289474 27.105263 26.763159 25.513514 25.421053 2.304344 4.913044
13:09:35 27.394737 27.289474 27.105263 26.736841 25.540541 25.473684 2.043483 4.695648
13:09:37 27.394737 27.289474 27.105263 26.763159 25.540541 25.473684 2.065220 4.717396
13:09:39 27.394737 27.289474 27.105263 26.763159 25.540541 25.473684 2.065220 4.695648
13:09:41 27.394737 27.289474 27.105263 26.763159 25.540541 25.447369 2.043483 4.760871
13:09:43 27.394737 27.289474 27.105263 26.763159 25.567568 25.473684 2.043483 4.478262
13:09:45 27.394737 27.289474 27.105263 26.763159 25.567568 25.500000 2.065220 4.391301
13:09:47 27.368420 27.289474 27.105263 26.763159 25.567568 25.500000 2.021735 4.369564
13:09:49 27.394737 27.289474 27.105263 26.763159 25.540541 25.473684 2.065220 3.978257
13:09:51 27.394737 27.263159 27.105263 26.763159 25.567568 25.500000 2.021735 4.173915
13:09:53 27.394737 27.289474 27.078947 26.763159 25.567568 25.500000 1.999997 4.217391
13:09:55 27.394737 27.289474 27.078947 26.763159 25.567568 25.500000 2.021735 4.195653
13:09:57 27.394737 27.289474 27.078947 26.736841 25.594593 25.526316 2.043483 3.891306
13:10:00 27.394737 27.289474 27.078947 26.657894 25.540541 25.500000 2.108696 4.347826
13:10:01 27.368420 27.263159 27.078947 26.736841 25.540541 25.500000 2.173908 4.391301
13:10:03 27.368420 27.263159 27.078947 26.736841 25.540541 25.473684 4.304344 4.434787
13:10:05 27.368420 27.289474 27.078947 26.736841 25.594593 25.526316 2.369567 3.869569
13:10:07 27.394737 27.289474 27.078947 26.736841 25.621622 25.552631 2.391304 3.739133
13:10:09 27.394737 27.289474 27.078947 26.736841 25.621622 25.552631 2.369567 3.608697
13:10:11 27.394737 27.289474 27.078947 26.736841 25.621622 25.578947 2.391304 3.499999
13:10:13 27.394737 27.289474 27.105263 26.736841 25.648649 25.578947 2.391304 3.478262
13:10:15 27.394737 27.289474 27.105263 26.736841 25.648649 25.578947 2.369567 3.499999
13:10:17 27.394737 27.289474 27.105263 26.736841 25.648649 25.578947 2.391304 3.456524
13:10:19 27.368420 27.289474 27.105263 26.736841 25.648649 25.578947 2.369567 3.478262
13:10:21 27.394737 27.289474 27.105263 26.736841 25.648649 25.578947 2.347829 3.434787
13:10:23 27.394737 27.263159 27.105263 26.736841 25.648649 25.578947 2.326092 3.478262
13:10:25 27.394737 27.289474 27.105263 26.736841 25.648649 25.578947 2.326092 3.499999
13:10:27 27.394737 27.289474 27.078947 26.736841 25.648649 25.578947 2.326092 3.478262
13:10:29 27.394737 27.289474 27.105263 26.710527 25.648649 25.578947 2.347829 3.608697
13:10:31 27.394737 27.289474 27.105263 26.657894 25.648649 25.578947 2.391304 3.521737
13:10:33 27.394737 27.289474 27.105263 26.736841 25.621622 25.552631 2.565215 3.760871
13:10:35 27.394737 27.289474 27.105263 26.736841 25.621622 25.552631 4.521740 3.804346
13:10:37 27.394737 27.289474 27.105263 26.736841 25.621622 25.552631 2.347829 3.782608
13:10:39 27.394737 27.289474 27.105263 26.736841 25.648649 25.552631 2.369567 3.760871
13:10:41 27.394737 27.289474 27.105263 26.736841 25.621622 25.552631 2.369567 3.782608
13:10:43 27.394737 27.289474 27.105263 26.736841 25.621622 25.552631 2.391304 3.760871
13:10:45 27.394737 27.289474 27.078947 26.736841 25.621622 25.552631 2.369567 3.760871
13:10:47 27.394737 27.289474 27.078947 26.736841 25.594593 25.526316 2.369567 3.782608
13:10:49 27.394737 27.289474 27.078947 26.736841 25.621622 25.552631 2.391304 3.869569
13:10:51 27.368420 27.289474 27.078947 26.736841 25.621622 25.552631 2.369567 3.891306
13:10:53 27.394737 27.289474 27.078947 26.736841 25.594593 25.552631 2.347829 3.891306
13:10:55 27.394737 27.263159 27.078947 26.736841 25.621622 25.552631 2.347829 3.891306
13:10:57 27.394737 27.289474 27.078947 26.736841 25.621622 25.552631 2.326092 3.804346
13:10:59 27.394737 27.289474 27.052633 26.736841 25.621622 25.552631 2.326092 3.847821
13:11:01 27.394737 27.289474 27.078947 26.710527 25.621622 25.552631 2.347829 3.847821
13:11:03 27.394737 27.289474 27.078947 26.631580 25.621622 25.552631 2.413042 3.760871
13:11:05 27.394737 27.289474 27.078947 26.736841 25.621622 25.552631 2.804349 3.695648
13:11:07 27.394737 27.289474 27.078947 26.736841 25.621622 25.552631 4.782612 3.673910
13:11:09 27.394737 27.289474 27.078947 26.736841 25.621622 25.552631 2.347829 3.695648
13:11:11 27.394737 27.289474 27.078947 26.736841 25.648649 25.552631 2.369567 3.630435
13:11:13 27.394737 27.289474 27.078947 26.736841 25.621622 25.552631 2.391304 4.652173
13:11:16 27.394737 27.289474 27.105263 26.736841 25.405405 25.342106 2.065220 6.413039
13:11:17 27.394737 27.289474 27.078947 26.736841 25.405405 25.315788 2.065220 6.152178
13:11:19 27.394737 27.289474 27.078947 26.736841 25.405405 25.315788 2.065220 6.434787
13:11:21 27.368420 27.263159 27.078947 26.736841 25.405405 25.315788 2.043483 6.304351
13:11:23 27.342106 27.263159 27.078947 26.763159 25.513514 25.421053 2.043483 4.804346
13:11:25 27.368420 27.263159 27.078947 26.763159 25.540541 25.473684 2.021735 4.282613
13:11:27 27.368420 27.236841 27.052633 26.763159 25.567568 25.500000 1.999997 4.021742
13:11:29 27.342106 27.263159 27.052633 26.763159 25.594593 25.526316 1.999997 3.826083
13:11:31 27.342106 27.263159 27.026316 26.763159 25.594593 25.526316 2.021735 3.739133
13:11:33 27.342106 27.263159 27.052633 26.736841 25.594593 25.552631 2.043483 3.499999
13:11:35 27.342106 27.236841 27.052633 26.684210 25.594593 25.552631 2.108696 3.499999
13:11:37 27.342106 27.236841 27.052633 26.763159 25.621622 25.552631 2.934785 3.326088
13:11:39 27.342106 27.236841 27.052633 26.763159 25.621622 25.552631 4.086958 3.217390
13:11:41 27.342106 27.236841 27.052633 26.763159 25.648649 25.578947 2.043483 3.152178
13:11:43 27.342106 27.236841 27.052633 26.763159 25.648649 25.578947 2.065220 3.260865
13:11:45 27.342106 27.236841 27.052633 26.763159 25.648649 25.578947 2.065220 3.173915
13:11:47 27.342106 27.236841 27.052633 26.763159 25.648649 25.578947 2.043483 3.043480
13:11:49 27.342106 27.236841 27.052633 26.763159 25.648649 25.578947 2.065220 3.065217
13:11:51 27.342106 27.236841 27.052633 26.763159 25.648649 25.578947 2.065220 3.108692
13:11:53 27.315790 27.236841 27.052633 26.763159 25.648649 25.578947 2.065220 3.043480
13:11:55 27.315790 27.236841 27.052633 26.763159 25.648649 25.578947 2.043483 3.108692
13:11:57 27.342106 27.236841 27.052633 26.763159 25.648649 25.578947 2.021735 3.108692
13:11:59 27.342106 27.210527 27.052633 26.763159 25.648649 25.578947 2.021735 3.108692
13:12:01 27.342106 27.236841 27.052633 26.763159 25.648649 25.578947 1.999997 3.130430
13:12:03 27.342106 27.236841 27.026316 26.763159 25.648649 25.578947 2.021735 3.065217
13:12:05 27.342106 27.236841 27.052633 26.710527 25.648649 25.578947 2.043483 3.108692
13:12:07 27.342106 27.236841 27.052633 26.710527 25.648649 25.578947 2.130433 3.065217
13:12:09 27.342106 27.236841 27.052633 26.763159 25.648649 25.578947 3.521740 3.000005
13:12:11 27.342106 27.236841 27.052633 26.763159 25.648649 25.578947 3.695651 3.021742
13:12:13 27.342106 27.236841 27.052633 26.763159 25.648649 25.578947 2.043483 3.043480
13:12:15 27.342106 27.236841 27.052633 26.763159 25.648649 25.578947 2.086958 3.086955
13:12:17 27.342106 27.236841 27.052633 26.736841 25.648649 25.578947 2.391304 3.108692
13:12:19 27.342106 27.236841 27.052633 26.736841 25.648649 25.578947 2.391304 3.130430
13:12:21 27.342106 27.236841 27.052633 26.736841 25.648649 25.605263 2.369567 3.021742
13:12:23 27.342106 27.236841 27.052633 26.736841 25.675676 25.605263 2.391304 2.847831
13:12:25 27.315790 27.236841 27.052633 26.736841 25.675676 25.605263 2.369567 2.782608
13:12:27 27.342106 27.236841 27.052633 26.736841 25.675676 25.605263 2.369567 2.869569
13:12:30 27.342106 27.210527 27.052633 26.736841 25.648649 25.605263 2.326092 2.913044
13:12:31 27.342106 27.236841 27.052633 26.736841 25.675676 25.605263 2.326092 2.847831
13:12:33 27.342106 27.236841 27.026316 26.736841 25.675676 25.605263 2.326092 2.956519
13:12:35 27.342106 27.236841 27.052633 26.736841 25.675676 25.605263 2.347829 2.913044
13:12:37 27.342106 27.236841 27.052633 26.657894 25.675676 25.605263 2.413042 2.891306
13:12:39 27.342106 27.236841 27.052633 26.736841 25.648649 25.605263 2.500003 2.913044
13:12:41 27.342106 27.236841 27.052633 26.736841 25.675676 25.605263 4.239131 2.826083
13:12:43 27.342106 27.236841 27.052633 26.736841 25.675676 25.605263 2.391304 2.804346
13:12:45 27.342106 27.236841 27.052633 26.736841 25.675676 25.605263 2.369567 2.891306
13:12:47 27.342106 27.236841 27.052633 26.736841 25.675676 25.605263 2.391304 2.869569
13:12:49 27.342106 27.236841 27.052633 26.736841 25.648649 25.578947 2.369567 3.152178
13:12:51 27.342106 27.236841 27.052633 26.736841 25.648649 25.578947 2.391304 3.108692
13:12:53 27.342106 27.236841 27.052633 26.736841 25.648649 25.578947 2.391304 3.195653
13:12:55 27.342106 27.236841 27.052633 26.736841 25.648649 25.552631 2.391304 3.369564
13:12:57 27.315790 27.236841 27.026316 26.736841 25.621622 25.552631 2.369567 3.326088
13:12:59 27.342106 27.236841 27.052633 26.736841 25.621622 25.552631 2.369567 3.304351
13:13:01 27.342106 27.210527 27.052633 26.736841 25.621622 25.552631 2.347829 3.326088
13:13:03 27.342106 27.236841 27.052633 26.736841 25.621622 25.552631 2.326092 3.347826
13:13:05 27.342106 27.236841 27.026316 26.736841 25.621622 25.552631 2.326092 3.304351
13:13:07 27.342106 27.236841 27.052633 26.736841 25.621622 25.578947 2.347829 3.239128
13:13:09 27.342106 27.236841 27.052633 26.657894 25.621622 25.578947 2.413042 3.260865
13:13:11 27.342106 27.236841 27.052633 26.736841 25.621622 25.552631 2.543478 3.304351
13:13:13 27.342106 27.236841 27.026316 26.736841 25.648649 25.578947 4.456517 3.130430
13:13:15 27.342106 27.236841 27.026316 26.736841 25.648649 25.578947 2.347829 3.043480
13:13:17 27.342106 27.236841 27.026316 26.736841 25.648649 25.578947 2.369567 3.108692
13:13:19 27.342106 27.236841 27.026316 26.736841 25.648649 25.578947 2.369567 3.000005
13:13:21 27.315790 27.236841 27.026316 26.736841 25.648649 25.605263 2.391304 3.043480
13:13:23 27.342106 27.236841 27.026316 26.736841 25.648649 25.578947 2.369567 3.021742
13:13:25 27.342106 27.236841 27.026316 26.736841 25.648649 25.578947 2.391304 3.195653
13:13:27 27.315790 27.236841 27.026316 26.736841 25.648649 25.578947 2.369567 3.043480
13:13:29 27.289473 27.236841 27.026316 26.736841 25.648649 25.578947 2.347829 3.086955
13:13:31 27.342106 27.236841 27.026316 26.736841 25.648649 25.578947 2.347829 3.108692
13:13:33 27.342106 27.210527 27.026316 26.736841 25.648649 25.578947 2.347829 3.108692
13:13:35 27.342106 27.236841 27.026316 26.736841 25.648649 25.578947 2.326092 3.108692
13:13:37 27.342106 27.236841 26.999998 26.736841 25.648649 25.578947 2.326092 3.130430
13:13:39 27.342106 27.236841 27.026316 26.736841 25.648649 25.578947 2.391304 3.086955
13:13:41 27.342106 27.236841 27.026316 26.657894 25.648649 25.578947 2.413042 3.065217
13:13:43 27.342106 27.236841 27.026316 26.736841 25.648649 25.578947 2.717388 3.086955
13:13:45 27.342106 27.236841 27.026316 26.736841 25.648649 25.578947 4.673913 3.065217
13:13:47 27.315790 27.236841 27.026316 26.736841 25.648649 25.578947 2.347829 3.108692
13:13:49 27.315790 27.236841 27.026316 26.736841 25.648649 25.578947 2.347829 2.804346
13:13:51 27.315790 27.236841 27.026316 26.736841 25.675676 25.605263 2.369567 2.891306
