15:11:04 27.842106 25.868422 27.421051 25.947369 27.324326 26.710527 1.152171 4.500000
15:11:05 27.842106 25.868422 27.421051 25.947369 27.459461 27.105263 1.152171 0.347826
15:11:05 27.842106 25.868422 27.421051 25.947369 27.432432 27.105263 1.173908 0.347826
15:11:06 27.842106 25.868422 27.421051 25.947369 27.432432 27.105263 1.173908 0.347826
15:11:07 27.842106 25.868422 27.421051 25.947369 27.459461 27.105263 1.217394 0.347826
15:11:08 27.842106 25.868422 27.421051 25.947369 27.459461 27.105263 1.239131 0.347826
15:11:08 27.842106 25.868422 27.421051 25.947369 27.459461 27.105263 1.239131 0.347826
15:11:09 27.842106 25.868422 27.421051 25.947369 27.459461 27.105263 1.326092 0.347826
15:11:10 27.842106 25.868422 27.421051 25.947369 27.459461 27.105263 1.369567 0.347826
15:11:11 27.842106 25.868422 27.421051 25.947369 27.459461 27.105263 1.391304 0.347826
15:11:11 27.842106 25.868422 27.421051 25.947369 27.459461 27.105263 1.391304 0.347826
15:11:12 27.842106 25.868422 27.421051 25.947369 27.459461 27.105263 1.304344 0.347826
15:11:13 27.842106 25.868422 27.421051 25.947369 27.459461 27.105263 1.239131 0.347826
15:11:14 27.842106 25.868422 27.421051 25.947369 27.459461 27.105263 1.195656 0.347826
15:11:14 27.842106 25.868422 27.421051 25.947369 27.459461 27.105263 1.195656 0.347826
15:11:15 27.842106 25.868422 27.421051 25.947369 27.459461 27.105263 1.173908 0.347826
15:11:16 27.842106 25.868422 27.421051 25.947369 27.459461 27.105263 1.173908 0.347826
15:11:17 27.842106 25.868422 27.421051 25.947369 27.459461 27.105263 1.173908 0.347826
15:11:17 27.842106 25.868422 27.421051 25.947369 27.459461 27.105263 1.152171 0.347826
15:11:18 27.842106 25.868422 27.421051 25.947369 27.432432 27.105263 1.152171 0.347826
15:11:19 27.842106 25.868422 27.421051 25.947369 27.432432 27.105263 1.130433 0.347826
15:11:20 27.842106 25.868422 27.421051 25.947369 27.432432 27.105263 1.130433 0.347826
15:11:20 27.842106 25.868422 27.421051 25.947369 27.432432 27.105263 1.130433 0.347826
15:11:21 27.842106 25.868422 27.421051 25.947369 27.432432 27.105263 1.130433 0.347826
15:11:22 27.842106 25.868422 27.421051 25.947369 27.432432 27.105263 1.152171 0.347826
15:11:23 27.842106 25.868422 27.421051 25.947369 27.432432 27.105263 1.152171 0.347826
15:11:23 27.842106 25.868422 27.421051 25.947369 27.459461 27.105263 1.152171 0.347826
15:11:24 27.842106 25.868422 27.421051 25.947369 27.459461 27.105263 1.152171 0.347826
15:11:25 27.842106 25.868422 27.421051 25.947369 27.459461 27.105263 1.130433 0.347826
15:11:26 27.842106 25.868422 27.421051 25.947369 27.432432 27.105263 1.152171 0.347826
15:11:26 27.842106 25.868422 27.421051 25.947369 27.459461 27.105263 1.152171 0.347826
15:11:27 27.842106 25.868422 27.421051 25.947369 27.459461 27.105263 1.152171 0.347826
15:11:28 27.842106 25.868422 27.421051 25.973686 27.432432 27.105263 1.152171 0.347826
15:11:29 27.842106 25.868422 27.421051 25.973686 27.432432 27.105263 1.152171 0.347826
15:11:29 27.842106 25.868422 27.421051 25.947369 27.459461 27.105263 1.173908 0.282613
15:11:30 27.842106 25.868422 27.421051 25.947369 27.459461 27.105263 1.152171 0.282613
15:11:31 27.842106 25.868422 27.421051 25.947369 27.459461 27.105263 1.152171 0.282613
15:11:32 27.842106 25.868422 27.421051 25.947369 27.459461 27.105263 1.152171 0.282613
15:11:32 27.842106 25.868422 27.421051 25.947369 27.459461 27.105263 1.152171 0.282613
15:11:33 27.842106 25.868422 27.421051 25.947369 27.459461 27.105263 1.152171 0.282613
15:11:34 27.842106 25.868422 27.421051 25.947369 27.459461 27.105263 1.130433 0.282613
15:11:35 27.842106 25.868422 27.421051 25.947369 27.459461 27.105263 1.130433 0.282613
15:11:35 27.842106 25.868422 27.421051 25.947369 27.459461 27.105263 1.130433 0.282613
15:11:36 27.842106 25.868422 27.421051 25.947369 27.459461 27.105263 1.152171 0.282613
15:11:37 27.842106 25.868422 27.421051 25.947369 27.459461 27.105263 1.173908 0.282613
15:11:38 27.842106 25.868422 27.421051 25.947369 27.459461 27.105263 1.173908 0.282613
15:11:38 27.868422 25.868422 27.421051 25.947369 27.459461 27.105263 1.173908 0.282613
15:11:39 27.868422 25.868422 27.421051 25.947369 27.459461 27.105263 1.217394 0.282613
15:11:40 27.842106 25.868422 27.421051 25.947369 27.459461 27.105263 1.239131 0.282613
15:11:41 27.842106 25.868422 27.421051 25.947369 27.459461 27.105263 1.347829 0.282613
15:11:41 27.842106 25.868422 27.421051 25.947369 27.459461 27.105263 1.347829 0.282613
15:11:42 27.842106 25.868422 27.421051 25.947369 27.459461 27.105263 1.391304 0.282613
15:11:43 27.842106 25.868422 27.421051 25.947369 27.459461 27.105263 1.391304 0.282613
15:11:44 27.842106 25.868422 27.421051 25.947369 27.432432 27.105263 1.304344 0.260865
15:11:44 27.842106 25.868422 27.421051 25.947369 27.432432 27.105263 1.304344 0.347826
15:11:45 27.842106 25.868422 27.421051 25.947369 27.432432 27.105263 1.239131 0.347826
15:11:46 27.842106 25.868422 27.421051 25.947369 27.432432 27.105263 1.173908 0.347826
15:11:47 27.842106 25.868422 27.421051 25.947369 27.432432 27.105263 1.173908 0.347826
15:11:47 27.842106 25.868422 27.421051 25.947369 27.432432 27.105263 1.173908 0.347826
15:11:48 27.842106 25.868422 27.421051 25.947369 27.432432 27.105263 1.173908 0.347826
15:11:49 27.842106 25.868422 27.421051 25.947369 27.432432 27.078947 1.152171 0.347826
15:11:50 27.842106 25.868422 27.421051 25.947369 27.432432 27.078947 1.152171 0.347826
15:11:50 27.842106 25.868422 27.421051 25.947369 27.432432 27.078947 1.130433 0.347826
15:11:51 27.842106 25.868422 27.421051 25.947369 27.432432 27.078947 1.130433 0.347826
15:11:52 27.842106 25.868422 27.421051 25.947369 27.432432 27.078947 1.130433 0.347826
15:11:53 27.842106 25.868422 27.421051 25.947369 27.432432 27.105263 1.130433 0.369563
15:11:53 27.842106 25.868422 27.421051 25.947369 27.432432 27.105263 1.130433 0.369563
15:11:54 27.842106 25.868422 27.421051 25.947369 27.432432 27.078947 1.130433 0.304351
15:11:55 27.842106 25.868422 27.421051 25.947369 27.459461 27.105263 1.152171 0.304351
15:11:56 27.842106 25.868422 27.421051 25.947369 27.459461 27.105263 1.152171 0.282613
15:11:56 27.842106 25.868422 27.421051 25.947369 27.459461 27.105263 1.130433 0.282613
15:11:57 27.842106 25.868422 27.421051 25.947369 27.459461 27.105263 1.152171 0.282613
15:11:58 27.842106 25.868422 27.421051 25.947369 27.459461 27.105263 1.152171 0.282613
15:11:59 27.842106 25.868422 27.421051 25.947369 27.459461 27.105263 1.152171 0.282613
15:11:59 27.842106 25.868422 27.421051 25.947369 27.459461 27.105263 1.152171 0.282613
15:12:00 27.842106 25.868422 27.421051 25.947369 27.459461 27.105263 1.152171 0.282613
15:12:01 27.842106 25.868422 27.421051 25.947369 27.459461 27.105263 1.152171 0.282613
15:12:02 27.842106 25.868422 27.421051 25.947369 27.459461 27.105263 1.173908 0.282613
15:12:02 27.842106 25.868422 27.421051 25.947369 27.459461 27.105263 1.152171 0.195653
15:12:03 27.842106 25.868422 27.421051 25.947369 27.432432 27.105263 1.152171 0.195653
15:12:05 27.842106 25.868422 27.421051 25.947369 27.432432 27.078947 1.130433 0.347826
15:12:05 27.763157 25.868422 27.421051 25.894737 27.432432 27.078947 6.978260 0.347826
15:12:06 27.763157 25.763159 27.342104 25.684210 27.432432 27.078947 7.065221 0.347826
15:12:07 27.657896 25.684210 27.263159 25.447369 27.432432 27.078947 12.043473 0.347826
15:12:08 27.789474 25.815790 27.368422 25.815790 27.432432 27.105263 12.043473 0.347826
15:12:08 27.815788 25.842104 27.368422 25.815790 27.432432 27.105263 2.913047 0.347826
15:12:09 27.815788 25.842104 27.394737 25.868420 27.459461 27.105263 2.891299 0.282613
15:12:10 27.736843 25.815790 27.368422 25.815790 27.459461 27.105263 3.717389 0.282613
15:12:11 27.763157 25.763159 27.342104 25.684210 27.459461 27.105263 6.717389 0.282613
15:12:11 27.842106 25.842104 27.342104 25.684210 27.459461 27.105263 6.717389 0.282613
15:12:12 27.842106 25.842104 27.394737 25.921051 27.459461 27.105263 2.065220 0.282613
15:12:13 27.842106 25.842104 27.394737 25.921051 27.459461 27.105263 2.239131 0.282613
15:12:14 27.842106 25.842104 27.394737 25.921051 27.459461 27.105263 2.108696 0.304351
15:12:14 27.815788 25.842104 27.394737 25.921051 27.432432 27.105263 2.108696 0.347826
15:12:15 27.815788 25.842104 27.394737 25.894737 27.432432 27.078947 2.260869 0.347826
15:12:16 27.815788 25.842104 27.394737 25.894737 27.432432 27.078947 2.478265 0.347826
15:12:17 27.815788 25.842104 27.394737 25.921051 27.432432 27.078947 2.043483 0.347826
15:12:17 27.842106 25.842104 27.394737 25.921051 27.432432 27.078947 2.043483 0.347826
15:12:18 27.842106 25.842104 27.394737 25.921051 27.432432 27.078947 1.804349 0.282613
15:12:19 27.842106 25.842104 27.394737 25.921051 27.459461 27.105263 1.847824 0.282613
15:12:20 27.842106 25.842104 27.394737 25.921051 27.459461 27.105263 1.804349 0.282613
15:12:20 27.842106 25.842104 27.394737 25.921051 27.459461 27.105263 1.869562 0.282613
15:12:21 27.842106 25.842104 27.394737 25.921051 27.459461 27.105263 1.869562 0.282613
15:12:22 27.815788 25.842104 27.394737 25.921051 27.459461 27.105263 2.108696 0.282613
15:12:23 27.815788 25.842104 27.394737 25.921051 27.459461 27.105263 2.021735 0.282613
15:12:23 27.842106 25.842104 27.394737 25.921051 27.459461 27.105263 1.630438 0.282613
15:12:24 27.815788 25.842104 27.394737 25.894737 27.459461 27.105263 1.630438 0.282613
15:12:25 27.815788 25.842104 27.394737 25.894737 27.432432 27.078947 1.891299 0.347826
15:12:26 27.815788 25.842104 27.394737 25.894737 27.432432 27.078947 2.195656 0.369563
15:12:26 27.815788 25.842104 27.394737 25.921051 27.432432 27.078947 2.065220 0.369563
15:12:27 27.842106 25.842104 27.394737 25.921051 27.432432 27.078947 2.065220 0.369563
15:12:28 27.815788 25.842104 27.394737 25.921051 27.432432 27.078947 1.673913 0.347826
15:12:29 27.815788 25.842104 27.394737 25.868420 27.432432 27.078947 2.043483 0.347826
15:12:29 27.815788 25.842104 27.394737 25.921051 27.432432 27.078947 1.847824 0.347826
15:12:30 27.815788 25.842104 27.394737 25.921051 27.432432 27.078947 1.847824 0.347826
15:12:31 27.815788 25.842104 27.394737 25.921051 27.432432 27.105263 1.847824 0.282613
15:12:32 27.815788 25.842104 27.394737 25.894737 27.459461 27.105263 1.978260 0.282613
15:12:32 27.815788 25.842104 27.394737 25.921051 27.459461 27.105263 1.934785 0.282613
15:12:33 27.815788 25.842104 27.394737 25.921051 27.459461 27.105263 2.043483 0.282613
15:12:34 27.842106 25.842104 27.394737 25.921051 27.459461 27.105263 2.043483 0.282613
15:12:35 27.842106 25.842104 27.394737 25.921051 27.459461 27.105263 1.673913 0.282613
15:12:35 27.842106 25.842104 27.394737 25.894737 27.459461 27.105263 2.065220 0.282613
15:12:36 27.815788 25.842104 27.394737 25.921051 27.432432 27.078947 1.956522 0.282613
15:12:37 27.842106 25.842104 27.394737 25.921051 27.432432 27.078947 1.826087 0.347826
15:12:38 27.815788 25.842104 27.394737 25.894737 27.432432 27.078947 1.826087 0.347826
15:12:38 27.842106 25.842104 27.394737 25.894737 27.432432 27.078947 2.108696 0.347826
15:12:39 27.842106 25.842104 27.394737 25.921051 27.432432 27.078947 1.739126 0.347826
15:12:40 27.842106 25.842104 27.394737 25.921051 27.432432 27.078947 1.804349 0.347826
15:12:41 27.815788 25.842104 27.394737 25.868420 27.432432 27.078947 1.804349 0.347826
15:12:41 27.815788 25.842104 27.394737 25.868420 27.432432 27.078947 2.934785 0.347826
15:12:42 27.815788 25.842104 27.394737 25.894737 27.459461 27.105263 1.978260 0.282613
15:12:43 27.815788 25.842104 27.394737 25.921051 27.459461 27.105263 1.891299 0.282613
15:12:44 27.815788 25.842104 27.394737 25.868420 27.459461 27.105263 2.869562 0.282613
15:12:44 27.815788 25.842104 27.394737 25.868420 27.432432 27.105263 2.869562 0.282613
15:12:45 27.815788 25.842104 27.394737 25.921051 27.459461 27.105263 2.086958 0.282613
15:12:46 27.815788 25.842104 27.394737 25.894737 27.432432 27.105263 2.304344 0.282613
15:12:47 27.815788 25.842104 27.394737 25.921051 27.459461 27.105263 2.239131 0.282613
15:12:47 27.815788 25.842104 27.394737 25.921051 27.459461 27.105263 2.239131 0.282613
15:12:48 27.815788 25.842104 27.394737 25.894737 27.459461 27.105263 1.978260 0.282613
15:12:49 27.815788 25.842104 27.368422 25.921051 27.459461 27.078947 2.130433 0.347826
15:12:50 27.815788 25.842104 27.394737 25.921051 27.432432 27.078947 2.021735 0.347826
15:12:50 27.842106 25.842104 27.394737 25.921051 27.432432 27.078947 2.021735 0.347826
15:12:51 27.815788 25.842104 27.394737 25.921051 27.432432 27.078947 2.282606 0.347826
15:12:52 27.815788 25.842104 27.394737 25.894737 27.432432 27.078947 2.152171 0.347826
15:12:53 27.815788 25.842104 27.394737 25.921051 27.459461 27.105263 1.673913 0.347826
15:12:53 27.842106 25.842104 27.394737 25.921051 27.459461 27.105263 1.695651 0.260865
15:12:54 27.815788 25.842104 27.394737 25.921051 27.459461 27.105263 1.695651 0.282613
15:12:55 27.815788 25.842104 27.394737 25.921051 27.432432 27.105263 2.239131 0.282613
15:12:56 27.815788 25.842104 27.394737 25.921051 27.459461 27.105263 1.673913 0.304351
15:12:56 27.815788 25.842104 27.394737 25.894737 27.432432 27.105263 2.304344 0.304351
15:12:57 27.815788 25.842104 27.394737 25.894737 27.432432 27.105263 2.304344 0.304351
15:12:58 27.815788 25.842104 27.394737 25.894737 27.459461 27.105263 3.130433 0.304351
15:12:59 27.815788 25.842104 27.394737 25.921051 27.432432 27.105263 1.760874 0.282613
15:12:59 27.815788 25.842104 27.394737 25.921051 27.432432 27.105263 1.760874 0.282613
15:13:00 27.815788 25.842104 27.394737 25.894737 27.432432 27.105263 2.217394 0.304351
15:13:01 27.815788 25.842104 27.394737 25.894737 27.432432 27.105263 2.217394 0.282613
15:13:02 27.815788 25.842104 27.394737 25.921051 27.432432 27.105263 1.673913 0.282613
15:13:02 27.815788 25.842104 27.394737 25.921051 27.432432 27.105263 1.760874 0.282613
15:13:03 27.815788 25.842104 27.394737 25.894737 27.432432 27.105263 2.282606 0.282613
15:13:04 27.815788 25.842104 27.394737 25.921051 27.432432 27.078947 2.282606 0.347826
15:13:05 27.815788 25.842104 27.394737 25.921051 27.432432 27.078947 1.934785 0.347826
