18:43:13 26.078947 26.210527 25.710526 24.789474 27.594595 27.236841 1.108695 0.000004
18:43:14 26.078947 26.210527 25.710526 24.789474 27.594595 27.236841 1.108695 0.000004
18:43:14 26.078947 26.210527 25.710526 24.789474 27.594595 27.236841 1.108695 0.000004
18:43:15 26.078947 26.210527 25.736843 24.789474 27.594595 27.236841 1.108695 0.000004
18:43:15 26.078947 26.210527 25.736843 24.789474 27.594595 27.236841 1.108695 0.000004
18:43:15 26.078947 26.210527 25.736843 24.789474 27.594595 27.236841 1.108695 0.000004
18:43:16 26.078947 26.210527 25.736843 24.789474 27.594595 27.236841 1.130433 0.000004
18:43:16 26.078947 26.210527 25.736843 24.789474 27.594595 27.236841 1.130433 0.000004
18:43:17 26.078947 26.210527 25.736843 24.789474 27.594595 27.236841 1.152171 0.000004
18:43:17 26.078947 26.210527 25.736843 24.789474 27.594595 27.236841 1.152171 0.000004
18:43:17 26.078947 26.210527 25.736843 24.789474 27.594595 27.236841 1.152171 0.000004
18:43:18 26.078947 26.210527 25.736843 24.789474 27.594595 27.236841 1.195656 0.000004
18:43:18 26.078947 26.210527 25.736843 24.789474 27.594595 27.236841 1.195656 0.000004
18:43:19 26.078947 26.210527 25.736843 24.789474 27.594595 27.236841 1.239131 0.000004
18:43:19 26.078947 26.210527 25.736843 24.789474 27.594595 27.236841 1.239131 0.000004
18:43:19 26.078947 26.210527 25.736843 24.789474 27.594595 27.236841 1.239131 0.000004
18:43:20 26.078947 26.210527 25.736843 24.789474 27.594595 27.236841 1.304344 0.000004
18:43:20 26.078947 26.210527 25.736843 24.789474 27.594595 27.236841 1.304344 0.000004
18:43:21 26.078947 26.210527 25.736843 24.789474 27.594595 27.236841 1.347829 0.000004
18:43:21 26.078947 26.210527 25.736843 24.789474 27.594595 27.236841 1.347829 0.000004
18:43:21 26.078947 26.210527 25.736843 24.789474 27.594595 27.236841 1.282606 0.000004
18:43:22 26.078947 26.210527 25.736843 24.789474 27.594595 27.236841 1.282606 0.000004
18:43:22 26.078947 26.210527 25.736843 24.789474 27.594595 27.236841 1.282606 0.000004
18:43:23 26.078947 26.210527 25.736843 24.789474 27.594595 27.236841 1.217394 0.000004
18:43:23 26.078947 26.210527 25.736843 24.789474 27.594595 27.236841 1.217394 0.000004
