22:51:11 26.421051 26.394737 26.157894 25.657896 26.081081 26.131578 1.282606 -0.043481
22:51:12 26.421051 26.394737 26.157894 25.657896 26.081081 26.105263 1.282606 -0.043481
22:51:13 26.421051 26.394737 26.157894 25.657896 26.081081 26.131578 1.304344 -0.043481
22:51:14 26.421051 26.368420 26.157894 25.657896 26.081081 26.131578 1.282606 -0.043481
22:51:15 26.421051 26.394737 26.157894 25.657896 26.081081 26.131578 1.282606 -0.043481
22:51:17 26.421051 26.394737 26.157894 25.657896 26.081081 26.131578 1.304344 -0.043481
22:51:18 26.421051 26.394737 26.157894 25.657896 26.081081 26.105263 1.326092 -0.043481
22:51:19 26.421051 26.394737 26.157894 25.657896 26.081081 26.131578 1.326092 -0.043481
22:51:20 26.421051 26.394737 26.157894 25.657896 26.081081 26.131578 1.326092 -0.043481
22:51:22 26.421051 26.394737 26.157894 25.631578 26.081081 26.131578 1.369567 -0.043481
22:51:23 26.421051 26.394737 26.157894 25.631578 26.081081 26.131578 1.391304 -0.043481
22:51:24 26.421051 26.394737 26.157894 25.657896 26.081081 26.131578 1.717388 -0.043481
22:51:25 26.421051 26.394737 26.157894 25.657896 26.081081 26.131578 1.369567 -0.043481
22:51:27 26.421051 26.394737 26.157894 25.657896 26.081081 26.131578 1.347829 -0.043481
22:51:28 26.421051 26.394737 26.157894 25.657896 26.081081 26.131578 1.326092 -0.043481
22:51:29 26.421051 26.394737 26.157894 25.657896 26.081081 26.105263 1.326092 -0.043481
22:51:30 26.421051 26.394737 26.157894 25.657896 26.081081 26.131578 1.282606 -0.043481
22:51:32 26.421051 26.394737 26.157894 25.657896 26.081081 26.105263 1.282606 -0.043481
22:51:34 26.421051 26.394737 26.157894 25.657896 26.081081 26.131578 1.260869 -0.021744
22:51:35 26.421051 26.394737 26.157894 25.657896 26.081081 26.131578 1.304344 -0.021744
22:51:36 26.421051 26.394737 26.157894 25.657896 26.081081 26.131578 1.260869 -0.021744
22:51:38 26.421051 26.394737 26.157894 25.657896 26.081081 26.131578 1.260869 -0.021744
22:51:39 26.421051 26.394737 26.157894 25.657896 26.081081 26.131578 1.260869 -0.043481
22:51:40 26.421051 26.394737 26.157894 25.657896 26.081081 26.105263 1.260869 -0.021744
22:51:41 26.421051 26.394737 26.157894 25.657896 26.081081 26.131578 1.260869 -0.043481
22:51:43 26.394737 26.394737 26.157894 25.657896 26.081081 26.131578 1.326092 -0.043481
22:51:45 26.421051 26.368420 26.157894 25.657896 26.081081 26.131578 1.326092 -0.043481
22:51:46 26.421051 26.394737 26.157894 25.657896 26.081081 26.131578 1.260869 -0.043481
22:51:48 26.421051 26.394737 26.157894 25.657896 26.081081 26.131578 1.282606 -0.043481
22:51:49 26.421051 26.394737 26.157894 25.657896 26.081081 26.131578 1.304344 -0.043481
22:51:50 26.421051 26.394737 26.157894 25.657896 26.081081 26.105263 1.347829 -0.043481
22:51:51 26.421051 26.394737 26.157894 25.657896 26.081081 26.105263 1.304344 -0.043481
22:51:53 26.421051 26.394737 26.157894 25.631578 26.081081 26.131578 1.347829 -0.043481
22:51:55 26.421051 26.394737 26.157894 25.605263 26.081081 26.131578 1.478265 -0.043481
22:51:56 26.421051 26.394737 26.157894 25.657896 26.081081 26.131578 1.347829 -0.043481
22:51:57 26.421051 26.394737 26.157894 25.657896 26.081081 26.131578 1.369567 -0.043481
22:51:58 26.421051 26.394737 26.157894 25.657896 26.081081 26.131578 1.391304 -0.043481
22:52:00 26.421051 26.394737 26.157894 25.657896 26.081081 26.131578 1.326092 -0.043481
22:52:01 26.421051 26.394737 26.157894 25.657896 26.081081 26.131578 1.304344 -0.043481
22:52:02 26.421051 26.394737 26.157894 25.657896 26.081081 26.131578 1.304344 -0.043481
22:52:03 26.421051 26.394737 26.157894 25.657896 26.081081 26.131578 1.282606 -0.043481
22:52:05 26.421051 26.394737 26.157894 25.657896 26.081081 26.131578 1.282606 -0.021744
22:52:06 26.421051 26.394737 26.157894 25.657896 26.081081 26.131578 1.326092 -0.043481
22:52:07 26.421051 26.394737 26.157894 25.657896 26.081081 26.105263 1.260869 -0.043481
22:52:08 26.421051 26.394737 26.157894 25.657896 26.081081 26.105263 1.260869 -0.043481
22:52:10 26.421051 26.394737 26.157894 25.657896 26.081081 26.105263 1.260869 -0.021744
22:52:11 26.421051 26.394737 26.157894 25.657896 26.081081 26.131578 1.282606 -0.021744
22:52:12 26.421051 26.394737 26.157894 25.657896 26.081081 26.105263 1.282606 -0.043481
22:52:13 26.394737 26.394737 26.157894 25.657896 26.081081 26.131578 1.326092 -0.043481
22:52:14 26.421051 26.394737 26.157894 25.657896 26.081081 26.105263 1.347829 -0.043481
22:52:16 26.421051 26.394737 26.157894 25.657896 26.081081 26.131578 1.304344 -0.043481
22:52:17 26.421051 26.394737 26.157894 25.657896 26.081081 26.105263 1.260869 -0.043481
22:52:18 26.421051 26.394737 26.157894 25.657896 26.081081 26.131578 1.282606 -0.043481
22:52:19 26.421051 26.394737 26.157894 25.657896 26.081081 26.131578 1.304344 -0.043481
22:52:21 26.421051 26.394737 26.157894 25.657896 26.081081 26.105263 1.304344 -0.043481
22:52:22 26.421051 26.394737 26.157894 25.657896 26.081081 26.105263 1.304344 -0.043481
22:52:23 26.421051 26.394737 26.157894 25.657896 26.081081 26.105263 1.304344 -0.043481
22:52:24 26.421051 26.394737 26.157894 25.578947 26.081081 26.105263 1.347829 -0.021744
22:52:26 26.421051 26.394737 26.157894 25.657896 26.081081 26.105263 1.347829 -0.043481
22:52:27 26.421051 26.394737 26.157894 25.657896 26.081081 26.131578 1.369567 -0.043481
22:52:28 26.421051 26.394737 26.157894 25.657896 26.081081 26.131578 1.369567 -0.043481
22:52:29 26.421051 26.394737 26.157894 25.657896 26.081081 26.131578 1.391304 -0.043481
22:52:31 26.421051 26.394737 26.157894 25.657896 26.081081 26.131578 1.543478 -0.043481
22:52:32 26.421051 26.394737 26.157894 25.657896 26.081081 26.131578 1.326092 -0.043481
22:52:33 26.421051 26.394737 26.157894 25.657896 26.081081 26.105263 1.304344 -0.043481
22:52:34 26.421051 26.394737 26.157894 25.657896 26.081081 26.131578 1.304344 -0.043481
22:52:36 26.421051 26.394737 26.157894 25.657896 26.081081 26.131578 1.304344 -0.043481
22:52:37 26.421051 26.394737 26.157894 25.657896 26.081081 26.131578 1.282606 -0.021744
22:52:38 26.421051 26.394737 26.157894 25.657896 26.081081 26.105263 1.260869 -0.021744
22:52:39 26.421051 26.394737 26.157894 25.657896 26.081081 26.131578 1.260869 -0.021744
22:52:41 26.421051 26.394737 26.157894 25.657896 26.081081 26.105263 1.282606 -0.021744
22:52:42 26.421051 26.394737 26.157894 25.657896 26.081081 26.105263 1.282606 -0.021744
22:52:43 26.421051 26.394737 26.157894 25.657896 26.081081 26.131578 1.304344 -0.021744
22:52:44 26.394737 26.394737 26.157894 25.657896 26.081081 26.131578 1.347829 -0.043481
22:52:45 26.421051 26.394737 26.157894 25.657896 26.081081 26.131578 1.347829 -0.043481
22:52:47 26.421051 26.394737 26.157894 25.657896 26.081081 26.105263 1.260869 -0.043481
22:52:48 26.421051 26.394737 26.157894 25.657896 26.081081 26.105263 1.260869 -0.043481
22:52:49 26.421051 26.394737 26.157894 25.657896 26.081081 26.105263 1.282606 -0.043481
22:52:50 26.421051 26.394737 26.157894 25.657896 26.081081 26.105263 1.260869 -0.043481
22:52:52 26.421051 26.394737 26.157894 25.657896 26.081081 26.105263 1.282606 -0.043481
22:52:53 26.421051 26.394737 26.157894 25.657896 26.081081 26.105263 1.282606 -0.043481
22:52:54 26.421051 26.394737 26.157894 25.631578 26.081081 26.131578 1.282606 -0.021744
22:52:55 26.421051 26.394737 26.157894 25.657896 26.081081 26.131578 1.326092 -0.021744
22:52:57 26.421051 26.394737 26.157894 25.657896 26.081081 26.105263 1.347829 -0.043481
22:52:58 26.421051 26.394737 26.157894 25.657896 26.081081 26.105263 1.347829 -0.043481
22:52:59 26.421051 26.394737 26.157894 25.657896 26.081081 26.131578 1.369567 -0.043481
22:53:00 26.421051 26.394737 26.157894 25.657896 26.081081 26.131578 1.413042 -0.043481
22:53:02 26.421051 26.394737 26.157894 25.657896 26.081081 26.131578 1.847824 -0.043481
22:53:03 26.421051 26.394737 26.157894 25.657896 26.081081 26.131578 1.391304 -0.043481
22:53:04 26.421051 26.394737 26.157894 25.657896 26.081081 26.131578 1.304344 -0.043481
22:53:05 26.421051 26.394737 26.157894 25.657896 26.081081 26.131578 1.304344 -0.043481
22:53:07 26.421051 26.394737 26.157894 25.657896 26.081081 26.131578 1.282606 -0.021744
22:53:08 26.421051 26.394737 26.157894 25.657896 26.081081 26.131578 1.260869 -0.021744
22:53:09 26.421051 26.394737 26.157894 25.657896 26.081081 26.105263 1.260869 -0.021744
22:53:10 26.421051 26.394737 26.157894 25.657896 26.081081 26.105263 1.282606 -0.021744
