18:52:26 26.052631 26.184210 25.710526 24.789474 27.567568 27.236841 1.086958 0.000004
18:52:27 26.052631 26.184210 25.710526 24.789474 27.567568 27.236841 1.086958 0.000004
18:52:27 26.052631 26.184210 25.710526 24.789474 27.567568 27.236841 1.108695 0.000004
18:52:28 26.052631 26.184210 25.710526 24.789474 27.567568 27.236841 1.108695 0.000004
18:52:28 26.052631 26.184210 25.710526 24.789474 27.567568 27.236841 1.086958 0.000004
18:52:29 26.052631 26.184210 25.710526 24.789474 27.567568 27.236841 1.086958 0.000004
18:52:29 26.052631 26.184210 25.710526 24.789474 27.567568 27.236841 1.086958 0.000004
18:52:30 26.052631 26.184210 25.710526 24.789474 27.567568 27.236841 1.086958 0.000004
18:52:30 26.052631 26.184210 25.710526 24.789474 27.567568 27.236841 1.086958 0.000004
18:52:31 26.052631 26.184210 25.710526 24.789474 27.567568 27.236841 1.086958 0.000004
18:52:31 26.052631 26.184210 25.710526 24.789474 27.567568 27.236841 1.086958 0.000004
18:52:32 26.052631 26.184210 25.710526 24.789474 27.567568 27.236841 1.108695 0.000004
18:52:32 26.052631 26.184210 25.710526 24.789474 27.567568 27.236841 1.108695 0.000004
18:52:33 26.052631 26.184210 25.710526 24.789474 27.567568 27.236841 1.108695 0.000004
18:52:33 26.052631 26.184210 25.710526 24.789474 27.567568 27.236841 1.108695 0.000004
18:52:34 26.052631 26.184210 25.710526 24.789474 27.567568 27.236841 1.108695 0.000004
18:52:34 26.052631 26.184210 25.710526 24.789474 27.567568 27.236841 1.108695 0.000004
18:52:35 26.052631 26.184210 25.710526 24.789474 27.567568 27.236841 1.108695 0.000004
18:52:35 26.052631 26.184210 25.710526 24.789474 27.567568 27.236841 1.108695 0.000004
18:52:36 26.052631 26.184210 25.710526 24.789474 27.567568 27.236841 1.108695 0.000004
18:52:36 26.052631 26.184210 25.710526 24.789474 27.567568 27.236841 1.108695 0.000004
18:52:37 26.052631 26.184210 25.710526 24.789474 27.567568 27.236841 1.108695 0.000004
18:52:37 26.052631 26.184210 25.710526 24.789474 27.567568 27.236841 1.108695 0.000004
18:52:38 26.052631 26.184210 25.710526 24.789474 27.567568 27.236841 1.108695 0.000004
18:52:38 26.052631 26.184210 25.710526 24.789474 27.567568 27.236841 1.108695 0.000004
18:52:39 26.052631 26.184210 25.710526 24.789474 27.567568 27.236841 1.108695 0.000004
18:52:39 26.052631 26.184210 25.710526 24.789474 27.567568 27.236841 1.108695 0.000004
18:52:40 26.052631 26.184210 25.710526 24.789474 27.567568 27.236841 1.108695 0.000004
18:52:40 26.052631 26.184210 25.710526 24.789474 27.567568 27.236841 1.108695 0.000004
18:52:41 26.052631 26.184210 25.710526 24.789474 27.567568 27.236841 1.108695 0.000004
18:52:41 26.052631 26.184210 25.710526 24.789474 27.567568 27.236841 1.108695 0.000004
18:52:42 26.052631 26.184210 25.710526 24.789474 27.567568 27.236841 1.086958 0.000004
18:52:42 26.052631 26.184210 25.710526 24.763157 27.567568 27.236841 1.086958 0.000004
18:52:43 26.052631 26.184210 25.710526 24.763157 27.567568 27.236841 1.108695 0.000004
18:52:43 26.052631 26.184210 25.710526 24.763157 27.567568 27.236841 1.108695 0.000004
18:52:44 26.052631 26.184210 25.710526 24.763157 27.567568 27.236841 1.108695 0.000004
18:52:44 26.052631 26.184210 25.710526 24.763157 27.567568 27.236841 1.108695 0.000004
18:52:45 26.052631 26.184210 25.710526 24.763157 27.567568 27.236841 1.108695 0.000004
18:52:45 26.052631 26.184210 25.710526 24.763157 27.567568 27.236841 1.130433 0.000004
18:52:46 26.052631 26.184210 25.710526 24.763157 27.567568 27.236841 1.130433 0.000004
18:52:46 26.052631 26.184210 25.710526 24.763157 27.567568 27.236841 1.173908 0.000004
18:52:47 26.052631 26.184210 25.710526 24.763157 27.567568 27.236841 1.173908 0.000004
18:52:47 26.052631 26.184210 25.710526 24.763157 27.567568 27.236841 1.217394 0.000004
18:52:48 26.052631 26.184210 25.710526 24.763157 27.567568 27.236841 1.217394 0.000004
18:52:48 26.052631 26.184210 25.710526 24.763157 27.567568 27.236841 1.304344 0.000004
18:52:49 26.052631 26.184210 25.710526 24.763157 27.567568 27.236841 1.304344 0.000004
18:52:49 26.052631 26.184210 25.710526 24.789474 27.567568 27.236841 1.347829 0.000004
18:52:50 26.052631 26.184210 25.710526 24.789474 27.567568 27.236841 1.347829 0.000004
18:52:50 26.052631 26.184210 25.710526 24.789474 27.567568 27.236841 1.304344 0.000004
18:52:51 26.052631 26.184210 25.710526 24.789474 27.567568 27.236841 1.304344 0.000004
18:52:51 26.052631 26.184210 25.710526 24.789474 27.567568 27.236841 1.239131 0.000004
18:52:52 26.052631 26.184210 25.710526 24.789474 27.567568 27.236841 1.239131 0.000004
18:52:52 26.052631 26.184210 25.710526 24.789474 27.567568 27.236841 1.173908 0.000004
18:52:53 26.052631 26.184210 25.710526 24.789474 27.567568 27.236841 1.173908 0.000004
18:52:53 26.052631 26.184210 25.710526 24.789474 27.567568 27.236841 1.108695 0.000004
18:52:54 26.052631 26.184210 25.710526 24.789474 27.567568 27.236841 1.108695 0.000004
18:52:54 26.052631 26.184210 25.710526 24.789474 27.567568 27.236841 1.108695 0.000004
18:52:55 26.052631 26.184210 25.710526 24.789474 27.567568 27.236841 1.108695 0.000004
18:52:55 26.052631 26.184210 25.710526 24.789474 27.567568 27.236841 1.108695 0.000004
18:52:56 26.052631 26.184210 25.710526 24.789474 27.567568 27.236841 1.108695 0.000004
18:52:56 26.052631 26.184210 25.710526 24.789474 27.567568 27.236841 1.086958 0.000004
18:52:57 26.052631 26.184210 25.710526 24.789474 27.567568 27.236841 1.086958 0.000004
18:52:57 26.052631 26.184210 25.710526 24.789474 27.567568 27.236841 1.108695 0.000004
18:52:58 26.052631 26.184210 25.710526 24.789474 27.567568 27.236841 1.108695 0.000004
18:52:58 26.052631 26.184210 25.710526 24.789474 27.567568 27.236841 1.086958 0.000004
18:52:59 26.052631 26.184210 25.710526 24.789474 27.567568 27.236841 1.086958 0.000004
18:52:59 26.052631 26.184210 25.710526 24.789474 27.567568 27.236841 1.086958 0.000004
18:53:00 26.052631 26.184210 25.710526 24.789474 27.567568 27.236841 1.086958 0.000004
18:53:00 26.052631 26.184210 25.710526 24.789474 27.567568 27.236841 1.108695 0.000004
18:53:01 26.052631 26.184210 25.710526 24.789474 27.567568 27.236841 1.108695 0.000004
18:53:01 26.052631 26.184210 25.710526 24.789474 27.567568 27.236841 1.086958 0.000004
18:53:02 26.052631 26.184210 25.710526 24.789474 27.567568 27.236841 1.086958 0.000004
18:53:02 26.052631 26.184210 25.710526 24.789474 27.567568 27.236841 1.086958 0.000004
18:53:03 26.052631 26.184210 25.710526 24.789474 27.567568 27.236841 1.108695 0.000004
18:53:03 26.052631 26.184210 25.710526 24.789474 27.567568 27.236841 1.108695 0.000004
18:53:04 26.052631 26.184210 25.710526 24.789474 27.567568 27.236841 1.108695 0.000004
18:53:04 26.052631 26.184210 25.710526 24.789474 27.567568 27.236841 1.108695 0.000004
18:53:05 26.052631 26.184210 25.710526 24.789474 27.567568 27.236841 1.108695 0.000004
18:53:05 26.052631 26.184210 25.710526 24.789474 27.567568 27.236841 1.108695 0.000004
18:53:06 26.052631 26.184210 25.710526 24.789474 27.567568 27.236841 1.108695 0.000004
18:53:06 26.052631 26.184210 25.710526 24.789474 27.567568 27.236841 1.108695 0.000004
18:53:07 26.052631 26.184210 25.710526 24.789474 27.567568 27.236841 1.108695 0.000004
18:53:07 26.052631 26.184210 25.710526 24.789474 27.567568 27.236841 1.108695 0.000004
18:53:08 26.052631 26.184210 25.710526 24.763157 27.567568 27.236841 1.108695 0.000004
18:53:08 26.052631 26.184210 25.710526 24.763157 27.567568 27.236841 1.108695 0.000004
18:53:09 26.052631 26.184210 25.710526 24.789474 27.567568 27.236841 1.108695 0.000004
18:53:09 26.052631 26.184210 25.710526 24.789474 27.567568 27.236841 1.108695 0.000004
18:53:10 26.052631 26.184210 25.710526 24.789474 27.567568 27.236841 1.108695 0.000004
18:53:10 26.052631 26.184210 25.710526 24.789474 27.567568 27.236841 1.108695 0.000004
18:53:11 26.052631 26.184210 25.710526 24.763157 27.567568 27.236841 1.108695 0.000004
18:53:11 26.052631 26.184210 25.710526 24.763157 27.567568 27.236841 1.108695 0.000004
18:53:12 26.052631 26.184210 25.710526 24.763157 27.567568 27.236841 1.108695 0.000004
