18:48:21 26.078947 26.210527 25.710526 24.789474 27.594595 27.236841 1.108695 0.000004
18:48:21 26.078947 26.210527 25.710526 24.789474 27.594595 27.236841 1.108695 0.000004
18:48:22 26.078947 26.210527 25.710526 24.789474 27.594595 27.236841 1.108695 0.000004
18:48:22 26.078947 26.210527 25.710526 24.789474 27.594595 27.236841 1.108695 0.000004
18:48:23 26.078947 26.210527 25.710526 24.789474 27.594595 27.236841 1.108695 0.000004
18:48:23 26.078947 26.210527 25.710526 24.789474 27.594595 27.236841 1.108695 0.000004
18:48:23 26.078947 26.210527 25.710526 24.789474 27.594595 27.236841 1.108695 0.000004
18:48:24 26.078947 26.184210 25.710526 24.789474 27.594595 27.236841 1.108695 0.000004
18:48:24 26.078947 26.184210 25.710526 24.789474 27.594595 27.236841 1.152171 0.000004
18:48:25 26.078947 26.184210 25.710526 24.789474 27.594595 27.236841 1.152171 0.000004
18:48:25 26.078947 26.184210 25.710526 24.789474 27.594595 27.236841 1.108695 0.000004
18:48:25 26.078947 26.184210 25.710526 24.789474 27.594595 27.236841 1.108695 0.000004
18:48:26 26.078947 26.210527 25.710526 24.789474 27.594595 27.236841 1.108695 0.000004
18:49:08 26.078947 26.184210 25.710526 24.789474 27.567568 27.236841 1.304344 0.000004
18:49:09 26.078947 26.184210 25.710526 24.789474 27.567568 27.236841 1.326092 0.000004
18:49:09 26.078947 26.184210 25.710526 24.789474 27.567568 27.236841 1.326092 0.000004
18:49:09 26.078947 26.184210 25.710526 24.789474 27.567568 27.236841 1.260869 0.000004
18:49:10 26.078947 26.184210 25.710526 24.789474 27.567568 27.236841 1.260869 0.000004
18:49:10 26.078947 26.184210 25.710526 24.789474 27.567568 27.236841 1.260869 0.000004
18:49:11 26.078947 26.184210 25.710526 24.789474 27.567568 27.236841 1.195656 0.000004
18:49:11 26.078947 26.184210 25.710526 24.789474 27.567568 27.236841 1.195656 0.000004
18:49:11 26.078947 26.184210 25.710526 24.789474 27.567568 27.236841 1.130433 0.000004
18:49:12 26.078947 26.184210 25.710526 24.789474 27.594595 27.236841 1.130433 0.000004
18:49:12 26.078947 26.184210 25.710526 24.789474 27.594595 27.236841 1.130433 0.000004
18:49:13 26.078947 26.184210 25.710526 24.789474 27.567568 27.236841 1.130433 0.000004
18:49:13 26.078947 26.184210 25.710526 24.789474 27.567568 27.236841 1.130433 0.000004
18:49:13 26.078947 26.184210 25.710526 24.789474 27.567568 27.236841 1.108695 0.000004
18:49:14 26.078947 26.184210 25.710526 24.789474 27.567568 27.236841 1.108695 0.000004
18:49:14 26.078947 26.184210 25.710526 24.789474 27.567568 27.236841 1.108695 0.000004
18:49:15 26.078947 26.184210 25.710526 24.789474 27.594595 27.236841 1.108695 0.000004
18:49:15 26.078947 26.184210 25.710526 24.789474 27.594595 27.236841 1.108695 0.000004
