18:35:28 26.078947 26.210527 25.710526 24.815790 27.567568 27.236841 1.260869 0.000004
18:35:28 26.078947 26.210527 25.710526 24.815790 27.567568 27.236841 1.260869 0.000004
18:35:28 26.078947 26.210527 25.710526 24.815790 27.567568 27.236841 1.173908 0.000004
18:35:29 26.078947 26.210527 25.710526 24.815790 27.567568 27.236841 1.173908 0.000004
18:35:29 26.078947 26.210527 25.710526 24.815790 27.567568 27.236841 1.173908 0.000004
18:35:30 26.078947 26.210527 25.710526 24.815790 27.567568 27.236841 1.130433 0.000004
18:35:30 26.078947 26.210527 25.710526 24.815790 27.567568 27.236841 1.130433 0.000004
18:35:30 26.078947 26.210527 25.710526 24.815790 27.567568 27.236841 1.108695 0.000004
18:35:31 26.078947 26.210527 25.710526 24.815790 27.567568 27.236841 1.108695 0.000004
18:35:31 26.078947 26.210527 25.710526 24.815790 27.567568 27.236841 1.108695 0.000004
18:35:32 26.078947 26.210527 25.710526 24.815790 27.567568 27.236841 1.130433 0.000004
18:35:32 26.078947 26.210527 25.710526 24.815790 27.567568 27.236841 1.130433 0.000004
18:35:32 26.078947 26.210527 25.710526 24.815790 27.567568 27.236841 1.108695 0.000004
18:35:33 26.078947 26.210527 25.710526 24.815790 27.567568 27.236841 1.108695 0.000004
18:35:33 26.078947 26.210527 25.710526 24.815790 27.567568 27.236841 1.108695 0.000004
18:35:34 26.078947 26.210527 25.710526 24.815790 27.567568 27.236841 1.108695 0.000004
18:35:34 26.078947 26.210527 25.710526 24.815790 27.567568 27.236841 1.108695 0.000004
18:35:34 26.078947 26.210527 25.710526 24.815790 27.567568 27.236841 1.108695 0.000004
18:35:35 26.078947 26.210527 25.710526 24.815790 27.567568 27.236841 1.108695 0.000004
18:35:35 26.078947 26.210527 25.710526 24.815790 27.567568 27.236841 1.108695 0.000004
18:35:36 26.078947 26.210527 25.710526 24.815790 27.567568 27.236841 1.108695 0.000004
18:35:36 26.078947 26.210527 25.710526 24.815790 27.567568 27.236841 1.108695 0.000004
18:35:36 26.078947 26.210527 25.710526 24.815790 27.567568 27.236841 1.108695 0.000004
18:35:37 26.078947 26.210527 25.710526 24.815790 27.567568 27.236841 1.108695 0.000004
