11:17:42 27.000002 25.473684 26.500000 25.421053 27.324326 27.000000 1.456517 0.000004
11:17:42 27.000002 25.473684 26.500000 25.421053 27.324326 26.947369 1.456517 0.521737
11:17:43 27.000002 25.473684 26.500000 25.421053 27.324326 26.947369 1.456517 0.521737
11:17:43 27.000002 25.473684 26.500000 25.421053 27.324326 26.947369 1.369567 0.521737
11:17:44 27.000002 25.473684 26.500000 25.421053 27.324326 26.947369 1.369567 0.521737
11:17:44 27.000002 25.473684 26.500000 25.421053 27.324326 26.947369 1.304344 0.521737
11:17:44 27.000002 25.473684 26.500000 25.421053 27.324326 26.947369 1.304344 0.521737
11:17:45 27.000002 25.473684 26.500000 25.421053 27.324326 26.947369 1.304344 0.521737
11:17:45 27.000002 25.473684 26.500000 25.421053 27.324326 26.947369 1.304344 0.499999
11:17:46 27.000002 25.473684 26.500000 25.421053 27.324326 26.947369 1.304344 0.499999
11:17:46 27.000002 25.473684 26.500000 25.421053 27.324326 26.947369 1.304344 0.499999
11:17:46 27.000002 25.473684 26.500000 25.421053 27.324326 26.947369 1.304344 0.478262
11:17:47 27.000002 25.473684 26.500000 25.447369 27.324326 26.947369 1.282606 0.478262
11:17:47 27.000002 25.473684 26.500000 25.447369 27.324326 26.947369 1.282606 0.456524
11:17:48 27.000002 25.473684 26.500000 25.447369 27.324326 26.947369 1.282606 0.456524
11:17:48 27.000002 25.473684 26.500000 25.447369 27.324326 26.973684 1.260869 0.456524
11:17:48 27.000002 25.473684 26.500000 25.447369 27.324326 26.973684 1.260869 0.413038
11:17:49 27.000002 25.473684 26.500000 25.421053 27.324326 26.973684 1.260869 0.413038
11:17:49 27.000002 25.473684 26.500000 25.421053 27.324326 26.973684 1.260869 0.391301
11:17:50 27.000002 25.473684 26.500000 25.421053 27.324326 26.973684 1.260869 0.391301
11:17:50 27.000002 25.473684 26.500000 25.421053 27.324326 26.973684 1.260869 0.347826
11:17:50 27.000002 25.473684 26.500000 25.421053 27.324326 26.973684 1.260869 0.347826
11:17:51 27.000002 25.473684 26.500000 25.447369 27.324326 26.973684 1.260869 0.347826
11:17:51 27.000002 25.473684 26.500000 25.447369 27.324326 26.973684 1.260869 0.326088
11:17:52 27.000002 25.473684 26.500000 25.447369 27.324326 26.973684 1.260869 0.326088
11:17:52 27.000002 25.473684 26.500000 25.447369 27.324326 26.973684 1.260869 0.326088
11:17:52 27.000002 25.473684 26.500000 25.421053 27.324326 26.973684 1.260869 0.326088
11:17:53 27.000002 25.473684 26.500000 25.421053 27.324326 26.973684 1.260869 0.326088
11:17:53 27.000002 25.473684 26.500000 25.421053 27.324326 26.973684 1.260869 0.326088
11:17:54 27.000002 25.473684 26.500000 25.447369 27.324326 26.973684 1.260869 0.326088
11:17:54 27.000002 25.473684 26.500000 25.447369 27.324326 26.973684 1.260869 0.326088
11:17:54 27.000002 25.473684 26.500000 25.447369 27.324326 26.973684 1.260869 0.326088
11:17:55 27.000002 25.473684 26.500000 25.447369 27.324326 26.973684 1.260869 0.326088
11:17:55 27.000002 25.473684 26.500000 25.447369 27.324326 26.973684 1.260869 0.326088
11:17:56 27.000002 25.473684 26.500000 25.447369 27.324326 26.973684 1.260869 0.326088
11:17:56 27.000002 25.473684 26.500000 25.447369 27.324326 26.973684 1.260869 0.326088
11:17:56 27.000002 25.473684 26.500000 25.447369 27.324326 26.973684 1.260869 0.326088
11:17:57 27.000002 25.473684 26.500000 25.447369 27.324326 26.973684 1.260869 0.326088
11:17:57 27.000002 25.473684 26.500000 25.447369 27.324326 26.973684 1.260869 0.326088
11:17:58 27.000002 25.473684 26.500000 25.447369 27.324326 26.973684 1.260869 0.326088
11:17:58 27.026316 25.473684 26.500000 25.447369 27.324326 26.973684 1.260869 0.347826
11:17:58 27.026316 25.473684 26.500000 25.447369 27.324326 26.973684 1.282606 0.347826
11:17:59 27.026316 25.473684 26.500000 25.447369 27.324326 26.973684 1.282606 0.347826
11:17:59 27.026316 25.473684 26.500000 25.447369 27.324326 26.973684 1.282606 0.347826
11:18:00 27.026316 25.473684 26.500000 25.447369 27.324326 26.973684 1.282606 0.347826
11:18:00 27.026316 25.473684 26.500000 25.447369 27.324326 26.973684 1.282606 0.347826
11:18:00 27.026316 25.473684 26.500000 25.447369 27.324326 26.973684 1.282606 0.347826
11:18:01 27.026316 25.473684 26.500000 25.447369 27.324326 26.973684 1.282606 0.347826
11:18:01 27.026316 25.473684 26.500000 25.447369 27.324326 26.973684 1.282606 0.347826
11:18:02 27.026316 25.473684 26.500000 25.447369 27.324326 26.973684 1.282606 0.347826
11:18:02 27.026316 25.473684 26.500000 25.447369 27.324326 26.973684 1.282606 0.347826
11:18:02 27.026316 25.473684 26.500000 25.447369 27.324326 26.973684 1.260869 0.347826
11:18:03 27.026316 25.473684 26.500000 25.447369 27.324326 26.973684 1.260869 0.347826
11:18:03 27.026316 25.473684 26.500000 25.447369 27.324326 26.973684 1.260869 0.347826
11:18:04 27.026316 25.473684 26.500000 25.447369 27.324326 26.973684 1.260869 0.347826
11:18:04 27.026316 25.473684 26.500000 25.447369 27.324326 26.973684 1.260869 0.347826
11:18:04 27.026316 25.473684 26.500000 25.447369 27.324326 26.973684 1.260869 0.347826
11:18:05 27.026316 25.473684 26.500000 25.447369 27.324326 26.973684 1.260869 0.347826
11:18:05 27.026316 25.473684 26.500000 25.447369 27.324326 26.973684 1.260869 0.347826
11:18:06 27.026316 25.473684 26.500000 25.447369 27.324326 26.973684 1.260869 0.347826
11:18:06 27.026316 25.473684 26.500000 25.421053 27.324326 26.973684 1.260869 0.347826
11:18:06 27.026316 25.473684 26.500000 25.421053 27.324326 26.973684 1.260869 0.347826
11:18:07 27.026316 25.473684 26.500000 25.421053 27.324326 26.973684 1.260869 0.347826
11:18:07 27.026316 25.473684 26.500000 25.421053 27.324326 26.973684 1.282606 0.347826
11:18:08 27.026316 25.473684 26.500000 25.421053 27.324326 26.973684 1.282606 0.347826
11:18:08 27.026316 25.473684 26.500000 25.421053 27.324326 26.973684 1.282606 0.347826
11:18:08 27.026316 25.473684 26.500000 25.421053 27.324326 26.973684 1.304344 0.347826
11:18:09 27.026316 25.473684 26.500000 25.421053 27.324326 26.973684 1.304344 0.347826
11:18:09 27.026316 25.473684 26.500000 25.421053 27.324326 26.973684 1.326092 0.347826
11:18:10 27.026316 25.473684 26.500000 25.421053 27.324326 26.973684 1.326092 0.347826
11:18:10 27.026316 25.473684 26.500000 25.421053 27.324326 26.973684 1.391304 0.347826
11:18:10 27.026316 25.473684 26.500000 25.421053 27.324326 26.973684 1.391304 0.347826
11:18:11 27.026316 25.473684 26.500000 25.421053 27.324326 26.973684 1.391304 0.347826
11:18:11 27.026316 25.473684 26.500000 25.447369 27.324326 26.973684 1.456517 0.347826
11:18:12 27.026316 25.473684 26.500000 25.447369 27.324326 26.973684 1.456517 0.347826
11:18:12 27.026316 25.473684 26.500000 25.447369 27.324326 26.973684 1.521740 0.347826
11:18:12 27.026316 25.473684 26.500000 25.447369 27.324326 26.973684 1.521740 0.347826
11:18:13 27.026316 25.473684 26.500000 25.447369 27.324326 26.973684 1.521740 0.347826
11:18:13 27.026316 25.473684 26.500000 25.447369 27.324326 26.973684 1.500003 0.347826
11:18:14 27.026316 25.473684 26.500000 25.447369 27.324326 26.973684 1.500003 0.347826
11:18:14 27.026316 25.473684 26.500000 25.447369 27.324326 26.973684 1.413042 0.347826
11:18:14 27.026316 25.473684 26.500000 25.447369 27.324326 26.973684 1.413042 0.347826
11:18:15 27.026316 25.473684 26.500000 25.447369 27.324326 26.973684 1.413042 0.347826
11:18:15 27.026316 25.473684 26.500000 25.447369 27.324326 26.973684 1.347829 0.347826
11:18:16 27.000002 25.473684 26.500000 25.447369 27.324326 26.973684 1.347829 0.347826
11:18:16 27.000002 25.473684 26.500000 25.447369 27.324326 26.973684 1.282606 0.347826
11:18:16 27.026316 25.473684 26.500000 25.447369 27.324326 26.973684 1.282606 0.347826
11:18:17 27.026316 25.473684 26.500000 25.447369 27.324326 26.973684 1.282606 0.347826
11:18:17 27.026316 25.473684 26.500000 25.447369 27.324326 26.973684 1.282606 0.347826
11:18:18 27.026316 25.473684 26.500000 25.447369 27.324326 26.973684 1.282606 0.347826
11:18:18 27.026316 25.473684 26.500000 25.447369 27.324326 26.973684 1.260869 0.347826
11:18:18 27.000002 25.473684 26.500000 25.447369 27.324326 26.973684 1.260869 0.347826
11:18:19 27.000002 25.473684 26.500000 25.447369 27.324326 26.973684 1.260869 0.347826
11:18:19 27.026316 25.473684 26.500000 25.447369 27.324326 26.973684 1.260869 0.347826
11:18:20 27.026316 25.473684 26.500000 25.447369 27.324326 26.973684 1.260869 0.347826
11:18:20 27.026316 25.473684 26.500000 25.447369 27.324326 26.973684 1.260869 0.347826
11:18:20 27.000002 25.473684 26.500000 25.447369 27.324326 26.973684 1.260869 0.347826
11:18:21 27.000002 25.473684 26.500000 25.447369 27.324326 26.973684 1.260869 0.347826
11:18:21 27.000002 25.473684 26.500000 25.447369 27.324326 26.973684 1.260869 0.347826
11:18:22 27.000002 25.473684 26.500000 25.447369 27.324326 26.973684 1.260869 0.347826
11:18:22 27.000002 25.473684 26.500000 25.447369 27.324326 26.973684 1.260869 0.347826
11:18:22 27.026316 25.473684 26.500000 25.447369 27.324326 26.973684 1.260869 0.347826
11:18:23 27.026316 25.473684 26.500000 25.447369 27.324326 26.973684 1.260869 0.347826
11:18:23 27.000002 25.473684 26.500000 25.447369 27.324326 26.973684 1.260869 0.369563
11:18:24 27.000002 25.473684 26.500000 25.447369 27.324326 26.973684 1.260869 0.369563
11:18:24 27.000002 25.473684 26.500000 25.447369 27.324326 26.973684 1.260869 0.369563
11:18:24 27.026316 25.473684 26.500000 25.447369 27.324326 26.973684 1.260869 0.369563
11:18:25 27.026316 25.473684 26.500000 25.447369 27.324326 26.973684 1.260869 0.369563
11:18:25 27.000002 25.473684 26.500000 25.447369 27.324326 26.973684 1.260869 0.369563
11:18:26 27.000002 25.473684 26.500000 25.447369 27.324326 26.973684 1.260869 0.369563
11:18:26 27.000002 25.473684 26.500000 25.447369 27.324326 26.973684 1.260869 0.260865
11:18:26 27.000002 25.473684 26.500000 25.421053 27.324326 26.973684 1.260869 0.260865
11:18:27 27.000002 25.473684 26.500000 25.421053 27.324326 26.973684 1.260869 0.260865
11:18:27 27.000002 25.473684 26.500000 25.421053 27.324326 26.973684 1.260869 0.282613
11:18:28 27.000002 25.473684 26.500000 25.447369 27.324326 26.973684 1.260869 0.282613
11:18:28 27.000002 25.473684 26.500000 25.447369 27.324326 26.973684 1.260869 0.282613
11:18:28 27.000002 25.473684 26.500000 25.447369 27.324326 26.973684 1.260869 0.282613
11:18:29 27.000002 25.473684 26.500000 25.447369 27.324326 26.973684 1.260869 0.282613
11:18:29 27.000002 25.473684 26.500000 25.447369 27.324326 26.973684 1.260869 0.282613
11:18:30 27.000002 25.473684 26.500000 25.447369 27.324326 26.973684 1.260869 0.282613
11:18:30 27.000002 25.473684 26.500000 25.447369 27.324326 26.973684 1.260869 0.282613
11:18:30 27.000002 25.473684 26.500000 25.447369 27.324326 26.973684 1.282606 0.282613
11:18:31 27.000002 25.473684 26.500000 25.447369 27.324326 26.973684 1.282606 0.282613
11:18:31 27.000002 25.473684 26.500000 25.421053 27.324326 26.973684 1.282606 0.282613
11:18:32 27.000002 25.473684 26.500000 25.421053 27.324326 26.973684 1.282606 0.282613
11:18:32 27.000002 25.473684 26.500000 25.421053 27.324326 26.973684 1.282606 0.282613
11:18:32 27.000002 25.473684 26.500000 25.447369 27.324326 26.973684 1.260869 0.282613
11:18:33 27.000002 25.473684 26.500000 25.447369 27.324326 26.973684 1.260869 0.282613
11:18:33 27.000002 25.473684 26.500000 25.447369 27.324326 26.973684 1.260869 0.282613
11:18:34 27.000002 25.473684 26.500000 25.447369 27.324326 26.973684 1.282606 0.282613
11:18:34 27.000002 25.473684 26.500000 25.447369 27.324326 26.973684 1.282606 0.282613
11:18:34 27.000002 25.473684 26.500000 25.421053 27.324326 26.973684 1.260869 0.282613
11:18:35 27.000002 25.473684 26.500000 25.421053 27.324326 26.973684 1.260869 0.282613
11:18:35 27.000002 25.473684 26.500000 25.421053 27.324326 26.973684 1.282606 0.282613
11:18:36 27.000002 25.473684 26.500000 25.421053 27.324326 26.973684 1.282606 0.282613
11:18:36 27.000002 25.473684 26.500000 25.421053 27.324326 26.973684 1.282606 0.282613
11:18:36 27.000002 25.473684 26.500000 25.421053 27.324326 26.973684 1.260869 0.282613
11:18:37 27.000002 25.473684 26.500000 25.421053 27.324326 26.973684 1.260869 0.282613
11:18:37 27.000002 25.473684 26.500000 25.421053 27.324326 26.973684 1.260869 0.282613
11:18:38 27.000002 25.473684 26.500000 25.421053 27.324326 26.973684 1.260869 0.282613
11:18:38 27.000002 25.473684 26.500000 25.421053 27.324326 26.973684 1.260869 0.282613
11:18:38 27.000002 25.473684 26.500000 25.421053 27.324326 26.973684 1.260869 0.282613
11:18:39 27.000002 25.473684 26.500000 25.421053 27.324326 26.973684 1.260869 0.282613
11:18:39 27.000002 25.473684 26.500000 25.421053 27.324326 26.973684 1.282606 0.282613
11:18:40 27.000002 25.473684 26.500000 25.421053 27.324326 26.973684 1.282606 0.282613
11:18:40 27.000002 25.473684 26.500000 25.421053 27.324326 26.973684 1.282606 0.282613
11:18:40 27.000002 25.473684 26.500000 25.421053 27.324326 26.973684 1.304344 0.282613
11:18:41 27.000002 25.473684 26.500000 25.421053 27.324326 26.973684 1.304344 0.282613
11:18:41 27.000002 25.473684 26.500000 25.421053 27.324326 26.973684 1.347829 0.282613
11:18:42 27.000002 25.473684 26.500000 25.421053 27.324326 26.973684 1.347829 0.282613
11:18:42 27.000002 25.473684 26.500000 25.421053 27.324326 26.973684 1.413042 0.282613
