12:15:21 26.789474 25.394737 26.368422 25.421053 27.027027 26.684212 1.217394 3.217390
12:15:24 26.815788 25.394737 26.368422 25.421053 26.837837 26.473684 1.239131 5.913044
12:15:26 26.815788 25.394737 26.394739 25.421053 26.837837 26.473684 1.239131 5.782609
12:15:28 26.815788 25.394737 26.394739 25.421053 26.837837 26.500000 1.239131 5.543475
12:15:29 26.815788 25.421053 26.394739 25.421053 26.864866 26.500000 1.239131 5.456524
12:15:31 26.842106 25.421053 26.394739 25.342106 26.864866 26.526316 2.108696 5.543475
12:15:33 26.815788 25.394737 26.368422 25.342106 26.864866 26.526316 2.391304 5.391301
12:15:35 26.815788 25.394737 26.394739 25.368420 26.864866 26.526316 2.369567 5.369564
12:15:37 26.815788 25.394737 26.394739 25.368420 26.972973 26.605263 1.804349 4.326088
12:15:38 26.815788 25.421053 26.394739 25.342106 27.027027 26.684212 2.369567 3.499999
12:15:40 26.815788 25.421053 26.394739 25.342106 27.054054 26.710527 2.065220 3.021742
12:15:42 26.842106 25.394737 26.394739 25.342106 27.081081 26.736843 2.108696 2.847831
12:15:44 26.815788 25.394737 26.394739 25.342106 27.081081 26.736843 2.108696 2.695648
12:15:46 26.815788 25.394737 26.394739 25.342106 27.108109 26.763157 1.739126 2.434787
12:15:47 26.842106 25.394737 26.394739 25.342106 27.108109 26.763157 2.130433 2.434787
12:15:49 26.815788 25.394737 26.368422 25.342106 27.108109 26.763157 2.130433 2.456524
12:15:51 26.815788 25.394737 26.368422 25.315790 27.108109 26.763157 2.369567 2.456524
12:15:53 26.789474 25.394737 26.368422 25.315790 27.108109 26.763157 2.434780 2.260865
12:15:55 26.789474 25.394737 26.368422 25.289474 27.108109 26.763157 8.086959 2.260865
12:15:56 26.710527 25.289474 26.289473 24.842106 27.108109 26.763157 11.086959 2.326088
12:15:58 26.631578 25.210526 26.289473 25.052631 27.108109 26.763157 8.086959 2.369564
12:16:00 26.710527 25.263159 26.289473 25.052631 27.108109 26.763157 8.065221 2.304351
12:16:02 26.684210 25.263159 26.289473 25.052631 27.108109 26.789473 7.999998 2.130430
12:16:04 26.684210 25.263159 26.289473 25.052631 27.108109 26.763157 7.956523 2.065217
12:16:05 26.684210 25.263159 26.289473 25.052631 27.108109 26.763157 8.086959 2.108692
12:16:07 26.684210 25.263159 26.289473 25.052631 27.135136 26.789473 8.086959 2.065217
12:16:09 26.684210 25.263159 26.289473 25.052631 27.135136 26.789473 7.956523 1.978256
12:16:11 26.684210 25.263159 26.289473 25.052631 27.135136 26.789473 8.086959 1.934781
12:16:13 26.684210 25.263159 26.289473 25.052631 27.135136 26.789473 8.043484 1.956519
12:16:14 26.684210 25.263159 26.263157 25.052631 27.135136 26.789473 8.130433 1.934781
12:16:16 26.684210 25.263159 26.263157 25.052631 27.135136 26.789473 7.913048 1.891306
12:16:18 26.684210 25.263159 26.263157 25.052631 27.135136 26.789473 7.978261 1.804346
12:16:20 26.684210 25.263159 26.263157 25.052631 27.135136 26.815790 8.195657 1.782608
12:16:22 26.684210 25.263159 26.263157 25.052631 27.135136 26.815790 7.913048 1.760871
12:16:24 26.657896 25.263159 26.263157 24.947369 27.135136 26.815790 8.804350 1.760871
12:16:25 26.657896 25.236841 26.263157 25.315790 27.135136 26.789473 2.239131 1.804346
12:16:27 26.789474 25.342104 26.342104 25.236841 27.135136 26.815790 3.978260 1.847831
12:16:29 26.605265 25.289474 26.289473 25.105263 27.135136 26.789473 4.021735 1.891306
12:16:31 26.710527 25.289474 26.289473 25.105263 27.135136 26.789473 6.956522 1.913044
12:16:33 26.710527 25.289474 26.289473 25.105263 27.108109 26.789473 6.913047 2.108692
12:16:34 26.710527 25.289474 26.289473 25.105263 27.108109 26.763157 6.739126 2.326088
12:16:36 26.710527 25.289474 26.289473 24.710526 27.108109 26.736843 2.913047 2.456524
12:16:38 26.763157 25.368420 26.368422 25.289474 27.081081 26.736843 2.934785 2.695648
12:16:40 26.789474 25.368420 26.368422 25.289474 27.081081 26.736843 2.999997 2.673910
12:16:42 26.789474 25.394737 26.368422 25.289474 27.054054 26.736843 2.999997 2.782608
12:16:43 26.789474 25.394737 26.368422 25.289474 27.054054 26.710527 3.043483 3.000005
12:16:45 26.789474 25.394737 26.368422 25.289474 27.027027 26.710527 2.934785 3.130430
12:16:47 26.789474 25.394737 26.368422 25.289474 27.027027 26.710527 2.804349 3.217390
12:16:49 26.789474 25.394737 26.368422 25.289474 27.027027 26.710527 2.804349 3.195653
12:16:51 26.789474 25.368420 26.368422 25.289474 27.027027 26.710527 2.760874 3.108692
12:16:52 26.789474 25.368420 26.368422 25.289474 27.027027 26.710527 2.760874 3.173915
12:16:54 26.763157 25.368420 26.342104 25.289474 27.054054 26.736843 2.739126 2.804346
12:16:56 26.763157 25.368420 26.368422 25.289474 27.081081 26.763157 3.065220 2.630435
12:16:58 26.789474 25.368420 26.368422 25.289474 27.081081 26.736843 2.760874 2.608697
12:17:00 26.763157 25.368420 26.368422 25.289474 27.108109 26.763157 2.652176 2.478262
12:17:01 26.763157 25.368420 26.368422 25.289474 27.081081 26.763157 2.804349 2.456524
12:17:03 26.763157 25.368420 26.342104 25.289474 27.081081 26.763157 2.978260 2.478262
12:17:05 26.763157 25.368420 26.368422 25.289474 27.081081 26.763157 3.304344 2.521737
12:17:07 26.763157 25.368420 26.342104 25.263157 27.108109 26.763157 3.282606 2.304351
12:17:09 26.763157 25.368420 26.342104 25.263157 27.108109 26.763157 3.304344 2.347826
12:17:11 26.763157 25.368420 26.368422 25.289474 27.108109 26.763157 2.913047 2.326088
12:17:13 26.815788 25.394737 26.368422 25.368420 26.891891 26.578947 2.956522 5.021742
12:17:14 26.815788 25.394737 26.368422 25.368420 26.891891 26.552631 1.391304 4.934782
12:17:16 26.815788 25.394737 26.368422 25.368420 26.891891 26.552631 1.347829 4.913044
12:17:18 26.789474 25.394737 26.368422 25.368420 26.891891 26.552631 1.260869 4.913044
12:17:20 26.789474 25.394737 26.368422 25.368420 26.891891 26.552631 1.260869 4.956519
12:17:22 26.789474 25.394737 26.368422 25.368420 26.864866 26.552631 1.239131 4.869569
12:17:23 26.789474 25.394737 26.368422 25.368420 26.864866 26.526316 1.239131 4.891306
12:17:25 26.763157 25.394737 26.368422 25.368420 26.864866 26.526316 1.239131 4.847821
12:17:27 26.763157 25.368420 26.342104 25.394737 26.864866 26.526316 1.239131 4.956519
12:17:29 26.736843 25.368420 26.342104 25.368420 26.837837 26.526316 1.869562 4.978257
12:17:31 26.736843 25.368420 26.315790 25.368420 26.837837 26.526316 2.260869 4.934782
12:17:32 26.736843 25.342104 26.315790 25.368420 26.837837 26.500000 2.130433 5.000005
12:17:34 26.736843 25.342104 26.315790 25.342106 26.972973 26.657894 2.239131 3.260865
12:17:36 26.736843 25.342104 26.315790 25.368420 27.000000 26.684212 1.978260 2.760871
12:17:38 26.736843 25.342104 26.315790 25.368420 27.027027 26.684212 1.978260 2.499999
12:17:40 26.736843 25.342104 26.315790 25.368420 27.027027 26.710527 2.217394 2.326088
12:17:41 26.684210 25.342104 26.289473 25.315790 27.027027 26.710527 2.956522 2.326088
12:17:43 26.684210 25.289474 26.263157 25.236841 27.027027 26.710527 6.543478 2.195653
12:17:45 26.631578 25.236841 26.236843 24.947369 27.027027 26.710527 12.304345 2.173915
12:17:47 26.552631 25.157896 26.210526 25.078947 27.027027 26.710527 8.043484 2.217390
12:17:49 26.605265 25.210526 26.210526 25.078947 27.054054 26.710527 8.021735 2.130430
12:17:50 26.605265 25.210526 26.210526 25.078947 27.054054 26.710527 8.065221 2.130430
12:17:52 26.605265 25.210526 26.210526 25.078947 27.027027 26.710527 7.891300 2.130430
12:17:54 26.605265 25.210526 26.210526 25.078947 27.027027 26.710527 7.934785 2.043479
12:17:56 26.605265 25.210526 26.210526 25.078947 27.054054 26.710527 7.913048 2.043479
12:17:58 26.605265 25.210526 26.236843 25.078947 27.054054 26.736843 7.913048 1.913044
12:17:59 26.605265 25.210526 26.210526 25.078947 27.054054 26.736843 7.956523 1.891306
12:18:01 26.605265 25.210526 26.210526 25.078947 27.054054 26.736843 7.826087 1.782608
12:18:03 26.605265 25.210526 26.210526 25.078947 27.054054 26.736843 8.043484 1.717395
12:18:05 26.605265 25.210526 26.210526 25.078947 27.054054 26.736843 7.826087 1.695647
12:18:07 26.684210 25.210526 26.210526 25.078947 27.081081 26.763157 9.891300 1.608697
12:18:08 26.710527 25.315790 26.289473 25.315790 27.081081 26.763157 2.760874 1.543474
12:18:10 26.710527 25.315790 26.289473 25.315790 27.081081 26.763157 2.782612 1.565222
