18:30:42 26.105263 26.236841 25.736843 24.815790 27.567568 27.236841 1.326092 0.000004
18:30:42 26.105263 26.236841 25.736843 24.815790 27.567568 27.236841 1.282606 0.000004
18:30:43 26.105263 26.236841 25.736843 24.815790 27.567568 27.236841 1.282606 0.000004
18:30:43 26.078947 26.236841 25.736843 24.815790 27.567568 27.236841 1.282606 0.000004
18:30:44 26.078947 26.236841 25.736843 24.815790 27.567568 27.236841 1.217394 0.000004
18:30:44 26.105263 26.236841 25.736843 24.815790 27.567568 27.236841 1.217394 0.000004
18:30:44 26.105263 26.236841 25.736843 24.815790 27.567568 27.236841 1.152171 0.000004
18:30:45 26.105263 26.236841 25.736843 24.815790 27.567568 27.236841 1.152171 0.000004
18:30:45 26.078947 26.236841 25.736843 24.815790 27.567568 27.236841 1.152171 0.000004
18:30:46 26.078947 26.236841 25.736843 24.815790 27.567568 27.236841 1.130433 0.000004
18:30:46 26.078947 26.210527 25.736843 24.815790 27.567568 27.236841 1.130433 0.000004
18:30:46 26.078947 26.210527 25.736843 24.815790 27.567568 27.236841 1.108695 0.000004
18:30:47 26.105263 26.210527 25.736843 24.815790 27.567568 27.236841 1.108695 0.000004
18:30:47 26.105263 26.210527 25.736843 24.815790 27.567568 27.236841 1.108695 0.000004
18:30:48 26.105263 26.210527 25.736843 24.815790 27.567568 27.236841 1.108695 0.000004
18:30:48 26.105263 26.210527 25.736843 24.815790 27.567568 27.236841 1.108695 0.000004
