11:02:28 27.552629 27.473684 27.289473 26.999998 26.135136 26.052631 1.630438 0.173915
11:02:31 27.552629 27.473684 27.289473 26.999998 26.108109 26.026316 1.608701 0.434786
11:02:32 27.526316 27.473684 27.289473 26.999998 26.108109 26.026316 1.608701 0.521737
11:02:36 27.526316 27.447367 27.289473 26.999998 26.081081 26.000000 1.652176 0.695647
11:02:38 27.526316 27.447367 27.289473 26.973684 26.081081 26.026316 1.673913 0.695647
11:02:40 27.552629 27.447367 27.289473 26.999998 26.081081 26.026316 1.913047 0.717395
11:02:43 27.526316 27.447367 27.289473 26.999998 26.081081 26.000000 1.673913 0.695647
11:02:46 27.526316 27.447367 27.289473 26.999998 26.081081 26.026316 1.652176 0.717395
11:02:48 27.526316 27.447367 27.289473 26.999998 26.081081 26.000000 1.956522 0.717395
11:02:50 27.526316 27.447367 27.289473 26.999998 26.081081 26.026316 1.956522 0.760870
11:02:53 27.526316 27.447367 27.289473 26.999998 26.081081 26.000000 1.956522 0.760870
11:02:55 27.552629 27.447367 27.289473 26.999998 26.081081 26.000000 1.956522 0.760870
11:02:57 27.526316 27.447367 27.289473 26.999998 26.081081 26.000000 1.956522 0.717395
11:02:59 27.526316 27.447367 27.263159 26.999998 26.081081 26.000000 1.978260 0.695647
11:03:02 27.526316 27.473684 27.289473 26.999998 26.081081 26.000000 1.630438 0.695647
11:03:04 27.526316 27.447367 27.289473 26.999998 26.081081 26.000000 1.630438 0.695647
11:03:06 27.526316 27.447367 27.289473 26.999998 26.081081 26.000000 1.608701 0.695647
11:03:08 27.526316 27.447367 27.289473 26.999998 26.081081 26.000000 1.652176 0.695647
11:03:10 27.552629 27.447367 27.289473 26.947369 26.081081 26.000000 1.739126 0.739133
11:03:13 27.526316 27.447367 27.289473 26.999998 26.081081 26.000000 1.673913 0.695647
11:03:15 27.526316 27.447367 27.289473 26.999998 26.081081 26.000000 2.086958 0.695647
11:03:17 27.526316 27.447367 27.263159 26.973684 26.081081 26.000000 1.978260 0.695647
11:03:19 27.526316 27.447367 27.289473 26.973684 26.081081 26.000000 1.956522 0.717395
11:03:22 27.526316 27.447367 27.263159 26.973684 26.081081 26.000000 1.913047 0.739133
11:03:24 27.526316 27.447367 27.263159 26.973684 26.081081 26.000000 1.956522 0.760870
