19:31:26 26.052631 26.157894 25.684210 24.710526 27.594595 27.236841 1.065220 0.000004
19:31:26 26.052631 26.157894 25.684210 24.710526 27.324326 27.236841 1.065220 0.000004
19:31:27 26.052631 26.157894 25.684210 24.710526 27.324326 27.000000 1.065220 3.195653
19:31:27 26.052631 26.157894 25.684210 24.710526 27.324326 27.000000 1.065220 3.195653
19:31:27 26.052631 26.157894 25.684210 24.710526 27.351351 27.000000 1.065220 3.173915
19:31:28 26.052631 26.131578 25.684210 24.710526 27.351351 27.000000 1.065220 3.173915
19:31:28 26.052631 26.131578 25.684210 24.710526 27.351351 27.000000 1.065220 3.173915
19:31:29 26.052631 26.131578 25.684210 24.710526 27.351351 27.000000 1.065220 3.173915
19:31:29 26.052631 26.131578 25.684210 24.710526 27.351351 27.000000 1.065220 3.173915
19:31:29 26.052631 26.131578 25.684210 24.710526 27.324326 27.000000 1.065220 3.217390
19:31:30 26.052631 26.131578 25.684210 24.710526 27.324326 27.000000 1.065220 3.217390
19:31:30 26.052631 26.131578 25.684210 24.710526 27.324326 27.000000 1.065220 3.217390
19:31:31 26.026316 26.131578 25.684210 24.710526 27.324326 27.000000 1.065220 3.173915
19:31:31 26.026316 26.131578 25.684210 24.710526 27.324326 27.000000 1.086958 3.173915
19:31:31 26.026316 26.131578 25.684210 24.710526 27.324326 27.000000 1.086958 3.152178
19:31:32 26.026316 26.131578 25.684210 24.710526 27.324326 27.000000 1.086958 3.152178
19:31:32 26.026316 26.131578 25.684210 24.710526 27.324326 27.000000 1.086958 3.130430
19:31:33 26.026316 26.131578 25.684210 24.710526 27.324326 27.000000 1.086958 3.130430
19:31:33 26.026316 26.131578 25.684210 24.710526 27.324326 27.000000 1.086958 3.130430
19:31:33 26.026316 26.131578 25.684210 24.710526 27.324326 27.000000 1.086958 3.108692
19:31:34 26.026316 26.131578 25.684210 24.710526 27.324326 27.000000 1.086958 3.108692
19:31:34 26.026316 26.131578 25.684210 24.710526 27.324326 26.973684 1.086958 2.826083
19:31:35 26.026316 26.131578 25.684210 24.710526 27.324326 26.973684 1.086958 2.826083
19:31:35 26.026316 26.131578 25.684210 24.710526 27.432432 27.105263 1.086958 2.826083
19:31:35 26.026316 26.131578 25.684210 24.710526 27.432432 27.105263 1.086958 1.565222
19:31:36 26.026316 26.131578 25.684210 24.710526 27.459461 27.105263 1.086958 1.565222
19:31:36 26.026316 26.131578 25.684210 24.710526 27.459461 27.131578 1.086958 1.108692
19:31:37 26.026316 26.131578 25.657894 24.710526 27.459461 27.131578 1.086958 1.108692
19:31:37 26.026316 26.131578 25.657894 24.710526 27.486486 27.131578 1.086958 1.108692
19:31:37 26.026316 26.131578 25.657894 24.710526 27.486486 27.131578 1.086958 0.913044
19:31:38 26.026316 26.131578 25.657894 24.710526 27.486486 27.131578 1.086958 0.913044
19:31:38 26.026316 26.131578 25.657894 24.710526 27.486486 27.157894 1.086958 0.717395
19:31:39 26.026316 26.105263 25.657894 24.710526 27.486486 27.157894 1.086958 0.717395
19:31:39 26.026316 26.105263 25.657894 24.710526 27.513514 27.157894 1.086958 0.586960
19:31:39 26.026316 26.105263 25.657894 24.710526 27.513514 27.157894 1.086958 0.586960
19:31:40 26.026316 26.105263 25.657894 24.710526 27.513514 27.157894 1.086958 0.586960
19:31:40 26.000000 26.105263 25.657894 24.710526 27.513514 27.157894 1.086958 0.521737
19:31:41 26.000000 26.105263 25.657894 24.710526 27.513514 27.157894 1.108695 0.521737
19:31:41 26.000000 26.105263 25.657894 24.710526 27.513514 27.184212 1.108695 0.391301
19:31:41 26.000000 26.105263 25.657894 24.710526 27.513514 27.184212 1.108695 0.391301
19:31:42 26.000000 26.105263 25.657894 24.710526 27.513514 27.184212 1.086958 0.391301
19:31:42 26.000000 26.105263 25.657894 24.710526 27.513514 27.184212 1.086958 0.326088
19:31:43 26.000000 26.105263 25.657894 24.710526 27.513514 27.184212 1.086958 0.326088
19:31:43 26.000000 26.105263 25.657894 24.710526 27.513514 27.184212 1.086958 0.304351
19:31:43 26.000000 26.105263 25.657894 24.710526 27.513514 27.184212 1.086958 0.304351
19:31:44 26.000000 26.105263 25.657894 24.710526 27.513514 27.184212 1.108695 0.304351
19:31:44 26.000000 26.105263 25.657894 24.710526 27.513514 27.184212 1.108695 0.304351
19:31:45 26.000000 26.105263 25.657894 24.710526 27.513514 27.184212 1.086958 0.304351
19:31:45 26.000000 26.105263 25.657894 24.710526 27.513514 27.184212 1.086958 0.304351
19:31:45 26.000000 26.105263 25.657894 24.710526 27.513514 27.184212 1.108695 0.304351
19:31:46 26.000000 26.105263 25.657894 24.710526 27.513514 27.184212 1.108695 0.304351
19:31:46 26.000000 26.105263 25.657894 24.710526 27.513514 27.184212 1.108695 0.304351
19:31:47 26.000000 26.105263 25.657894 24.710526 27.513514 27.184212 1.130433 0.304351
19:31:47 26.000000 26.105263 25.657894 24.710526 27.513514 27.184212 1.130433 0.304351
19:31:47 26.000000 26.105263 25.657894 24.710526 27.513514 27.184212 1.173908 0.304351
19:31:48 26.000000 26.105263 25.657894 24.710526 27.513514 27.184212 1.173908 0.347826
19:31:48 26.000000 26.105263 25.657894 24.710526 27.513514 27.184212 1.173908 0.347826
19:31:49 26.000000 26.105263 25.657894 24.710526 27.513514 27.184212 1.260869 0.347826
19:31:49 26.000000 26.105263 25.657894 24.710526 27.513514 27.184212 1.260869 0.347826
19:31:49 26.000000 26.105263 25.657894 24.710526 27.513514 27.184212 1.304344 0.347826
19:31:50 26.000000 26.105263 25.657894 24.710526 27.513514 27.184212 1.304344 0.326088
19:31:50 26.000000 26.105263 25.657894 24.710526 27.513514 27.184212 1.304344 0.326088
19:31:51 26.000000 26.105263 25.657894 24.710526 27.513514 27.184212 1.304344 0.326088
19:31:51 26.000000 26.105263 25.657894 24.710526 27.513514 27.184212 1.304344 0.326088
19:31:51 26.000000 26.105263 25.657894 24.710526 27.513514 27.184212 1.260869 0.326088
19:31:52 26.000000 26.105263 25.657894 24.710526 27.513514 27.184212 1.260869 0.347826
19:31:52 26.000000 26.105263 25.657894 24.710526 27.513514 27.184212 1.173908 0.347826
19:31:53 26.000000 26.105263 25.657894 24.710526 27.513514 27.184212 1.173908 0.347826
19:31:53 26.000000 26.105263 25.657894 24.710526 27.513514 27.184212 1.173908 0.347826
19:31:53 26.000000 26.105263 25.657894 24.710526 27.513514 27.184212 1.130433 0.347826
19:31:54 26.000000 26.105263 25.657894 24.710526 27.513514 27.184212 1.130433 0.347826
19:31:54 26.000000 26.105263 25.657894 24.710526 27.513514 27.184212 1.108695 0.347826
19:31:55 26.000000 26.105263 25.657894 24.710526 27.513514 27.184212 1.108695 0.347826
19:31:55 26.000000 26.105263 25.657894 24.710526 27.513514 27.184212 1.108695 0.347826
19:31:55 26.000000 26.105263 25.657894 24.710526 27.513514 27.184212 1.086958 0.347826
19:31:56 26.000000 26.105263 25.657894 24.710526 27.513514 27.184212 1.086958 0.347826
19:31:56 26.000000 26.105263 25.657894 24.710526 27.513514 27.184212 1.086958 0.347826
19:31:57 25.894737 26.000000 25.578947 24.710526 27.513514 27.184212 1.086958 0.347826
19:31:57 25.894737 26.000000 25.578947 24.447369 27.513514 27.184212 6.760874 0.347826
19:31:58 25.894737 26.000000 25.578947 24.447369 27.513514 27.184212 6.760874 0.347826
19:31:58 25.894737 26.000000 25.578947 24.447369 27.513514 27.184212 6.804349 0.347826
19:31:58 25.894737 26.000000 25.578947 24.447369 27.513514 27.184212 6.804349 0.347826
19:31:59 25.894737 26.000000 25.578947 24.447369 27.513514 27.184212 6.804349 0.347826
19:31:59 25.894737 26.000000 25.578947 24.447369 27.513514 27.184212 6.695651 0.347826
19:32:00 25.894737 26.000000 25.578947 24.447369 27.513514 27.184212 6.695651 0.347826
19:32:00 25.894737 26.000000 25.578947 24.447369 27.513514 27.184212 6.847825 0.347826
19:32:00 25.894737 26.000000 25.578947 24.447369 27.513514 27.184212 6.847825 0.347826
19:32:01 25.894737 26.000000 25.578947 24.447369 27.513514 27.184212 6.847825 0.347826
19:32:01 25.894737 26.000000 25.578947 24.447369 27.513514 27.184212 6.673913 0.347826
19:32:02 25.894737 26.000000 25.578947 24.447369 27.513514 27.184212 6.673913 0.347826
19:32:02 25.894737 26.000000 25.578947 24.447369 27.513514 27.184212 6.717389 0.347826
19:32:02 25.894737 26.000000 25.578947 24.447369 27.513514 27.184212 6.717389 0.347826
19:32:03 25.894737 26.000000 25.578947 24.447369 27.513514 27.184212 6.717389 0.347826
19:32:03 25.894737 26.000000 25.578947 24.447369 27.513514 27.184212 6.695651 0.347826
19:32:04 25.894737 26.000000 25.578947 24.447369 27.513514 27.184212 6.695651 0.347826
19:32:04 25.894737 26.000000 25.578947 24.447369 27.513514 27.184212 6.652176 0.347826
19:32:04 25.894737 26.000000 25.578947 24.447369 27.513514 27.184212 6.652176 0.347826
19:32:05 25.894737 26.000000 25.578947 24.447369 27.513514 27.184212 6.630439 0.347826
19:32:05 25.894737 26.000000 25.578947 24.447369 27.513514 27.184212 6.630439 0.347826
19:32:06 25.894737 26.000000 25.578947 24.447369 27.513514 27.184212 6.630439 0.347826
19:32:06 25.894737 26.000000 25.578947 24.447369 27.513514 27.184212 6.717389 0.347826
19:32:06 25.894737 26.000000 25.578947 24.447369 27.513514 27.184212 6.717389 0.347826
19:32:07 25.894737 26.000000 25.578947 24.447369 27.513514 27.184212 6.760874 0.347826
19:32:07 25.894737 26.000000 25.578947 24.447369 27.513514 27.184212 6.760874 0.347826
19:32:08 25.894737 26.000000 25.552631 24.447369 27.513514 27.184212 6.760874 0.347826
19:32:08 25.894737 26.000000 25.552631 24.447369 27.513514 27.184212 6.695651 0.347826
19:32:08 25.894737 26.000000 25.552631 24.447369 27.513514 27.184212 6.695651 0.347826
19:32:09 25.894737 26.000000 25.552631 24.447369 27.513514 27.184212 6.673913 0.347826
