18:11:14 26.131578 26.263159 25.736843 24.815790 27.594595 27.263157 1.152171 0.000004
18:11:15 26.131578 26.263159 25.736843 24.815790 27.243244 26.947369 1.152171 4.130430
18:11:15 26.131578 26.263159 25.736843 24.815790 27.243244 26.947369 1.152171 4.130430
18:11:16 26.131578 26.263159 25.736843 24.815790 27.378378 27.026316 1.130433 4.130430
18:11:16 26.131578 26.263159 25.736843 24.815790 27.378378 27.026316 1.130433 3.108692
18:11:16 26.131578 26.263159 25.736843 24.815790 27.378378 27.026316 1.130433 3.108692
18:11:17 26.131578 26.263159 25.736843 24.815790 27.351351 27.026316 1.130433 3.086955
18:11:17 26.131578 26.263159 25.736843 24.815790 27.351351 27.026316 1.130433 3.086955
18:11:18 26.131578 26.263159 25.736843 24.815790 27.351351 27.026316 1.130433 3.086955
18:11:18 26.131578 26.263159 25.736843 24.815790 27.351351 27.026316 1.130433 3.173915
18:11:18 26.131578 26.263159 25.736843 24.815790 27.351351 27.026316 1.108695 3.173915
18:11:19 26.131578 26.263159 25.736843 24.815790 27.351351 27.026316 1.108695 3.152178
18:11:19 26.131578 26.263159 25.736843 24.815790 27.351351 27.026316 1.130433 3.152178
18:11:20 26.131578 26.263159 25.736843 24.815790 27.351351 27.000000 1.130433 3.152178
18:11:20 26.131578 26.263159 25.736843 24.815790 27.351351 27.000000 1.130433 3.152178
18:11:20 26.131578 26.263159 25.736843 24.815790 27.351351 27.000000 1.130433 3.152178
18:11:21 26.131578 26.263159 25.736843 24.815790 27.351351 27.000000 1.130433 3.108692
18:11:21 26.131578 26.263159 25.736843 24.815790 27.351351 27.000000 1.130433 3.108692
18:11:22 26.131578 26.263159 25.736843 24.815790 27.351351 27.000000 1.130433 3.108692
18:11:22 26.131578 26.263159 25.736843 24.815790 27.351351 27.000000 1.130433 3.108692
18:11:22 26.131578 26.263159 25.736843 24.815790 27.351351 27.000000 1.130433 3.108692
18:11:23 26.105263 26.263159 25.736843 24.815790 27.351351 27.000000 1.130433 3.173915
18:11:23 26.105263 26.263159 25.736843 24.842106 27.351351 27.000000 1.108695 3.173915
18:11:24 26.105263 26.263159 25.736843 24.842106 27.351351 27.000000 1.108695 3.195653
18:11:24 26.105263 26.263159 25.736843 24.842106 27.351351 27.000000 1.108695 3.195653
18:11:24 26.105263 26.263159 25.736843 24.842106 27.351351 27.000000 1.108695 3.195653
18:11:25 26.105263 26.263159 25.736843 24.842106 27.351351 27.000000 1.108695 3.130430
18:11:25 26.105263 26.263159 25.736843 24.842106 27.351351 27.000000 1.108695 3.130430
18:11:26 26.105263 26.263159 25.736843 24.842106 27.351351 27.000000 1.108695 3.195653
18:11:26 26.105263 26.263159 25.736843 24.842106 27.351351 27.000000 1.108695 3.195653
18:11:26 26.105263 26.263159 25.736843 24.842106 27.324326 27.000000 1.108695 3.152178
18:11:27 26.105263 26.263159 25.736843 24.842106 27.324326 27.000000 1.108695 3.152178
18:11:27 26.105263 26.263159 25.736843 24.842106 27.324326 27.000000 1.108695 3.152178
18:11:28 26.105263 26.263159 25.736843 24.842106 27.324326 27.000000 1.108695 3.130430
18:11:28 26.105263 26.263159 25.736843 24.842106 27.324326 27.000000 1.130433 3.130430
18:11:28 26.105263 26.263159 25.736843 24.842106 27.324326 27.000000 1.130433 3.195653
18:11:29 26.105263 26.263159 25.736843 24.842106 27.324326 27.000000 1.130433 3.195653
18:11:29 26.105263 26.263159 25.736843 24.842106 27.324326 27.000000 1.130433 3.195653
18:11:30 26.105263 26.263159 25.736843 24.842106 27.324326 27.000000 1.130433 3.130430
