22:57:28 26.394737 26.368420 26.157894 25.657896 26.081081 26.105263 1.260869 -0.043481
22:57:29 26.394737 26.368420 26.157894 25.657896 26.081081 26.105263 1.260869 -0.043481
22:57:30 26.394737 26.368420 26.157894 25.657896 26.081081 26.105263 1.260869 -0.043481
22:57:32 26.394737 26.368420 26.157894 25.657896 26.081081 26.105263 1.282606 -0.043481
22:57:33 26.394737 26.368420 26.157894 25.657896 26.081081 26.131578 1.304344 -0.043481
22:57:34 26.394737 26.368420 26.157894 25.657896 26.081081 26.131578 1.282606 -0.043481
22:57:35 26.394737 26.368420 26.157894 25.631578 26.081081 26.131578 1.282606 -0.043481
22:57:37 26.394737 26.368420 26.157894 25.657896 26.081081 26.131578 1.304344 -0.043481
22:57:39 26.394737 26.368420 26.157894 25.657896 26.081081 26.131578 1.304344 -0.043481
22:57:40 26.394737 26.368420 26.157894 25.631578 26.081081 26.131578 1.304344 -0.043481
22:57:41 26.394737 26.368420 26.157894 25.631578 26.081081 26.131578 1.326092 -0.043481
22:57:43 26.421051 26.368420 26.157894 25.605263 26.081081 26.131578 1.391304 -0.043481
22:57:45 26.421051 26.368420 26.157894 25.657896 26.081081 26.105263 3.434780 -0.043481
22:57:46 26.394737 26.368420 26.157894 25.657896 26.081081 26.131578 1.347829 -0.043481
22:57:47 26.394737 26.368420 26.157894 25.657896 26.081081 26.131578 1.347829 -0.043481
22:57:49 26.394737 26.368420 26.157894 25.657896 26.081081 26.105263 1.304344 -0.043481
22:57:50 26.394737 26.368420 26.157894 25.657896 26.081081 26.105263 1.282606 -0.043481
22:57:51 26.394737 26.368420 26.157894 25.657896 26.081081 26.105263 1.260869 -0.043481
22:57:53 26.394737 26.368420 26.157894 25.631578 26.081081 26.131578 1.260869 -0.043481
22:57:55 26.394737 26.368420 26.157894 25.657896 26.081081 26.131578 1.304344 -0.021744
22:57:56 26.394737 26.368420 26.157894 25.657896 26.081081 26.131578 1.326092 -0.043481
22:57:57 26.421051 26.368420 26.157894 25.631578 26.081081 26.131578 1.260869 -0.043481
22:57:58 26.421051 26.368420 26.157894 25.657896 26.081081 26.105263 1.260869 -0.043481
22:58:00 26.394737 26.368420 26.157894 25.631578 26.081081 26.131578 1.239131 -0.043481
22:58:01 26.394737 26.368420 26.157894 25.631578 26.081081 26.131578 1.239131 -0.043481
22:58:03 26.394737 26.368420 26.157894 25.657896 26.081081 26.131578 1.304344 -0.043481
22:58:05 26.394737 26.342106 26.157894 25.631578 26.081081 26.131578 1.304344 -0.043481
22:58:06 26.394737 26.368420 26.157894 25.657896 26.081081 26.131578 1.282606 -0.043481
22:58:07 26.421051 26.368420 26.157894 25.631578 26.081081 26.131578 1.282606 -0.043481
22:58:08 26.394737 26.368420 26.157894 25.657896 26.081081 26.105263 1.282606 -0.043481
22:58:10 26.394737 26.368420 26.157894 25.657896 26.081081 26.131578 1.326092 -0.043481
22:58:11 26.394737 26.368420 26.157894 25.631578 26.081081 26.105263 1.282606 -0.043481
22:58:12 26.394737 26.368420 26.157894 25.631578 26.081081 26.131578 1.304344 -0.043481
22:58:13 26.394737 26.368420 26.157894 25.605263 26.081081 26.131578 1.347829 -0.043481
22:58:14 26.421051 26.368420 26.157894 25.631578 26.081081 26.131578 1.717388 -0.043481
22:58:16 26.421051 26.368420 26.157894 25.657896 26.081081 26.131578 1.347829 -0.021744
22:58:17 26.421051 26.368420 26.157894 25.657896 26.081081 26.131578 1.369567 -0.043481
22:58:18 26.421051 26.368420 26.157894 25.631578 26.081081 26.131578 1.347829 -0.043481
22:58:20 26.394737 26.368420 26.157894 25.631578 26.081081 26.105263 1.304344 -0.043481
22:58:21 26.394737 26.368420 26.157894 25.631578 26.081081 26.105263 1.304344 -0.043481
22:58:22 26.394737 26.368420 26.157894 25.631578 26.081081 26.105263 1.282606 -0.043481
22:58:23 26.394737 26.368420 26.157894 25.631578 26.081081 26.105263 1.260869 -0.043481
22:58:24 26.394737 26.368420 26.157894 25.631578 26.081081 26.131578 1.282606 -0.043481
22:58:26 26.394737 26.368420 26.157894 25.631578 26.081081 26.131578 1.304344 -0.043481
22:58:27 26.394737 26.368420 26.157894 25.631578 26.081081 26.105263 1.260869 -0.043481
22:58:28 26.421051 26.368420 26.157894 25.631578 26.081081 26.105263 1.260869 -0.043481
22:58:29 26.421051 26.368420 26.157894 25.631578 26.081081 26.131578 1.260869 -0.043481
22:58:31 26.394737 26.368420 26.157894 25.631578 26.081081 26.105263 1.260869 -0.021744
22:58:32 26.394737 26.368420 26.157894 25.631578 26.081081 26.105263 1.260869 -0.043481
22:58:33 26.394737 26.368420 26.157894 25.631578 26.081081 26.105263 1.304344 -0.043481
22:58:34 26.394737 26.368420 26.157894 25.631578 26.081081 26.131578 1.326092 -0.043481
22:58:36 26.421051 26.368420 26.157894 25.631578 26.081081 26.105263 1.304344 -0.043481
22:58:37 26.394737 26.368420 26.157894 25.631578 26.081081 26.105263 1.282606 -0.043481
22:58:38 26.421051 26.368420 26.157894 25.631578 26.081081 26.105263 1.282606 -0.043481
22:58:39 26.394737 26.368420 26.157894 25.631578 26.081081 26.131578 1.282606 -0.043481
22:58:41 26.421051 26.368420 26.157894 25.631578 26.081081 26.131578 1.282606 -0.043481
22:58:42 26.421051 26.368420 26.157894 25.631578 26.081081 26.105263 1.282606 -0.043481
22:58:43 26.394737 26.368420 26.157894 25.631578 26.081081 26.105263 1.304344 -0.043481
22:58:44 26.394737 26.368420 26.157894 25.552631 26.081081 26.131578 1.347829 -0.043481
22:58:45 26.394737 26.368420 26.157894 25.631578 26.081081 26.131578 1.347829 -0.043481
22:58:47 26.394737 26.368420 26.157894 25.657896 26.081081 26.105263 1.369567 -0.043481
22:58:48 26.394737 26.368420 26.157894 25.631578 26.081081 26.131578 1.369567 -0.043481
22:58:49 26.394737 26.368420 26.157894 25.631578 26.081081 26.105263 1.369567 -0.043481
22:58:50 26.394737 26.368420 26.157894 25.631578 26.081081 26.105263 1.391304 -0.043481
22:58:52 26.394737 26.368420 26.157894 25.631578 26.081081 26.131578 1.326092 -0.043481
22:58:53 26.394737 26.368420 26.157894 25.631578 26.081081 26.105263 1.282606 -0.043481
22:58:54 26.394737 26.368420 26.157894 25.631578 26.081081 26.131578 1.282606 -0.043481
22:58:55 26.394737 26.368420 26.157894 25.631578 26.081081 26.131578 1.282606 -0.043481
22:58:57 26.394737 26.368420 26.157894 25.631578 26.081081 26.105263 1.260869 -0.043481
22:58:58 26.421051 26.368420 26.157894 25.631578 26.081081 26.131578 1.260869 -0.021744
22:58:59 26.394737 26.368420 26.157894 25.631578 26.081081 26.131578 1.260869 -0.021744
22:59:00 26.394737 26.368420 26.157894 25.631578 26.081081 26.105263 1.260869 -0.043481
22:59:02 26.394737 26.368420 26.157894 25.631578 26.081081 26.131578 1.260869 0.000004
22:59:03 26.394737 26.368420 26.157894 25.631578 26.081081 26.131578 1.282606 -0.043481
22:59:04 26.394737 26.368420 26.157894 25.631578 26.081081 26.105263 1.326092 -0.043481
22:59:05 26.394737 26.368420 26.157894 25.631578 26.081081 26.105263 1.304344 -0.043481
22:59:07 26.394737 26.368420 26.157894 25.631578 26.081081 26.105263 1.260869 -0.043481
22:59:08 26.394737 26.368420 26.157894 25.631578 26.081081 26.105263 1.260869 -0.043481
22:59:09 26.394737 26.368420 26.157894 25.631578 26.081081 26.105263 1.282606 -0.043481
22:59:10 26.394737 26.368420 26.157894 25.631578 26.081081 26.105263 1.282606 -0.043481
22:59:11 26.394737 26.368420 26.157894 25.631578 26.081081 26.131578 1.282606 -0.043481
22:59:13 26.394737 26.368420 26.131578 25.631578 26.081081 26.131578 1.282606 -0.043481
22:59:15 26.394737 26.368420 26.157894 25.605263 26.081081 26.131578 1.326092 -0.021744
22:59:16 26.394737 26.368420 26.157894 25.631578 26.081081 26.105263 1.326092 -0.043481
22:59:18 26.394737 26.368420 26.157894 25.631578 26.081081 26.131578 1.369567 -0.043481
22:59:19 26.394737 26.368420 26.157894 25.631578 26.081081 26.105263 1.369567 -0.043481
22:59:20 26.394737 26.368420 26.157894 25.631578 26.081081 26.105263 1.434779 -0.043481
22:59:21 26.394737 26.368420 26.157894 25.631578 26.081081 26.131578 1.500003 -0.043481
22:59:23 26.394737 26.368420 26.157894 25.631578 26.081081 26.105263 1.326092 -0.043481
22:59:25 26.394737 26.368420 26.157894 25.631578 26.108109 26.105263 1.304344 -0.043481
22:59:26 26.394737 26.368420 26.157894 25.631578 26.081081 26.105263 1.304344 -0.043481
22:59:27 26.394737 26.368420 26.157894 25.631578 26.081081 26.105263 1.260869 -0.021744
