22:37:58 26.447369 26.421055 26.184212 25.684210 26.081081 26.131578 1.282606 -0.021744
22:37:59 26.447369 26.421055 26.184212 25.684210 26.081081 26.131578 1.239131 -0.043481
22:38:00 26.447369 26.421055 26.184212 25.684210 26.081081 26.131578 1.260869 -0.043481
22:38:01 26.447369 26.421055 26.184212 25.657896 26.081081 26.131578 1.326092 -0.043481
22:38:03 26.447369 26.421055 26.184212 25.684210 26.081081 26.131578 1.304344 -0.043481
22:38:05 26.447369 26.394737 26.184212 25.684210 26.081081 26.131578 1.282606 -0.043481
22:38:06 26.447369 26.421055 26.184212 25.657896 26.081081 26.131578 1.282606 -0.043481
22:38:07 26.447369 26.421055 26.184212 25.657896 26.081081 26.131578 1.304344 -0.043481
22:38:09 26.447369 26.421055 26.184212 25.657896 26.081081 26.131578 1.326092 -0.043481
22:38:10 26.447369 26.421055 26.184212 25.657896 26.081081 26.131578 1.326092 -0.043481
22:38:11 26.447369 26.421055 26.184212 25.657896 26.081081 26.131578 1.326092 -0.043481
22:38:13 26.447369 26.421055 26.184212 25.631578 26.081081 26.131578 1.413042 -0.021744
22:38:15 26.447369 26.421055 26.184212 25.657896 26.081081 26.131578 3.500003 -0.043481
22:38:16 26.447369 26.421055 26.184212 25.657896 26.081081 26.131578 1.347829 -0.043481
22:38:17 26.447369 26.421055 26.184212 25.657896 26.081081 26.131578 1.347829 -0.043481
22:38:18 26.447369 26.421055 26.184212 25.657896 26.081081 26.131578 1.326092 -0.043481
22:38:20 26.447369 26.421055 26.184212 25.684210 26.081081 26.131578 1.282606 -0.043481
22:38:21 26.447369 26.421055 26.184212 25.657896 26.081081 26.131578 1.260869 -0.043481
22:38:23 26.447369 26.421055 26.184212 25.657896 26.081081 26.131578 1.260869 -0.021744
22:38:25 26.447369 26.421055 26.184212 25.657896 26.081081 26.131578 1.304344 -0.021744
22:38:26 26.447369 26.421055 26.184212 25.657896 26.081081 26.131578 1.326092 -0.021744
22:38:27 26.447369 26.421055 26.184212 25.657896 26.081081 26.131578 1.282606 -0.021744
22:38:28 26.447369 26.421055 26.184212 25.657896 26.081081 26.131578 1.282606 -0.021744
22:38:30 26.447369 26.421055 26.184212 25.684210 26.081081 26.131578 1.260869 -0.043481
22:38:31 26.447369 26.421055 26.184212 25.657896 26.081081 26.131578 1.282606 -0.021744
22:38:32 26.447369 26.421055 26.184212 25.657896 26.081081 26.131578 1.282606 -0.043481
22:38:33 26.447369 26.421055 26.184212 25.657896 26.081081 26.131578 1.326092 -0.043481
22:38:35 26.447369 26.394737 26.184212 25.657896 26.081081 26.131578 1.304344 -0.043481
22:38:36 26.447369 26.421055 26.184212 25.657896 26.081081 26.131578 1.282606 -0.043481
22:38:37 26.447369 26.421055 26.184212 25.657896 26.081081 26.131578 1.304344 -0.043481
22:38:38 26.447369 26.421055 26.184212 25.684210 26.081081 26.131578 1.282606 -0.043481
22:38:39 26.447369 26.421055 26.184212 25.657896 26.081081 26.131578 1.304344 -0.043481
22:38:41 26.447369 26.421055 26.184212 25.657896 26.081081 26.131578 1.326092 -0.043481
22:38:42 26.447369 26.421055 26.184212 25.657896 26.081081 26.131578 1.326092 -0.043481
22:38:43 26.447369 26.421055 26.184212 25.631578 26.081081 26.131578 1.369567 -0.043481
22:38:44 26.447369 26.421055 26.184212 25.657896 26.081081 26.131578 1.826087 -0.043481
22:38:46 26.447369 26.421055 26.184212 25.657896 26.081081 26.131578 1.369567 -0.021744
22:38:47 26.447369 26.421055 26.184212 25.657896 26.081081 26.131578 1.369567 -0.043481
22:38:48 26.447369 26.421055 26.184212 25.657896 26.081081 26.131578 1.347829 -0.043481
22:38:49 26.447369 26.421055 26.184212 25.657896 26.081081 26.131578 1.326092 -0.043481
22:38:51 26.447369 26.421055 26.184212 25.657896 26.081081 26.131578 1.304344 -0.043481
22:38:52 26.447369 26.421055 26.184212 25.657896 26.081081 26.131578 1.282606 -0.043481
22:38:53 26.447369 26.421055 26.184212 25.657896 26.081081 26.131578 1.282606 -0.043481
22:38:54 26.447369 26.421055 26.184212 25.657896 26.081081 26.131578 1.282606 -0.021744
22:38:56 26.447369 26.421055 26.184212 25.657896 26.081081 26.131578 1.326092 -0.021744
22:38:57 26.447369 26.421055 26.184212 25.657896 26.081081 26.131578 1.282606 -0.021744
22:38:58 26.447369 26.421055 26.184212 25.657896 26.081081 26.131578 1.260869 -0.021744
22:38:59 26.447369 26.421055 26.184212 25.657896 26.081081 26.131578 1.260869 -0.021744
22:39:00 26.447369 26.421055 26.184212 25.657896 26.081081 26.131578 1.260869 -0.021744
22:39:02 26.447369 26.421055 26.184212 25.657896 26.081081 26.131578 1.260869 -0.043481
22:39:03 26.421051 26.421055 26.184212 25.657896 26.081081 26.131578 1.326092 -0.043481
22:39:04 26.447369 26.421055 26.184212 25.657896 26.081081 26.131578 1.326092 -0.043481
22:39:05 26.447369 26.421055 26.184212 25.657896 26.081081 26.131578 1.304344 -0.043481
22:39:07 26.447369 26.421055 26.184212 25.657896 26.081081 26.131578 1.282606 -0.043481
22:39:08 26.447369 26.421055 26.184212 25.657896 26.081081 26.131578 1.260869 -0.043481
22:39:09 26.447369 26.421055 26.184212 25.657896 26.081081 26.131578 1.326092 -0.043481
22:39:10 26.447369 26.421055 26.184212 25.657896 26.081081 26.131578 1.304344 -0.043481
22:39:12 26.447369 26.421055 26.184212 25.657896 26.081081 26.131578 1.282606 -0.043481
22:39:13 26.447369 26.421055 26.184212 25.657896 26.081081 26.131578 1.326092 -0.043481
22:39:14 26.447369 26.421055 26.184212 25.605263 26.081081 26.131578 1.369567 -0.043481
22:39:15 26.447369 26.421055 26.184212 25.657896 26.081081 26.131578 1.391304 -0.043481
22:39:17 26.447369 26.421055 26.184212 25.657896 26.081081 26.131578 1.369567 -0.043481
22:39:18 26.447369 26.421055 26.184212 25.657896 26.081081 26.131578 1.369567 -0.043481
22:39:19 26.447369 26.421055 26.184212 25.657896 26.081081 26.131578 1.369567 -0.043481
22:39:20 26.447369 26.421055 26.184212 25.657896 26.081081 26.131578 1.391304 -0.043481
22:39:22 26.447369 26.421055 26.184212 25.657896 26.081081 26.131578 1.304344 -0.043481
22:39:24 26.447369 26.421055 26.184212 25.657896 26.081081 26.131578 1.260869 -0.043481
22:39:25 26.447369 26.421055 26.184212 25.657896 26.081081 26.131578 1.282606 -0.043481
22:39:26 26.447369 26.421055 26.184212 25.657896 26.081081 26.131578 1.260869 -0.021744
22:39:28 26.447369 26.421055 26.184212 25.657896 26.081081 26.131578 1.260869 -0.021744
22:39:29 26.447369 26.421055 26.184212 25.657896 26.081081 26.131578 1.260869 -0.043481
22:39:30 26.447369 26.421055 26.184212 25.657896 26.081081 26.131578 1.260869 -0.043481
22:39:31 26.447369 26.421055 26.184212 25.657896 26.081081 26.131578 1.260869 -0.021744
22:39:33 26.447369 26.421055 26.184212 25.657896 26.081081 26.131578 1.304344 -0.043481
22:39:35 26.421051 26.421055 26.184212 25.657896 26.081081 26.131578 1.347829 -0.043481
22:39:36 26.447369 26.421055 26.184212 25.657896 26.081081 26.131578 1.260869 -0.043481
22:39:38 26.447369 26.421055 26.184212 25.657896 26.081081 26.131578 1.260869 -0.043481
22:39:39 26.447369 26.421055 26.184212 25.657896 26.081081 26.131578 1.260869 -0.043481
22:39:40 26.447369 26.421055 26.184212 25.657896 26.081081 26.131578 1.282606 -0.043481
22:39:41 26.447369 26.421055 26.184212 25.657896 26.081081 26.131578 1.282606 -0.043481
22:39:43 26.447369 26.421055 26.157894 25.657896 26.081081 26.131578 1.282606 -0.043481
22:39:45 26.447369 26.421055 26.184212 25.605263 26.081081 26.131578 1.347829 -0.043481
22:39:46 26.447369 26.421055 26.184212 25.657896 26.081081 26.131578 1.326092 -0.043481
22:39:47 26.447369 26.421055 26.184212 25.657896 26.081081 26.131578 1.347829 -0.043481
22:39:48 26.447369 26.421055 26.184212 25.657896 26.081081 26.131578 1.369567 -0.043481
22:39:50 26.447369 26.421055 26.184212 25.657896 26.081081 26.131578 1.500003 -0.043481
22:39:51 26.447369 26.421055 26.184212 25.657896 26.081081 26.131578 1.478265 -0.043481
22:39:53 26.447369 26.421055 26.184212 25.657896 26.108109 26.131578 1.304344 -0.043481
22:39:55 26.447369 26.421055 26.184212 25.657896 26.108109 26.131578 1.304344 -0.043481
22:39:56 26.447369 26.421055 26.184212 25.657896 26.081081 26.131578 1.304344 -0.043481
22:39:57 26.447369 26.421055 26.184212 25.657896 26.081081 26.131578 1.282606 -0.043481
