13:13:55 28.157894 26.026314 27.710527 26.236843 27.351351 26.710527 1.260869 3.717396
13:13:56 28.157894 26.026314 27.710527 26.236843 27.513514 27.131578 1.260869 0.478262
13:13:57 28.157894 26.026314 27.710527 26.236843 27.513514 27.105263 1.260869 0.543474
13:13:57 28.157894 26.026314 27.710527 26.236843 27.513514 27.105263 1.260869 0.543474
13:13:58 28.157894 26.026314 27.710527 26.236843 27.513514 27.105263 1.260869 0.543474
13:13:59 28.157894 26.026314 27.710527 26.236843 27.513514 27.105263 1.260869 0.543474
13:14:00 28.157894 26.026314 27.710527 26.236843 27.513514 27.105263 1.260869 0.521737
13:14:00 28.157894 26.026314 27.710527 26.236843 27.513514 27.105263 1.239131 0.521737
13:14:01 28.157894 26.026314 27.710527 26.236843 27.513514 27.105263 1.239131 0.521737
13:14:02 28.157894 26.026314 27.710527 26.236843 27.513514 27.105263 1.239131 0.521737
13:14:03 28.157894 26.026314 27.710527 26.236843 27.513514 27.105263 1.239131 0.499999
13:14:03 28.157894 26.026314 27.710527 26.236843 27.513514 27.131578 1.239131 0.499999
13:14:04 28.157894 26.026314 27.710527 26.236843 27.513514 27.131578 1.260869 0.499999
13:14:05 28.157894 26.026314 27.710527 26.236843 27.513514 27.131578 1.282606 0.456524
13:14:06 28.157894 26.026314 27.710527 26.236843 27.513514 27.131578 1.282606 0.456524
13:14:06 28.157894 26.026314 27.710527 26.236843 27.513514 27.131578 1.304344 0.413038
13:14:07 28.157894 26.026314 27.710527 26.236843 27.513514 27.131578 1.347829 0.413038
13:14:08 28.157894 26.026314 27.710527 26.236843 27.513514 27.131578 1.434779 0.413038
13:14:09 28.157894 26.026314 27.710527 26.236843 27.513514 27.131578 1.500003 0.413038
13:14:09 28.157894 26.026314 27.710527 26.236843 27.513514 27.131578 1.500003 0.413038
13:14:10 28.157894 26.026314 27.710527 26.236843 27.513514 27.131578 1.478265 0.413038
13:14:11 28.157894 26.026314 27.710527 26.236843 27.513514 27.131578 1.413042 0.413038
13:14:12 28.157894 26.026314 27.710527 26.236843 27.513514 27.131578 1.326092 0.413038
13:14:12 28.157894 26.026314 27.710527 26.236843 27.513514 27.131578 1.326092 0.413038
13:14:13 28.157894 26.026314 27.710527 26.236843 27.513514 27.131578 1.282606 0.413038
13:14:14 28.157894 26.026314 27.710527 26.236843 27.513514 27.131578 1.260869 0.413038
13:14:15 28.157894 26.026314 27.710527 26.236843 27.513514 27.131578 1.282606 0.413038
13:14:15 28.157894 26.026314 27.710527 26.236843 27.513514 27.131578 1.282606 0.413038
13:14:16 28.157894 26.026314 27.710527 26.236843 27.513514 27.131578 1.260869 0.413038
13:14:17 28.157894 26.026314 27.710527 26.236843 27.513514 27.131578 1.239131 0.413038
13:14:18 28.157894 26.026314 27.710527 26.236843 27.513514 27.131578 1.239131 0.413038
13:14:18 28.157894 26.026314 27.736843 26.236843 27.513514 27.131578 1.239131 0.304351
13:14:19 28.157894 26.026314 27.736843 26.236843 27.513514 27.131578 1.239131 0.304351
13:14:20 28.157894 26.026314 27.736843 26.236843 27.513514 27.131578 1.239131 0.304351
13:14:21 28.157894 26.026314 27.710527 26.236843 27.513514 27.131578 1.239131 0.326088
13:14:21 28.157894 26.026314 27.736843 26.236843 27.513514 27.131578 1.260869 0.326088
13:14:22 28.157894 26.026314 27.736843 26.236843 27.513514 27.131578 1.260869 0.326088
13:14:23 28.157894 26.026314 27.736843 26.236843 27.513514 27.131578 1.239131 0.304351
13:14:24 28.157894 26.026314 27.736843 26.236843 27.513514 27.131578 1.239131 0.304351
13:14:24 28.157894 26.026314 27.736843 26.236843 27.513514 27.131578 1.239131 0.304351
13:14:26 28.157894 26.026314 27.736843 26.236843 27.513514 27.157894 1.239131 0.152177
13:14:27 28.157894 26.026314 27.657896 25.947369 27.513514 27.131578 7.369567 0.304351
13:14:27 28.052631 25.921053 27.631578 25.973686 27.513514 27.131578 7.260869 0.304351
13:14:28 28.052631 25.921053 27.631578 25.973686 27.513514 27.131578 7.195656 0.304351
13:14:29 28.052631 25.921053 27.631578 25.947369 27.513514 27.131578 7.195656 0.304351
13:14:30 28.052631 25.894737 27.631578 25.947369 27.513514 27.131578 7.260869 0.326088
13:14:30 28.052631 25.894737 27.631578 25.973686 27.513514 27.131578 7.130434 0.326088
13:14:31 28.052631 25.921053 27.631578 25.947369 27.513514 27.131578 7.152171 0.326088
13:14:32 28.052631 25.894737 27.631578 25.947369 27.513514 27.131578 7.130434 0.326088
13:14:33 28.052631 25.894737 27.631578 25.947369 27.513514 27.131578 7.130434 0.326088
13:14:33 28.052631 25.894737 27.631578 25.947369 27.513514 27.131578 7.260869 0.326088
13:14:34 28.052631 25.894737 27.631578 25.947369 27.513514 27.131578 7.086958 0.326088
13:14:35 28.052631 25.894737 27.631578 25.947369 27.513514 27.131578 7.304344 0.326088
13:14:36 28.052631 25.894737 27.631578 25.947369 27.513514 27.131578 7.304344 0.326088
13:14:36 28.052631 25.894737 27.631578 25.947369 27.513514 27.131578 7.195656 0.326088
13:14:37 28.052631 25.894737 27.631578 25.947369 27.513514 27.131578 7.239131 0.326088
13:14:38 28.052631 25.894737 27.605261 25.947369 27.513514 27.131578 7.304344 0.326088
13:14:39 28.052631 25.894737 27.631578 25.947369 27.513514 27.131578 7.304344 0.326088
13:14:39 28.052631 25.894737 27.631578 25.947369 27.513514 27.131578 7.304344 0.326088
13:14:40 28.052631 25.894737 27.605261 25.947369 27.513514 27.131578 7.413043 0.326088
13:14:41 28.052631 25.894737 27.605261 25.947369 27.513514 27.131578 7.565216 0.326088
13:14:42 28.052631 25.894737 27.605261 25.947369 27.513514 27.131578 7.456518 0.326088
