12:21:42 26.736843 25.368420 26.342104 25.421053 27.000000 26.684212 1.239131 3.000005
12:21:45 26.736843 25.368420 26.342104 25.421053 26.783783 26.447369 1.239131 5.804346
12:21:47 26.736843 25.368420 26.342104 25.421053 26.783783 26.473684 1.260869 5.608697
12:21:49 26.763157 25.368420 26.342104 25.421053 26.810810 26.473684 1.239131 5.543475
12:21:50 26.763157 25.394737 26.368422 25.421053 26.810810 26.473684 1.239131 5.543475
12:21:52 26.763157 25.394737 26.368422 25.394737 26.837837 26.500000 1.239131 5.652173
12:21:54 26.763157 25.394737 26.368422 25.394737 26.810810 26.500000 1.260869 5.478262
12:21:56 26.789474 25.394737 26.368422 25.394737 26.837837 26.500000 1.304344 5.434787
12:21:58 26.789474 25.394737 26.368422 25.394737 26.837837 26.500000 1.326092 5.369564
12:21:59 26.789474 25.394737 26.368422 25.394737 26.837837 26.526316 1.391304 5.282614
12:22:01 26.789474 25.421053 26.394739 25.394737 26.864866 26.500000 1.304344 5.260866
12:22:03 26.789474 25.421053 26.394739 25.368420 26.972973 26.605263 1.239131 3.826083
12:22:05 26.815788 25.421053 26.394739 25.368420 27.027027 26.684212 1.239131 3.369564
12:22:07 26.789474 25.421053 26.394739 25.368420 27.054054 26.710527 1.239131 2.804346
12:22:08 26.789474 25.421053 26.394739 25.368420 27.054054 26.736843 1.239131 2.543474
12:22:10 26.789474 25.394737 26.368422 25.368420 27.054054 26.736843 1.239131 2.434787
12:22:12 26.789474 25.394737 26.368422 25.368420 27.081081 26.736843 1.239131 2.326088
12:22:14 26.789474 25.394737 26.368422 25.368420 27.081081 26.736843 1.239131 2.304351
12:22:16 26.789474 25.394737 26.368422 25.368420 27.108109 26.763157 1.239131 2.108692
12:22:18 26.789474 25.394737 26.368422 25.368420 27.081081 26.763157 1.326092 2.086955
12:22:20 26.789474 25.394737 26.368422 25.368420 27.081081 26.763157 1.239131 2.086955
12:22:22 26.789474 25.394737 26.368422 25.368420 27.081081 26.763157 1.239131 2.086955
12:22:24 26.789474 25.394737 26.368422 25.368420 27.108109 26.763157 1.239131 2.000004
12:22:25 26.789474 25.394737 26.368422 25.368420 27.108109 26.763157 1.260869 2.021742
12:22:27 26.789474 25.394737 26.368422 25.368420 27.108109 26.763157 1.282606 2.000004
12:22:29 26.789474 25.394737 26.368422 25.368420 27.108109 26.763157 1.369567 1.978256
12:22:31 26.789474 25.394737 26.368422 25.368420 27.108109 26.763157 1.369567 2.065217
12:22:33 26.789474 25.394737 26.368422 25.368420 27.108109 26.763157 1.282606 2.000004
12:22:34 26.789474 25.394737 26.368422 25.368420 27.108109 26.763157 1.260869 2.021742
12:22:36 26.789474 25.394737 26.368422 25.368420 27.081081 26.763157 1.260869 2.108692
12:22:38 26.789474 25.394737 26.368422 25.368420 27.081081 26.763157 1.239131 2.195653
12:22:40 26.789474 25.394737 26.368422 25.368420 27.081081 26.763157 1.239131 2.217390
12:22:42 26.789474 25.394737 26.368422 25.368420 27.081081 26.736843 1.239131 2.369564
12:22:44 26.789474 25.394737 26.368422 25.368420 27.081081 26.736843 1.217394 2.391301
12:22:45 26.789474 25.394737 26.315790 25.078947 27.054054 26.736843 7.869562 2.347826
12:22:47 26.684210 25.315790 26.368422 25.315790 27.054054 26.736843 2.217394 2.369564
12:22:49 26.684210 25.342104 26.289473 25.236841 27.054054 26.736843 2.239131 2.478262
12:22:51 26.657896 25.236841 26.263157 25.236841 27.027027 26.710527 3.760874 2.826083
12:22:53 26.736843 25.368420 26.263157 24.973684 27.027027 26.684212 8.869562 2.804346
12:22:54 26.763157 25.368420 26.342104 25.263157 27.027027 26.710527 3.260869 2.804346
12:22:56 26.763157 25.394737 26.368422 25.315790 27.027027 26.684212 2.869562 3.021742
12:22:58 26.763157 25.368420 26.342104 24.736841 27.000000 26.684212 13.282607 2.978256
12:23:00 26.578947 25.263159 26.342104 25.289474 27.000000 26.684212 2.913047 2.978256
12:23:02 26.736843 25.368420 26.342104 25.289474 27.027027 26.684212 2.956522 2.956519
12:23:03 26.657896 25.263159 26.263157 25.289474 27.027027 26.684212 3.065220 2.913044
12:23:05 26.631578 25.263159 26.263157 25.000000 27.027027 26.710527 8.739126 2.782608
12:23:07 26.631578 25.236841 26.263157 25.000000 27.027027 26.710527 8.630439 2.695648
12:23:09 26.631578 25.236841 26.236843 25.000000 27.027027 26.710527 2.413042 2.847831
12:23:11 26.736843 25.368420 26.236843 25.236841 27.027027 26.710527 3.326092 2.869569
12:23:12 26.736843 25.368420 26.342104 25.263157 27.027027 26.710527 3.304344 2.782608
12:23:14 26.736843 25.368420 26.342104 25.263157 27.027027 26.710527 3.282606 2.739133
12:23:16 26.736843 25.368420 26.342104 25.263157 27.027027 26.710527 3.260869 2.717396
12:23:18 26.736843 25.368420 26.342104 25.263157 27.027027 26.710527 3.239131 2.717396
12:23:20 26.736843 25.368420 26.342104 25.289474 27.027027 26.710527 2.543478 2.760871
12:23:21 26.736843 25.368420 26.342104 25.289474 27.027027 26.710527 1.956522 2.739133
12:23:23 26.763157 25.368420 26.342104 25.315790 27.027027 26.710527 1.934785 2.739133
12:23:25 26.763157 25.236841 26.315790 25.210526 27.027027 26.710527 4.760874 2.717396
12:23:27 26.710527 25.315790 26.289473 25.157896 27.027027 26.710527 4.760874 2.739133
12:23:29 26.736843 25.342104 26.315790 25.157896 27.054054 26.710527 5.326092 2.565222
12:23:30 26.736843 25.368420 26.315790 25.236841 27.027027 26.710527 3.739126 2.630435
12:23:33 26.736843 25.368420 26.342104 25.289474 27.054054 26.710527 2.782612 2.630435
12:23:34 26.763157 25.394737 26.368422 25.289474 26.810810 26.500000 2.869562 5.369564
12:23:36 26.789474 25.394737 26.368422 25.368420 26.837837 26.500000 1.326092 5.347826
12:23:38 26.789474 25.394737 26.368422 25.368420 26.837837 26.500000 1.260869 5.413039
12:23:40 26.763157 25.394737 26.368422 25.368420 26.837837 26.500000 1.239131 5.391301
12:23:42 26.763157 25.394737 26.368422 25.368420 26.810810 26.500000 1.239131 5.369564
12:23:43 26.763157 25.394737 26.368422 25.394737 26.810810 26.500000 1.239131 5.326089
12:23:45 26.763157 25.394737 26.368422 25.394737 26.810810 26.500000 1.239131 5.173915
12:23:47 26.763157 25.394737 26.368422 25.394737 26.810810 26.500000 1.217394 5.130430
12:23:49 26.736843 25.394737 26.342104 25.394737 26.810810 26.473684 1.239131 5.130430
12:23:51 26.736843 25.394737 26.342104 25.394737 26.783783 26.473684 1.239131 5.152178
12:23:52 26.736843 25.368420 26.342104 25.394737 26.891891 26.578947 1.239131 3.782608
12:23:54 26.736843 25.368420 26.342104 25.394737 26.972973 26.631578 1.239131 2.891306
12:23:56 26.736843 25.368420 26.315790 25.421053 26.972973 26.657894 1.239131 2.586960
12:23:58 26.736843 25.368420 26.315790 25.394737 27.000000 26.684212 1.239131 2.369564
12:24:00 26.736843 25.368420 26.315790 25.394737 27.000000 26.684212 1.239131 2.304351
12:24:01 26.736843 25.368420 26.315790 25.394737 27.000000 26.684212 1.282606 2.282613
12:24:03 26.736843 25.368420 26.315790 25.394737 27.000000 26.684212 1.326092 2.304351
12:24:05 26.736843 25.368420 26.315790 25.394737 27.000000 26.684212 1.369567 2.304351
12:24:07 26.736843 25.368420 26.315790 25.394737 27.000000 26.684212 1.326092 2.347826
12:24:09 26.736843 25.368420 26.315790 25.394737 27.000000 26.684212 1.260869 2.326088
12:24:10 26.736843 25.368420 26.315790 25.394737 27.000000 26.684212 1.260869 2.304351
12:24:12 26.736843 25.368420 26.315790 25.394737 27.000000 26.684212 1.239131 2.326088
12:24:14 26.736843 25.368420 26.315790 25.394737 27.000000 26.684212 1.239131 2.304351
12:24:16 26.736843 25.368420 26.315790 25.394737 27.000000 26.684212 1.239131 2.326088
12:24:18 26.736843 25.368420 26.315790 25.394737 27.000000 26.684212 1.239131 2.347826
12:24:19 26.736843 25.368420 26.315790 25.394737 27.000000 26.684212 1.239131 2.304351
12:24:21 26.736843 25.368420 26.315790 25.394737 27.000000 26.684212 1.239131 2.326088
12:24:23 26.736843 25.368420 26.315790 25.394737 27.000000 26.684212 1.239131 2.304351
12:24:25 26.736843 25.368420 26.315790 25.394737 27.000000 26.684212 1.260869 2.304351
12:24:27 26.736843 25.368420 26.315790 25.421053 27.000000 26.684212 1.239131 2.282613
12:24:28 26.736843 25.368420 26.315790 25.421053 27.081081 26.657894 1.239131 2.347826
12:24:30 26.736843 25.368420 26.315790 25.394737 27.000000 26.684212 1.239131 2.108692
12:24:32 26.736843 25.368420 26.315790 25.394737 27.000000 26.684212 1.260869 2.239128
