11:29:42 26.973684 25.473684 26.473682 25.421053 27.081081 26.736843 1.260869 3.195653
11:29:45 26.973684 25.473684 26.473682 25.421053 27.054054 26.710527 1.326092 3.652173
11:29:47 26.973684 25.473684 26.473682 25.421053 27.054054 26.710527 1.413042 3.456524
11:29:49 26.973684 25.473684 26.473682 25.421053 27.081081 26.710527 1.391304 3.347826
11:29:51 26.973684 25.473684 26.473682 25.421053 27.108109 26.736843 1.304344 2.978256
11:29:53 26.973684 25.473684 26.473682 25.421053 27.108109 26.763157 1.282606 2.891306
11:29:54 26.973684 25.473684 26.473682 25.421053 27.108109 26.763157 1.260869 2.869569
11:29:56 26.973684 25.473684 26.473682 25.421053 27.135136 26.763157 1.239131 2.630435
11:29:58 26.973684 25.473684 26.473682 25.421053 27.135136 26.763157 1.239131 2.630435
11:30:00 26.973684 25.473684 26.473682 25.421053 27.135136 26.789473 1.260869 2.608697
11:30:02 26.973684 25.473684 26.473682 25.421053 27.135136 26.789473 1.239131 2.456524
11:30:03 26.973684 25.473684 26.473682 25.421053 27.135136 26.789473 1.239131 2.456524
11:30:05 26.973684 25.473684 26.473682 25.421053 27.135136 26.789473 1.239131 2.456524
11:30:07 26.973684 25.473684 26.473682 25.421053 27.135136 26.789473 1.239131 2.326088
11:30:09 26.973684 25.473684 26.473682 25.421053 27.135136 26.789473 1.260869 2.282613
11:30:11 26.973684 25.473684 26.473682 25.421053 27.135136 26.789473 1.260869 2.282613
11:30:12 26.973684 25.473684 26.473682 25.421053 27.135136 26.789473 1.260869 2.347826
11:30:14 26.973684 25.473684 26.473682 25.421053 27.135136 26.789473 1.260869 2.369564
11:30:16 26.973684 25.473684 26.473682 25.421053 27.135136 26.763157 1.304344 2.586960
11:30:18 26.973684 25.473684 26.473682 25.421053 27.135136 26.763157 1.326092 2.630435
11:30:20 26.973684 25.473684 26.473682 25.421053 27.108109 26.763157 1.391304 2.804346
11:30:21 26.973684 25.473684 26.473682 25.421053 27.108109 26.763157 1.391304 2.760871
11:30:23 26.973684 25.473684 26.473682 25.421053 27.108109 26.763157 1.282606 2.782608
11:30:25 26.973684 25.473684 26.473682 25.421053 27.108109 26.763157 1.260869 2.739133
11:30:27 26.973684 25.473684 26.473682 25.421053 27.108109 26.763157 1.239131 2.717396
11:30:29 26.973684 25.473684 26.473682 25.421053 27.108109 26.763157 1.239131 2.673910
11:30:30 26.973684 25.473684 26.473682 25.421053 27.108109 26.763157 1.239131 2.717396
11:30:32 26.973684 25.473684 26.473682 25.421053 27.108109 26.763157 1.239131 2.717396
11:30:34 26.973684 25.473684 26.473682 25.421053 27.108109 26.763157 1.239131 2.717396
11:30:36 26.973684 25.473684 26.473682 25.421053 27.108109 26.763157 1.239131 2.630435
11:30:38 26.973684 25.473684 26.473682 25.421053 27.108109 26.763157 1.260869 2.695648
11:30:39 26.973684 25.473684 26.473682 25.421053 27.108109 26.763157 1.260869 2.630435
11:30:41 26.973684 25.473684 26.473682 25.421053 27.108109 26.763157 1.260869 2.652173
