18:49:50 26.078947 26.184210 25.710526 24.789474 27.567568 27.236841 1.108695 0.000004
18:49:51 26.078947 26.184210 25.710526 24.789474 27.567568 27.236841 1.108695 0.000004
18:49:51 26.078947 26.184210 25.710526 24.789474 27.567568 27.236841 1.086958 0.000004
18:49:52 26.078947 26.184210 25.710526 24.789474 27.567568 27.236841 1.086958 0.000004
18:49:52 26.078947 26.184210 25.710526 24.789474 27.567568 27.236841 1.086958 0.000004
18:49:52 26.078947 26.184210 25.710526 24.789474 27.567568 27.236841 1.130433 0.000004
18:50:20 26.078947 26.184210 25.710526 24.789474 27.567568 27.236841 1.086958 0.000004
18:50:20 26.052631 26.184210 25.710526 24.789474 27.567568 27.236841 1.086958 0.000004
18:50:20 26.052631 26.184210 25.710526 24.789474 27.567568 27.236841 1.086958 0.000004
18:50:21 26.052631 26.184210 25.710526 24.789474 27.567568 27.236841 1.086958 0.000004
18:50:21 26.052631 26.184210 25.710526 24.789474 27.567568 27.236841 1.086958 0.000004
