23:40:00 26.342104 26.289474 26.105263 25.605263 26.081081 26.131578 1.282606 -0.043481
23:40:02 26.342104 26.289474 26.105263 25.605263 26.081081 26.131578 1.260869 -0.043481
23:40:03 26.342104 26.289474 26.105263 25.605263 26.081081 26.131578 1.282606 -0.021744
23:40:06 26.342104 26.289474 26.105263 25.605263 26.081081 26.131578 1.304344 -0.043481
23:40:08 26.342104 26.289474 26.105263 25.605263 26.081081 26.131578 1.260869 -0.043481
23:40:09 26.342104 26.289474 26.105263 25.605263 26.081081 26.105263 1.239131 -0.043481
23:40:10 26.342104 26.289474 26.105263 25.605263 26.081081 26.105263 1.260869 -0.043481
23:40:12 26.342104 26.289474 26.105263 25.605263 26.081081 26.131578 1.260869 -0.043481
23:40:13 26.342104 26.289474 26.105263 25.605263 26.081081 26.131578 1.304344 -0.043481
23:40:14 26.342104 26.263159 26.105263 25.605263 26.081081 26.131578 1.304344 -0.043481
23:40:15 26.342104 26.289474 26.105263 25.605263 26.081081 26.131578 1.260869 -0.043481
23:40:17 26.342104 26.289474 26.105263 25.605263 26.081081 26.131578 1.260869 -0.043481
23:40:18 26.342104 26.289474 26.105263 25.605263 26.081081 26.131578 1.282606 -0.043481
23:40:19 26.342104 26.289474 26.105263 25.605263 26.081081 26.131578 1.304344 -0.043481
23:40:20 26.342104 26.289474 26.105263 25.605263 26.081081 26.131578 1.304344 -0.043481
