16:09:02 27.421051 27.289474 26.947367 26.500000 26.216215 26.236843 1.413042 0.086954
16:09:03 27.421051 27.289474 26.947367 26.500000 26.216215 26.236843 1.413042 0.086954
16:09:04 27.421051 27.289474 26.947367 26.500000 26.216215 26.236843 1.413042 0.086954
16:09:04 27.421051 27.289474 26.947367 26.500000 26.216215 26.236843 1.434779 0.086954
16:09:05 27.447369 27.289474 26.947367 26.500000 26.216215 26.236843 1.456517 0.086954
16:09:05 27.447369 27.263159 26.947367 26.500000 26.216215 26.236843 1.456517 0.086954
16:09:06 27.447369 27.263159 26.947367 26.500000 26.216215 26.236843 1.478265 0.086954
16:09:06 27.447369 27.289474 26.947367 26.500000 26.216215 26.236843 1.478265 0.086954
16:09:07 27.447369 27.289474 26.947367 26.500000 26.216215 26.236843 1.456517 0.086954
16:09:07 27.447369 27.289474 26.947367 26.500000 26.216215 26.236843 1.456517 0.086954
16:09:08 27.447369 27.289474 26.947367 26.500000 26.216215 26.236843 1.434779 0.086954
16:09:08 27.447369 27.289474 26.947367 26.500000 26.216215 26.236843 1.434779 0.086954
16:09:09 27.447369 27.289474 26.947367 26.500000 26.216215 26.236843 1.478265 0.086954
16:09:09 27.447369 27.289474 26.947367 26.500000 26.216215 26.236843 1.478265 0.086954
16:09:10 27.447369 27.289474 26.947367 26.500000 26.216215 26.236843 1.456517 0.086954
16:09:11 27.447369 27.289474 26.947367 26.500000 26.216215 26.236843 1.500003 0.086954
16:09:11 27.447369 27.289474 26.947367 26.500000 26.216215 26.236843 1.500003 0.086954
16:09:12 27.447369 27.289474 26.947367 26.500000 26.216215 26.236843 1.456517 0.086954
16:09:12 27.447369 27.289474 26.947367 26.473684 26.216215 26.236843 1.456517 0.086954
16:09:13 27.447369 27.289474 26.947367 26.473684 26.216215 26.236843 1.478265 0.086954
16:09:13 27.447369 27.289474 26.947367 26.473684 26.216215 26.236843 1.478265 0.086954
16:09:14 27.447369 27.289474 26.947367 26.473684 26.216215 26.236843 1.521740 0.086954
16:09:14 27.447369 27.289474 26.947367 26.447371 26.216215 26.236843 1.521740 0.086954
16:09:15 27.447369 27.289474 26.947367 26.447371 26.216215 26.236843 1.521740 0.086954
16:09:15 27.447369 27.289474 26.947367 26.500000 26.216215 26.236843 1.934785 0.086954
16:09:16 27.447369 27.289474 26.947367 26.500000 26.216215 26.236843 1.934785 0.086954
16:09:16 27.447369 27.289474 26.947367 26.500000 26.216215 26.236843 3.304344 0.086954
16:09:17 27.447369 27.289474 26.947367 26.500000 26.216215 26.236843 3.304344 0.086954
16:09:18 27.447369 27.289474 26.947367 26.500000 26.216215 26.236843 1.543478 0.086954
16:09:18 27.447369 27.289474 26.947367 26.500000 26.216215 26.236843 1.543478 0.086954
16:09:19 27.447369 27.289474 26.947367 26.500000 26.216215 26.236843 1.500003 0.086954
16:09:19 27.447369 27.289474 26.947367 26.500000 26.216215 26.236843 1.478265 0.086954
16:09:20 27.447369 27.289474 26.947367 26.500000 26.216215 26.236843 1.478265 0.086954
16:09:20 27.447369 27.289474 26.947367 26.500000 26.216215 26.236843 1.478265 0.086954
16:09:21 27.447369 27.289474 26.947367 26.500000 26.216215 26.236843 1.478265 0.086954
16:09:22 27.447369 27.289474 26.947367 26.500000 26.216215 26.236843 1.456517 0.086954
16:09:22 27.447369 27.289474 26.947367 26.500000 26.216215 26.236843 1.413042 0.086954
16:09:23 27.447369 27.289474 26.947367 26.500000 26.216215 26.236843 1.413042 0.086954
16:09:23 27.447369 27.289474 26.947367 26.500000 26.216215 26.236843 1.413042 0.086954
16:09:24 27.447369 27.289474 26.947367 26.500000 26.216215 26.236843 1.413042 0.086954
16:09:24 27.447369 27.289474 26.947367 26.500000 26.216215 26.236843 1.391304 0.086954
16:09:25 27.447369 27.289474 26.947367 26.500000 26.216215 26.236843 1.391304 0.086954
16:09:25 27.447369 27.289474 26.947367 26.500000 26.216215 26.236843 1.391304 0.086954
16:09:26 27.447369 27.289474 26.947367 26.500000 26.216215 26.236843 1.391304 0.086954
16:09:27 27.447369 27.289474 26.947367 26.500000 26.216215 26.236843 1.434779 0.086954
16:09:27 27.447369 27.289474 26.947367 26.500000 26.216215 26.236843 1.456517 0.086954
16:09:28 27.447369 27.289474 26.947367 26.500000 26.216215 26.236843 1.456517 0.086954
16:09:28 27.447369 27.289474 26.947367 26.500000 26.216215 26.236843 1.413042 0.086954
16:09:29 27.447369 27.289474 26.947367 26.500000 26.216215 26.236843 1.413042 0.086954
16:09:30 27.447369 27.289474 26.947367 26.500000 26.216215 26.236843 1.413042 0.086954
16:09:30 27.447369 27.289474 26.947367 26.500000 26.216215 26.236843 1.413042 0.086954
16:09:31 27.447369 27.289474 26.947367 26.500000 26.216215 26.236843 1.413042 0.086954
16:09:31 27.447369 27.289474 26.947367 26.500000 26.216215 26.236843 1.413042 0.086954
16:09:32 27.447369 27.289474 26.947367 26.500000 26.216215 26.236843 1.413042 0.086954
16:09:32 27.421051 27.289474 26.947367 26.500000 26.216215 26.236843 1.413042 0.086954
16:09:33 27.421051 27.289474 26.947367 26.500000 26.216215 26.236843 1.391304 0.086954
16:09:34 27.421051 27.289474 26.947367 26.500000 26.216215 26.236843 1.391304 0.086954
16:09:34 27.421051 27.289474 26.947367 26.500000 26.216215 26.236843 1.434779 0.086954
16:09:35 27.421051 27.289474 26.947367 26.500000 26.216215 26.236843 1.478265 0.086954
16:09:35 27.421051 27.289474 26.947367 26.500000 26.216215 26.236843 1.478265 0.086954
16:09:36 27.421051 27.289474 26.947367 26.500000 26.216215 26.236843 1.456517 0.086954
16:09:36 27.421051 27.289474 26.947367 26.500000 26.216215 26.236843 1.456517 0.086954
16:09:37 27.421051 27.289474 26.947367 26.500000 26.216215 26.236843 1.434779 0.086954
16:09:37 27.447369 27.289474 26.947367 26.500000 26.216215 26.236843 1.434779 0.086954
16:09:38 27.447369 27.289474 26.947367 26.500000 26.216215 26.236843 1.434779 0.086954
16:09:39 27.447369 27.289474 26.947367 26.500000 26.216215 26.236843 1.434779 0.086954
16:09:39 27.447369 27.289474 26.947367 26.500000 26.216215 26.236843 1.434779 0.086954
16:09:40 27.447369 27.289474 26.947367 26.500000 26.216215 26.236843 1.413042 0.086954
16:09:40 27.447369 27.289474 26.947367 26.500000 26.216215 26.236843 1.413042 0.086954
16:09:41 27.447369 27.289474 26.947367 26.500000 26.216215 26.236843 1.456517 0.086954
16:09:41 27.447369 27.289474 26.947367 26.500000 26.216215 26.236843 1.456517 0.086954
16:09:42 27.447369 27.289474 26.947367 26.500000 26.216215 26.236843 1.434779 0.086954
16:09:42 27.447369 27.289474 26.947367 26.500000 26.216215 26.236843 1.434779 0.086954
16:09:43 27.447369 27.289474 26.947367 26.500000 26.216215 26.236843 1.434779 0.086954
16:09:43 27.447369 27.289474 26.947367 26.473684 26.216215 26.236843 1.434779 0.086954
16:09:44 27.447369 27.289474 26.947367 26.473684 26.216215 26.236843 1.434779 0.086954
16:09:44 27.447369 27.289474 26.947367 26.447371 26.216215 26.236843 1.434779 0.086954
16:09:45 27.447369 27.289474 26.947367 26.447371 26.216215 26.236843 1.456517 0.086954
16:09:45 27.447369 27.289474 26.947367 26.421053 26.216215 26.236843 1.521740 0.086954
16:09:46 27.447369 27.289474 26.947367 26.421053 26.216215 26.236843 1.521740 0.086954
16:09:46 27.447369 27.289474 26.947367 26.447371 26.216215 26.236843 1.630438 0.086954
16:09:47 27.447369 27.289474 26.947367 26.447371 26.216215 26.236843 1.630438 0.086954
16:09:48 27.447369 27.289474 26.947367 26.500000 26.216215 26.236843 1.521740 0.086954
16:09:48 27.447369 27.289474 26.947367 26.500000 26.216215 26.236843 1.521740 0.086954
16:09:49 27.447369 27.289474 26.947367 26.500000 26.216215 26.236843 1.521740 0.086954
16:09:49 27.421051 27.289474 26.947367 26.500000 26.216215 26.236843 1.521740 0.086954
16:09:50 27.421051 27.289474 26.947367 26.500000 26.216215 26.236843 1.521740 0.086954
16:09:50 27.421051 27.289474 26.947367 26.500000 26.216215 26.236843 1.500003 0.086954
16:09:51 27.447369 27.289474 26.947367 26.500000 26.216215 26.236843 1.500003 0.086954
16:09:51 27.447369 27.289474 26.947367 26.500000 26.216215 26.236843 1.456517 0.086954
16:09:52 27.447369 27.289474 26.947367 26.500000 26.216215 26.236843 1.456517 0.086954
16:09:52 27.447369 27.289474 26.947367 26.500000 26.216215 26.236843 1.478265 0.086954
16:09:53 27.421051 27.289474 26.947367 26.500000 26.216215 26.236843 1.478265 0.086954
16:09:53 27.421051 27.289474 26.947367 26.500000 26.216215 26.236843 1.434779 0.086954
16:09:54 27.447369 27.289474 26.947367 26.500000 26.216215 26.236843 1.434779 0.086954
16:09:54 27.447369 27.289474 26.947367 26.500000 26.216215 26.236843 1.413042 0.086954
16:09:55 27.447369 27.289474 26.947367 26.500000 26.216215 26.236843 1.413042 0.086954
16:09:55 27.447369 27.289474 26.947367 26.500000 26.216215 26.236843 1.391304 0.086954
16:09:56 27.421051 27.289474 26.947367 26.500000 26.216215 26.236843 1.391304 0.086954
16:09:57 27.421051 27.289474 26.947367 26.500000 26.216215 26.236843 1.413042 0.086954
16:09:57 27.421051 27.289474 26.947367 26.500000 26.216215 26.236843 1.456517 0.086954
16:09:58 27.421051 27.289474 26.947367 26.500000 26.216215 26.236843 1.456517 0.086954
16:09:58 27.421051 27.289474 26.947367 26.500000 26.216215 26.236843 1.391304 0.086954
16:09:59 27.447369 27.289474 26.947367 26.500000 26.216215 26.236843 1.391304 0.086954
16:09:59 27.447369 27.289474 26.947367 26.500000 26.216215 26.236843 1.413042 0.086954
16:10:00 27.447369 27.289474 26.947367 26.500000 26.216215 26.236843 1.413042 0.086954
16:10:00 27.447369 27.289474 26.947367 26.500000 26.216215 26.236843 1.413042 0.086954
16:10:01 27.447369 27.289474 26.947367 26.473684 26.216215 26.236843 1.391304 0.086954
16:10:01 27.447369 27.289474 26.947367 26.473684 26.216215 26.236843 1.391304 0.086954
16:10:02 27.447369 27.289474 26.947367 26.473684 26.216215 26.236843 1.434779 0.086954
16:10:02 27.421051 27.289474 26.947367 26.473684 26.216215 26.236843 1.434779 0.108692
16:10:03 27.421051 27.289474 26.947367 26.500000 26.216215 26.236843 1.413042 0.108692
16:10:03 27.421051 27.289474 26.947367 26.500000 26.216215 26.236843 1.413042 0.086954
16:10:04 27.421051 27.289474 26.947367 26.500000 26.216215 26.236843 1.413042 0.086954
16:10:04 27.421051 27.289474 26.947367 26.500000 26.216215 26.236843 1.413042 0.086954
16:10:05 27.421051 27.289474 26.947367 26.500000 26.216215 26.236843 1.434779 0.086954
16:10:06 27.421051 27.289474 26.947367 26.500000 26.216215 26.236843 1.434779 0.086954
16:10:06 27.421051 27.289474 26.947367 26.500000 26.216215 26.236843 1.456517 0.086954
16:10:07 27.421051 27.289474 26.947367 26.500000 26.216215 26.236843 1.456517 0.086954
16:10:07 27.447369 27.289474 26.947367 26.500000 26.216215 26.236843 1.456517 0.086954
16:10:08 27.447369 27.289474 26.947367 26.500000 26.216215 26.236843 1.391304 0.086954
16:10:08 27.447369 27.289474 26.947367 26.500000 26.216215 26.236843 1.391304 0.086954
16:10:09 27.447369 27.289474 26.947367 26.500000 26.216215 26.236843 1.391304 0.086954
16:10:09 27.447369 27.289474 26.947367 26.500000 26.216215 26.236843 1.391304 0.086954
16:10:10 27.447369 27.289474 26.947367 26.500000 26.216215 26.236843 1.434779 0.086954
16:10:10 27.421051 27.289474 26.947367 26.500000 26.216215 26.236843 1.434779 0.086954
16:10:11 27.421051 27.289474 26.947367 26.500000 26.216215 26.236843 1.413042 0.086954
16:10:11 27.447369 27.289474 26.947367 26.500000 26.216215 26.236843 1.413042 0.086954
16:10:12 27.447369 27.289474 26.947367 26.500000 26.216215 26.236843 1.413042 0.086954
16:10:13 27.421051 27.289474 26.947367 26.500000 26.216215 26.236843 1.434779 0.086954
16:10:13 27.447369 27.289474 26.947367 26.500000 26.216215 26.236843 1.434779 0.086954
16:10:14 27.447369 27.289474 26.947367 26.500000 26.216215 26.236843 1.434779 0.086954
16:10:14 27.421051 27.289474 26.947367 26.473684 26.216215 26.236843 1.434779 0.086954
16:10:15 27.421051 27.289474 26.947367 26.473684 26.216215 26.236843 1.413042 0.086954
16:10:15 27.421051 27.289474 26.947367 26.447371 26.216215 26.236843 1.413042 0.086954
16:10:16 27.447369 27.289474 26.947367 26.447371 26.216215 26.236843 1.500003 0.086954
16:10:16 27.447369 27.289474 26.947367 26.421053 26.216215 26.236843 1.500003 0.086954
16:10:17 27.421051 27.289474 26.947367 26.421053 26.216215 26.236843 1.500003 0.086954
16:10:17 27.421051 27.289474 26.947367 26.473684 26.216215 26.236843 1.478265 0.086954
16:10:18 27.447369 27.289474 26.947367 26.473684 26.216215 26.236843 1.478265 0.086954
16:10:18 27.447369 27.289474 26.947367 26.473684 26.216215 26.236843 1.500003 0.086954
16:10:19 27.447369 27.289474 26.947367 26.473684 26.216215 26.236843 1.500003 0.086954
16:10:19 27.447369 27.289474 26.947367 26.473684 26.216215 26.236843 1.521740 0.086954
16:10:20 27.421051 27.289474 26.947367 26.473684 26.216215 26.236843 1.521740 0.086954
16:10:20 27.421051 27.289474 26.947367 26.500000 26.216215 26.236843 1.543478 0.086954
16:10:21 27.447369 27.289474 26.947367 26.500000 26.216215 26.236843 1.543478 0.086954
16:10:21 27.447369 27.289474 26.947367 26.473684 26.216215 26.236843 1.543478 0.086954
16:10:22 27.447369 27.289474 26.947367 26.473684 26.216215 26.236843 1.543478 0.086954
16:10:22 27.447369 27.289474 26.947367 26.500000 26.216215 26.236843 1.652176 0.086954
16:10:23 27.447369 27.289474 26.947367 26.500000 26.216215 26.236843 1.652176 0.086954
16:10:23 27.447369 27.289474 26.947367 26.473684 26.216215 26.236843 1.456517 0.086954
16:10:24 27.447369 27.289474 26.947367 26.473684 26.216215 26.236843 1.456517 0.086954
16:10:24 27.447369 27.289474 26.947367 26.473684 26.216215 26.236843 1.456517 0.086954
16:10:25 27.447369 27.289474 26.947367 26.473684 26.216215 26.236843 1.456517 0.086954
16:10:25 27.447369 27.289474 26.947367 26.473684 26.216215 26.236843 1.413042 0.086954
16:10:26 27.447369 27.289474 26.947367 26.473684 26.216215 26.236843 1.413042 0.086954
16:10:26 27.447369 27.289474 26.947367 26.500000 26.216215 26.236843 1.456517 0.086954
16:10:27 27.447369 27.289474 26.947367 26.500000 26.216215 26.236843 1.456517 0.086954
16:10:27 27.447369 27.289474 26.947367 26.500000 26.216215 26.236843 1.413042 0.086954
16:10:28 27.447369 27.289474 26.947367 26.473684 26.216215 26.236843 1.413042 0.086954
16:10:28 27.447369 27.289474 26.947367 26.473684 26.216215 26.236843 1.434779 0.086954
16:10:29 27.447369 27.289474 26.947367 26.473684 26.216215 26.236843 1.434779 0.108692
16:10:29 27.447369 27.289474 26.947367 26.473684 26.216215 26.236843 1.391304 0.086954
16:10:30 27.447369 27.289474 26.947367 26.473684 26.216215 26.236843 1.391304 0.086954
16:10:31 27.447369 27.289474 26.947367 26.473684 26.216215 26.236843 1.391304 0.086954
16:10:31 27.447369 27.289474 26.947367 26.473684 26.216215 26.236843 1.434779 0.086954
16:10:32 27.421051 27.289474 26.947367 26.473684 26.216215 26.236843 1.434779 0.086954
16:10:32 27.421051 27.289474 26.947367 26.473684 26.216215 26.236843 1.413042 0.086954
16:10:33 27.447369 27.289474 26.947367 26.500000 26.216215 26.236843 1.413042 0.108692
16:10:33 27.447369 27.289474 26.947367 26.500000 26.216215 26.236843 1.413042 0.108692
16:10:34 27.447369 27.289474 26.947367 26.473684 26.216215 26.236843 1.456517 0.108692
16:10:34 27.421051 27.289474 26.947367 26.473684 26.216215 26.236843 1.456517 0.108692
16:10:35 27.421051 27.289474 26.947367 26.473684 26.216215 26.236843 1.434779 0.108692
16:10:35 27.421051 27.289474 26.947367 26.473684 26.216215 26.236843 1.434779 0.086954
16:10:36 27.421051 27.289474 26.947367 26.473684 26.216215 26.236843 1.478265 0.086954
16:10:36 27.394737 27.289474 26.947367 26.473684 26.216215 26.236843 1.478265 0.086954
16:10:37 27.394737 27.289474 26.947367 26.500000 26.216215 26.236843 1.456517 0.086954
16:10:37 27.421051 27.289474 26.947367 26.500000 26.216215 26.236843 1.456517 0.086954
16:10:38 27.421051 27.289474 26.947367 26.473684 26.216215 26.236843 1.413042 0.086954
16:10:38 27.421051 27.289474 26.947367 26.473684 26.216215 26.236843 1.413042 0.086954
16:10:39 27.421051 27.289474 26.947367 26.473684 26.216215 26.236843 1.413042 0.086954
16:10:39 27.421051 27.289474 26.947367 26.473684 26.216215 26.236843 1.413042 0.086954
16:10:40 27.421051 27.289474 26.947367 26.473684 26.216215 26.236843 1.391304 0.086954
16:10:40 27.447369 27.289474 26.947367 26.473684 26.216215 26.236843 1.391304 0.086954
16:10:41 27.447369 27.289474 26.947367 26.473684 26.216215 26.236843 1.413042 0.086954
16:10:41 27.421051 27.289474 26.947367 26.473684 26.216215 26.236843 1.413042 0.086954
16:10:42 27.421051 27.289474 26.947367 26.473684 26.216215 26.236843 1.434779 0.086954
16:10:42 27.421051 27.289474 26.947367 26.473684 26.216215 26.236843 1.434779 0.086954
16:10:43 27.421051 27.289474 26.947367 26.473684 26.216215 26.236843 1.434779 0.086954
16:10:43 27.421051 27.289474 26.947367 26.473684 26.216215 26.236843 1.434779 0.086954
16:10:44 27.421051 27.289474 26.947367 26.473684 26.216215 26.236843 1.434779 0.086954
16:10:44 27.421051 27.289474 26.921053 26.473684 26.216215 26.236843 1.434779 0.086954
16:10:45 27.421051 27.289474 26.921053 26.473684 26.216215 26.236843 1.413042 0.086954
16:10:45 27.421051 27.289474 26.921053 26.473684 26.216215 26.236843 1.413042 0.086954
16:10:46 27.421051 27.289474 26.921053 26.473684 26.216215 26.236843 1.456517 0.108692
16:10:47 27.421051 27.289474 26.947367 26.473684 26.216215 26.236843 1.478265 0.108692
16:10:47 27.421051 27.289474 26.947367 26.473684 26.216215 26.236843 1.478265 0.086954
16:10:48 27.421051 27.289474 26.947367 26.473684 26.216215 26.236843 1.478265 0.086954
16:10:48 27.421051 27.289474 26.947367 26.473684 26.216215 26.236843 1.478265 0.086954
16:10:49 27.421051 27.289474 26.947367 26.473684 26.216215 26.236843 1.500003 0.086954
16:10:49 27.421051 27.289474 26.947367 26.473684 26.216215 26.236843 1.478265 0.086954
16:10:50 27.421051 27.289474 26.947367 26.473684 26.216215 26.236843 1.478265 0.086954
16:10:50 27.421051 27.289474 26.947367 26.473684 26.216215 26.236843 1.521740 0.086954
16:10:51 27.421051 27.289474 26.947367 26.473684 26.216215 26.236843 1.521740 0.086954
16:10:51 27.421051 27.289474 26.947367 26.473684 26.216215 26.236843 1.565215 0.086954
16:10:52 27.421051 27.289474 26.947367 26.473684 26.216215 26.236843 1.565215 0.086954
16:10:52 27.421051 27.289474 26.947367 26.473684 26.216215 26.236843 1.826087 0.086954
16:10:53 27.421051 27.289474 26.947367 26.473684 26.216215 26.236843 1.826087 0.086954
16:10:53 27.421051 27.289474 26.947367 26.473684 26.216215 26.236843 2.043483 0.086954
16:10:54 27.421051 27.289474 26.947367 26.473684 26.216215 26.236843 2.043483 0.086954
16:10:54 27.421051 27.289474 26.947367 26.473684 26.216215 26.236843 1.543478 0.086954
16:10:55 27.421051 27.289474 26.947367 26.473684 26.216215 26.236843 1.543478 0.086954
16:10:55 27.421051 27.289474 26.947367 26.473684 26.216215 26.236843 1.478265 0.086954
16:10:56 27.421051 27.289474 26.947367 26.473684 26.216215 26.236843 1.478265 0.086954
16:10:56 27.421051 27.289474 26.947367 26.473684 26.216215 26.236843 1.456517 0.086954
16:10:57 27.421051 27.289474 26.947367 26.473684 26.216215 26.236843 1.456517 0.086954
16:10:57 27.421051 27.289474 26.947367 26.473684 26.216215 26.236843 1.456517 0.086954
16:10:58 27.421051 27.289474 26.947367 26.473684 26.216215 26.236843 1.456517 0.086954
16:10:58 27.421051 27.289474 26.947367 26.473684 26.216215 26.236843 1.413042 0.086954
16:10:59 27.421051 27.289474 26.947367 26.473684 26.216215 26.236843 1.413042 0.086954
16:10:59 27.421051 27.289474 26.947367 26.473684 26.216215 26.236843 1.413042 0.086954
16:11:00 27.421051 27.289474 26.947367 26.473684 26.216215 26.236843 1.413042 0.086954
16:11:00 27.421051 27.289474 26.947367 26.473684 26.216215 26.236843 1.413042 0.086954
16:11:01 27.421051 27.289474 26.947367 26.473684 26.216215 26.236843 1.413042 0.086954
16:11:01 27.421051 27.289474 26.947367 26.473684 26.216215 26.236843 1.434779 0.086954
