10:26:08 27.631578 27.526316 27.368422 27.078947 26.135136 26.052631 1.652176 0.195653
10:26:49 27.631578 27.526316 27.368422 27.052633 26.108109 26.026316 1.782611 0.456524
10:26:50 27.631578 27.526316 27.368422 27.078947 26.081081 26.000000 2.304344 0.739133
10:26:54 27.605265 27.526316 27.342104 27.078947 26.081081 26.000000 1.673913 0.717395
10:26:56 27.631578 27.526316 27.342104 27.078947 26.081081 26.000000 1.630438 0.739133
10:26:58 27.631578 27.526316 27.342104 27.078947 26.081081 26.000000 1.608701 0.739133
10:27:00 27.605265 27.526316 27.368422 27.078947 26.081081 26.026316 1.630438 0.760870
10:27:03 27.631578 27.526316 27.342104 27.078947 26.081081 26.000000 1.630438 0.760870
10:27:05 27.605265 27.526316 27.342104 27.078947 26.081081 26.000000 1.760874 0.760870
10:27:07 27.605265 27.526316 27.342104 27.078947 26.081081 26.000000 1.978260 0.739133
10:27:09 27.605265 27.526316 27.342104 27.052633 26.081081 26.000000 1.999997 0.717395
10:27:12 27.605265 27.526316 27.342104 27.078947 26.081081 26.000000 1.978260 0.717395
10:27:14 27.605265 27.526316 27.342104 27.078947 26.081081 26.000000 1.956522 0.717395
10:27:16 27.605265 27.526316 27.342104 27.078947 26.081081 26.000000 1.978260 0.717395
10:27:18 27.605265 27.526316 27.342104 27.078947 26.081081 26.000000 1.652176 0.717395
10:27:20 27.631578 27.526316 27.342104 27.026316 26.081081 26.000000 1.760874 0.739133
10:27:23 27.605265 27.526316 27.368422 27.078947 26.081081 26.000000 1.695651 0.717395
10:27:25 27.605265 27.526316 27.368422 27.078947 26.081081 26.000000 1.782611 0.717395
10:27:27 27.605265 27.526316 27.368422 27.078947 26.081081 26.000000 1.652176 0.739133
10:27:29 27.605265 27.526316 27.342104 27.078947 26.081081 26.000000 1.630438 0.739133
10:27:32 27.605265 27.499998 27.342104 27.052633 26.081081 26.000000 1.956522 0.760870
10:27:34 27.605265 27.526316 27.342104 27.052633 26.081081 26.000000 1.956522 0.760870
10:27:36 27.605265 27.526316 27.342104 27.052633 26.081081 26.000000 1.956522 0.760870
10:27:38 27.605265 27.526316 27.342104 27.078947 26.081081 26.000000 1.956522 0.739133
10:27:40 27.605265 27.526316 27.342104 27.052633 26.081081 26.000000 1.956522 0.739133
