15:15:23 27.842106 25.868422 27.421051 25.947369 27.216215 26.842106 1.326092 3.326088
15:15:24 27.842106 25.868422 27.421051 25.947369 27.189190 26.842106 1.326092 3.326088
15:15:25 27.842106 25.868422 27.421051 25.947369 27.216215 26.842106 1.282606 3.043480
15:15:25 27.842106 25.868422 27.421051 25.947369 27.216215 26.842106 1.282606 3.217390
15:15:26 27.842106 25.868422 27.421051 25.947369 27.216215 26.868422 1.217394 3.173915
15:15:27 27.842106 25.868422 27.421051 25.947369 27.243244 26.868422 1.173908 3.000005
15:15:28 27.842106 25.868422 27.421051 25.947369 27.243244 26.868422 1.152171 2.978256
15:15:29 27.842106 25.868422 27.421051 25.947369 27.243244 26.894737 1.152171 2.978256
15:15:29 27.842106 25.868422 27.421051 25.947369 27.243244 26.894737 1.152171 2.739133
15:15:30 27.842106 25.868422 27.421051 25.947369 27.243244 26.894737 1.152171 2.804346
15:15:31 27.842106 25.868422 27.421051 25.947369 27.270269 26.894737 1.130433 2.586960
15:15:32 27.842106 25.868422 27.421051 25.947369 27.243244 26.894737 1.130433 2.434787
15:15:33 27.842106 25.868422 27.421051 25.947369 27.270269 26.921051 1.130433 2.434787
15:15:33 27.842106 25.868422 27.421051 25.947369 27.270269 26.921051 1.130433 2.434787
15:15:34 27.842106 25.868422 27.421051 25.947369 27.270269 26.921051 1.130433 2.456524
15:15:35 27.842106 25.868422 27.421051 25.947369 27.270269 26.921051 1.130433 2.434787
15:15:36 27.842106 25.868422 27.421051 25.947369 27.270269 26.921051 1.130433 2.282613
15:15:37 27.842106 25.868422 27.421051 25.947369 27.270269 26.921051 1.152171 2.304351
15:15:37 27.842106 25.868422 27.421051 25.947369 27.270269 26.921051 1.130433 2.304351
15:15:38 27.842106 25.868422 27.421051 25.947369 27.297297 26.921051 1.130433 2.239128
15:15:39 27.842106 25.868422 27.421051 25.947369 27.297297 26.921051 1.130433 2.195653
15:15:40 27.842106 25.868422 27.421051 25.947369 27.297297 26.921051 1.130433 2.173915
15:15:41 27.842106 25.868422 27.421051 25.947369 27.297297 26.921051 1.130433 2.195653
15:15:41 27.842106 25.868422 27.421051 25.947369 27.297297 26.921051 1.152171 2.173915
15:15:42 27.842106 25.868422 27.421051 25.947369 27.270269 26.921051 1.130433 2.173915
15:15:43 27.842106 25.868422 27.421051 25.947369 27.297297 26.921051 1.152171 2.130430
15:15:44 27.842106 25.868422 27.421051 25.947369 27.297297 26.921051 1.152171 2.152178
15:15:45 27.842106 25.868422 27.421051 25.947369 27.297297 26.947369 1.152171 2.086955
15:15:45 27.842106 25.868422 27.421051 25.947369 27.297297 26.947369 1.152171 2.021742
15:15:46 27.842106 25.868422 27.421051 25.947369 27.297297 26.947369 1.130433 2.108692
15:15:47 27.842106 25.868422 27.421051 25.947369 27.297297 26.921051 1.152171 2.108692
15:15:48 27.842106 25.868422 27.421051 25.947369 27.297297 26.921051 1.152171 2.108692
15:15:49 27.842106 25.868422 27.421051 25.947369 27.297297 26.947369 1.152171 2.086955
15:15:49 27.842106 25.868422 27.421051 25.947369 27.297297 26.947369 1.173908 2.108692
15:15:50 27.842106 25.868422 27.421051 25.947369 27.297297 26.947369 1.152171 2.108692
15:15:51 27.842106 25.868422 27.421051 25.947369 27.297297 26.947369 1.173908 2.152178
15:15:52 27.842106 25.868422 27.421051 25.947369 27.297297 26.947369 1.173908 2.152178
15:15:53 27.842106 25.868422 27.421051 25.947369 27.297297 26.921051 1.217394 2.130430
15:15:53 27.842106 25.868422 27.421051 25.947369 27.297297 26.921051 1.217394 2.130430
15:15:54 27.842106 25.868422 27.421051 25.947369 27.297297 26.947369 1.239131 2.065217
15:15:55 27.842106 25.868422 27.421051 25.947369 27.297297 26.947369 1.260869 2.021742
15:15:56 27.842106 25.868422 27.421051 25.947369 27.297297 26.947369 1.239131 2.021742
15:15:57 27.842106 25.868422 27.421051 25.947369 27.297297 26.947369 1.195656 2.021742
15:15:57 27.842106 25.868422 27.421051 25.947369 27.297297 26.947369 1.195656 2.043479
15:15:58 27.842106 25.868422 27.421051 25.947369 27.297297 26.947369 1.173908 2.043479
15:15:59 27.842106 25.868422 27.421051 25.947369 27.297297 26.947369 1.152171 2.021742
15:16:00 27.842106 25.868422 27.421051 25.947369 27.297297 26.947369 1.152171 2.043479
15:16:01 27.842106 25.868422 27.421051 25.947369 27.297297 26.947369 1.152171 2.043479
15:16:01 27.842106 25.868422 27.421051 25.947369 27.297297 26.947369 1.152171 2.065217
15:16:02 27.842106 25.868422 27.421051 25.947369 27.297297 26.947369 1.152171 2.065217
15:16:03 27.842106 25.868422 27.421051 25.947369 27.297297 26.947369 1.130433 2.086955
15:16:04 27.842106 25.868422 27.421051 25.947369 27.297297 26.947369 1.130433 2.065217
15:16:05 27.842106 25.868422 27.421051 25.947369 27.297297 26.921051 1.130433 2.086955
15:16:05 27.842106 25.868422 27.421051 25.947369 27.297297 26.921051 1.130433 2.086955
15:16:06 27.842106 25.868422 27.421051 25.947369 27.297297 26.947369 1.152171 2.000004
15:16:07 27.842106 25.868422 27.421051 25.947369 27.297297 26.921051 1.152171 2.130430
15:16:08 27.842106 25.868422 27.421051 25.947369 27.297297 26.921051 1.130433 2.108692
15:16:09 27.842106 25.868422 27.421051 25.947369 27.270269 26.921051 1.152171 2.130430
15:16:09 27.842106 25.868422 27.421051 25.947369 27.270269 26.921051 1.130433 2.130430
15:16:10 27.842106 25.868422 27.421051 25.947369 27.297297 26.921051 1.130433 2.108692
15:16:11 27.842106 25.868422 27.421051 25.947369 27.297297 26.921051 1.130433 2.130430
15:16:12 27.842106 25.868422 27.421051 25.947369 27.270269 26.921051 1.130433 2.108692
15:16:13 27.842106 25.868422 27.421051 25.947369 27.297297 26.921051 1.130433 2.086955
15:16:13 27.842106 25.868422 27.421051 25.947369 27.297297 26.921051 1.130433 2.130430
15:16:14 27.842106 25.868422 27.421051 25.947369 27.270269 26.921051 1.152171 2.130430
15:16:15 27.842106 25.868422 27.421051 25.947369 27.297297 26.921051 1.152171 2.108692
15:16:16 27.842106 25.868422 27.421051 25.947369 27.297297 26.947369 1.152171 2.043479
15:16:17 27.842106 25.868422 27.421051 25.947369 27.297297 26.921051 1.152171 2.043479
15:16:17 27.842106 25.868422 27.421051 25.947369 27.297297 26.921051 1.152171 2.086955
15:16:18 27.842106 25.868422 27.421051 25.947369 27.297297 26.921051 1.130433 2.043479
15:16:19 27.842106 25.868422 27.421051 25.947369 27.297297 26.921051 1.152171 2.043479
15:16:20 27.842106 25.868422 27.421051 25.947369 27.297297 26.921051 1.152171 2.195653
15:16:21 27.842106 25.868422 27.421051 25.947369 27.270269 26.921051 1.152171 2.195653
15:16:21 27.842106 25.868422 27.421051 25.947369 27.270269 26.921051 1.173908 2.173915
15:16:22 27.842106 25.868422 27.421051 25.947369 27.270269 26.921051 1.173908 2.152178
15:16:23 27.842106 25.868422 27.421051 25.947369 27.270269 26.921051 1.173908 2.130430
15:16:24 27.842106 25.868422 27.421051 25.947369 27.270269 26.947369 1.195656 1.934781
15:16:25 27.736843 25.763159 27.421051 25.947369 27.270269 26.921051 7.239131 2.173915
15:16:26 27.736843 25.763159 27.342104 25.657896 27.270269 26.921051 7.239131 2.239128
15:16:27 27.736843 25.763159 27.315790 25.657896 27.270269 26.894737 7.152171 2.239128
15:16:28 27.736843 25.763159 27.315790 25.657896 27.270269 26.894737 7.086958 2.260865
15:16:28 27.763157 25.763159 27.342104 25.710526 27.270269 26.921051 7.086958 2.239128
15:16:29 27.789474 25.815790 27.368422 25.710526 27.270269 26.921051 5.978260 2.260865
15:16:30 27.815788 25.815790 27.368422 25.789474 27.270269 26.921051 2.521740 2.239128
15:16:31 27.815788 25.842104 27.315790 25.657896 27.270269 26.921051 7.217394 2.260865
15:16:32 27.684210 25.684210 27.263159 25.447369 27.270269 26.894737 11.586953 2.260865
15:16:32 27.815788 25.842104 27.394737 25.894737 27.270269 26.894737 1.999997 2.304351
15:16:33 27.789474 25.815790 27.394737 25.842106 27.270269 26.921051 1.999997 2.260865
15:16:34 27.815788 25.842104 27.394737 25.842106 27.270269 26.921051 1.934785 2.282613
15:16:35 27.815788 25.842104 27.394737 25.894737 27.270269 26.894737 1.695651 2.391301
15:16:36 27.815788 25.842104 27.394737 25.894737 27.270269 26.894737 2.173908 2.391301
15:16:36 27.815788 25.842104 27.394737 25.894737 27.270269 26.894737 2.282606 2.391301
15:16:37 27.815788 25.842104 27.394737 25.894737 27.270269 26.894737 2.326092 2.413039
15:16:38 27.815788 25.842104 27.394737 25.894737 27.270269 26.921051 2.326092 2.413039
15:16:39 27.815788 25.842104 27.394737 25.894737 27.270269 26.921051 1.956522 2.347826
15:16:40 27.815788 25.842104 27.394737 25.894737 27.270269 26.921051 1.826087 2.282613
15:16:40 27.815788 25.842104 27.394737 25.894737 27.270269 26.921051 1.913047 2.282613
15:16:41 27.815788 25.842104 27.394737 25.894737 27.270269 26.921051 2.086958 2.347826
15:16:42 27.815788 25.842104 27.394737 25.894737 27.270269 26.894737 2.086958 2.434787
15:16:43 27.815788 25.842104 27.394737 25.894737 27.243244 26.894737 2.347829 2.499999
15:16:44 27.815788 25.842104 27.394737 25.868420 27.270269 26.894737 1.717388 2.499999
15:16:44 27.815788 25.842104 27.368422 25.894737 27.243244 26.894737 2.108696 2.565222
15:16:45 27.815788 25.842104 27.394737 25.921051 27.243244 26.894737 1.891299 2.565222
15:16:46 27.815788 25.842104 27.394737 25.894737 27.243244 26.894737 1.978260 2.586960
15:16:47 27.815788 25.842104 27.394737 25.894737 27.243244 26.894737 1.978260 2.565222
15:16:48 27.815788 25.842104 27.394737 25.894737 27.243244 26.894737 2.456517 2.543474
15:16:48 27.815788 25.842104 27.394737 25.842106 27.243244 26.894737 1.891299 2.543474
15:16:49 27.815788 25.842104 27.394737 25.921051 27.243244 26.894737 1.804349 2.652173
15:16:50 27.815788 25.842104 27.394737 25.921051 27.243244 26.894737 1.652176 2.652173
15:16:51 27.815788 25.842104 27.394737 25.921051 27.243244 26.894737 1.717388 2.543474
15:16:52 27.815788 25.842104 27.394737 25.894737 27.243244 26.894737 1.717388 2.586960
15:16:52 27.815788 25.842104 27.394737 25.894737 27.243244 26.894737 2.217394 2.630435
15:16:53 27.815788 25.842104 27.394737 25.921051 27.243244 26.894737 1.673913 2.434787
15:16:54 27.815788 25.842104 27.394737 25.921051 27.243244 26.894737 1.739126 2.456524
15:16:55 27.815788 25.842104 27.394737 25.894737 27.243244 26.894737 2.282606 2.456524
15:16:56 27.815788 25.842104 27.394737 25.921051 27.243244 26.894737 1.760874 2.478262
15:16:56 27.815788 25.842104 27.394737 25.921051 27.243244 26.894737 1.760874 2.434787
15:16:57 27.815788 25.842104 27.394737 25.921051 27.243244 26.894737 1.999997 2.478262
15:16:58 27.815788 25.842104 27.394737 25.894737 27.243244 26.894737 2.043483 2.456524
15:16:59 27.815788 25.842104 27.394737 25.894737 27.243244 26.894737 2.521740 2.456524
15:17:00 27.815788 25.842104 27.394737 25.921051 27.243244 26.894737 1.826087 2.456524
15:17:00 27.815788 25.842104 27.394737 25.894737 27.243244 26.894737 1.826087 2.434787
15:17:01 27.815788 25.842104 27.394737 25.894737 27.270269 26.894737 2.108696 2.282613
15:17:02 27.815788 25.842104 27.394737 25.894737 27.243244 26.894737 1.978260 2.369564
15:17:03 27.815788 25.842104 27.368422 25.868420 27.243244 26.894737 2.434780 2.347826
15:17:04 27.815788 25.842104 27.394737 25.921051 27.243244 26.894737 1.717388 2.347826
15:17:04 27.815788 25.842104 27.394737 25.894737 27.243244 26.894737 2.065220 2.369564
15:17:05 27.815788 25.842104 27.394737 25.894737 27.243244 26.894737 2.065220 2.347826
15:17:06 27.815788 25.842104 27.394737 25.894737 27.243244 26.894737 2.434780 2.369564
15:17:07 27.815788 25.842104 27.394737 25.921051 27.270269 26.894737 1.782611 2.347826
15:17:08 27.815788 25.842104 27.394737 25.921051 27.270269 26.894737 1.782611 2.391301
15:17:08 27.815788 25.842104 27.394737 25.921051 27.270269 26.894737 1.847824 2.391301
15:17:09 27.815788 25.842104 27.394737 25.894737 27.270269 26.894737 1.913047 2.369564
15:17:10 27.815788 25.842104 27.394737 25.894737 27.270269 26.894737 1.913047 2.369564
15:17:11 27.815788 25.842104 27.394737 25.894737 27.270269 26.894737 1.999997 2.304351
15:17:12 27.815788 25.842104 27.394737 25.894737 27.270269 26.894737 1.934785 2.260865
15:17:12 27.815788 25.842104 27.394737 25.921051 27.270269 26.921051 1.826087 2.260865
15:17:13 27.815788 25.842104 27.394737 25.894737 27.270269 26.921051 2.043483 2.282613
15:17:14 27.815788 25.842104 27.394737 25.921051 27.270269 26.894737 1.739126 2.282613
15:17:15 27.815788 25.842104 27.394737 25.921051 27.270269 26.894737 1.739126 2.260865
15:17:16 27.815788 25.842104 27.394737 25.894737 27.270269 26.894737 1.869562 2.326088
15:17:16 27.815788 25.842104 27.394737 25.894737 27.270269 26.921051 1.869562 2.217390
15:17:17 27.815788 25.842104 27.394737 25.894737 27.270269 26.894737 2.130433 2.217390
15:17:18 27.815788 25.842104 27.394737 25.921051 27.270269 26.894737 1.782611 2.260865
15:17:19 27.815788 25.842104 27.394737 25.894737 27.270269 26.894737 1.782611 2.239128
15:17:20 27.815788 25.842104 27.394737 25.894737 27.270269 26.894737 2.152171 2.260865
15:17:20 27.815788 25.842104 27.394737 25.894737 27.270269 26.894737 2.369567 2.260865
15:17:21 27.815788 25.842104 27.394737 25.894737 27.270269 26.894737 2.108696 2.260865
15:17:22 27.815788 25.842104 27.394737 25.894737 27.270269 26.894737 2.043483 2.260865
15:17:23 27.815788 25.842104 27.394737 25.921051 27.270269 26.894737 1.673913 2.304351
15:17:24 27.815788 25.842104 27.394737 25.894737 27.270269 26.921051 1.673913 2.239128
15:17:24 27.815788 25.842104 27.394737 25.894737 27.270269 26.921051 2.108696 2.217390
