16:05:09 27.447369 27.315788 26.973684 26.500000 26.216215 26.236843 1.434779 0.086954
16:05:10 27.447369 27.315788 26.973684 26.500000 26.216215 26.236843 1.434779 0.108692
16:05:11 27.447369 27.315788 26.973684 26.500000 26.216215 26.236843 1.434779 0.086954
16:05:12 27.447369 27.315788 26.973684 26.500000 26.216215 26.236843 1.413042 0.086954
16:05:13 27.447369 27.315788 26.973684 26.500000 26.216215 26.236843 1.413042 0.086954
16:05:14 27.447369 27.315788 26.973684 26.500000 26.216215 26.236843 1.434779 0.086954
16:05:15 27.447369 27.315788 26.973684 26.500000 26.216215 26.236843 1.456517 0.086954
16:05:16 27.447369 27.315788 26.973684 26.500000 26.216215 26.236843 1.434779 0.152177
16:05:16 27.447369 27.315788 26.973684 26.500000 26.216215 26.236843 1.500003 0.152177
16:05:17 27.447369 27.315788 26.973684 26.500000 26.216215 26.236843 1.500003 0.108692
16:05:18 27.447369 27.315788 26.973684 26.500000 26.216215 26.236843 1.413042 0.108692
