18:32:51 26.078947 26.210527 25.710526 24.815790 27.567568 27.236841 1.195656 0.000004
18:32:51 26.078947 26.210527 25.710526 24.815790 27.567568 27.236841 1.195656 0.000004
18:32:51 26.078947 26.210527 25.710526 24.815790 27.567568 27.236841 1.152171 0.000004
18:32:52 26.078947 26.210527 25.710526 24.815790 27.567568 27.236841 1.152171 0.000004
18:32:52 26.078947 26.210527 25.710526 24.815790 27.567568 27.236841 1.152171 0.000004
18:32:53 26.078947 26.210527 25.710526 24.815790 27.567568 27.236841 1.130433 0.000004
18:32:53 26.078947 26.210527 25.710526 24.815790 27.567568 27.236841 1.130433 0.000004
18:32:53 26.078947 26.210527 25.710526 24.815790 27.567568 27.236841 1.108695 0.000004
18:32:54 26.078947 26.210527 25.710526 24.815790 27.567568 27.236841 1.108695 0.000004
18:32:54 26.078947 26.210527 25.710526 24.815790 27.567568 27.236841 1.108695 0.000004
18:32:55 26.078947 26.210527 25.710526 24.815790 27.567568 27.236841 1.108695 0.000004
18:32:55 26.078947 26.210527 25.710526 24.815790 27.567568 27.236841 1.108695 0.000004
18:32:55 26.078947 26.210527 25.710526 24.815790 27.567568 27.236841 1.108695 0.000004
18:32:56 26.078947 26.210527 25.710526 24.815790 27.567568 27.236841 1.108695 0.000004
18:32:56 26.078947 26.210527 25.710526 24.815790 27.567568 27.236841 1.086958 0.000004
18:32:57 26.078947 26.210527 25.710526 24.815790 27.567568 27.236841 1.086958 0.000004
18:32:57 26.078947 26.210527 25.710526 24.815790 27.567568 27.236841 1.086958 0.000004
18:32:57 26.078947 26.210527 25.710526 24.815790 27.567568 27.236841 1.108695 0.000004
18:32:58 26.078947 26.210527 25.710526 24.815790 27.567568 27.236841 1.108695 0.000004
18:32:58 26.078947 26.210527 25.710526 24.815790 27.567568 27.236841 1.108695 0.000004
18:32:59 26.078947 26.210527 25.710526 24.815790 27.567568 27.236841 1.108695 0.000004
18:32:59 26.078947 26.210527 25.710526 24.815790 27.567568 27.236841 1.108695 0.000004
18:32:59 26.078947 26.210527 25.710526 24.815790 27.567568 27.236841 1.108695 0.000004
18:33:00 26.078947 26.210527 25.710526 24.815790 27.567568 27.236841 1.108695 0.000004
18:33:00 26.078947 26.210527 25.710526 24.815790 27.567568 27.236841 1.108695 0.000004
18:33:01 26.078947 26.210527 25.710526 24.815790 27.567568 27.236841 1.108695 0.000004
18:33:01 26.078947 26.210527 25.710526 24.815790 27.567568 27.236841 1.108695 0.000004
18:33:01 26.078947 26.210527 25.710526 24.815790 27.567568 27.236841 1.108695 0.000004
18:33:02 26.078947 26.210527 25.710526 24.815790 27.567568 27.236841 1.108695 0.000004
18:33:02 26.078947 26.210527 25.710526 24.815790 27.567568 27.236841 1.108695 0.000004
18:33:03 26.078947 26.210527 25.710526 24.815790 27.567568 27.236841 1.108695 0.000004
18:33:03 26.078947 26.210527 25.710526 24.815790 27.567568 27.236841 1.108695 0.000004
18:33:03 26.078947 26.210527 25.710526 24.815790 27.567568 27.236841 1.108695 0.000004
18:33:04 26.078947 26.210527 25.710526 24.815790 27.567568 27.236841 1.108695 0.000004
18:33:04 26.078947 26.210527 25.710526 24.815790 27.567568 27.236841 1.108695 0.000004
18:33:05 26.078947 26.210527 25.710526 24.815790 27.567568 27.236841 1.108695 0.000004
18:33:05 26.078947 26.210527 25.710526 24.815790 27.567568 27.236841 1.108695 0.000004
18:33:05 26.078947 26.210527 25.710526 24.815790 27.567568 27.236841 1.108695 0.000004
18:33:06 26.078947 26.210527 25.710526 24.815790 27.567568 27.236841 1.108695 0.000004
18:33:06 26.078947 26.210527 25.710526 24.815790 27.567568 27.236841 1.130433 0.000004
18:33:07 26.078947 26.210527 25.710526 24.815790 27.567568 27.236841 1.130433 0.000004
18:33:07 26.078947 26.210527 25.710526 24.815790 27.567568 27.236841 1.108695 0.000004
18:33:07 26.078947 26.210527 25.710526 24.815790 27.567568 27.236841 1.108695 0.000004
18:33:08 26.078947 26.210527 25.710526 24.815790 27.567568 27.236841 1.108695 0.000004
18:33:08 26.078947 26.210527 25.710526 24.815790 27.567568 27.236841 1.108695 0.000004
