13:42:41 28.078949 26.000000 27.631578 26.157894 27.486486 27.105263 1.260869 0.260865
13:42:42 28.078949 26.000000 27.657896 26.157894 27.486486 27.105263 1.239131 0.260865
13:42:42 28.078949 26.000000 27.657896 26.157894 27.486486 27.105263 1.239131 0.304351
13:42:43 28.078949 26.000000 27.657896 26.157894 27.486486 27.105263 1.239131 0.304351
13:42:44 28.078949 26.000000 27.657896 26.157894 27.486486 27.105263 1.239131 0.304351
13:42:45 28.078949 26.000000 27.657896 26.157894 27.486486 27.105263 1.239131 0.304351
13:42:45 28.078949 26.000000 27.657896 26.157894 27.486486 27.105263 1.239131 0.326088
13:42:46 28.078949 26.000000 27.657896 26.157894 27.486486 27.105263 1.239131 0.326088
13:42:47 28.078949 26.000000 27.657896 26.157894 27.486486 27.105263 1.217394 0.326088
13:42:48 28.078949 26.000000 27.657896 26.157894 27.459461 27.105263 1.217394 0.347826
13:42:48 28.078949 26.000000 27.657896 26.157894 27.459461 27.105263 1.217394 0.347826
13:42:49 28.078949 26.000000 27.657896 26.157894 27.459461 27.105263 1.217394 0.347826
13:42:50 28.078949 26.000000 27.657896 26.157894 27.459461 27.105263 1.239131 0.347826
13:42:51 28.078949 26.000000 27.657896 26.157894 27.459461 27.105263 1.239131 0.347826
13:42:51 28.078949 26.000000 27.657896 26.157894 27.459461 27.105263 1.239131 0.347826
13:42:52 28.078949 26.000000 27.657896 26.157894 27.459461 27.105263 1.239131 0.326088
13:42:53 28.078949 26.000000 27.657896 26.157894 27.459461 27.105263 1.239131 0.347826
13:42:54 28.078949 26.000000 27.657896 26.157894 27.459461 27.105263 1.239131 0.326088
13:42:54 28.078949 26.000000 27.657896 26.157894 27.459461 27.105263 1.239131 0.326088
13:42:55 28.078949 26.000000 27.657896 26.157894 27.459461 27.105263 1.239131 0.326088
13:42:56 28.078949 26.000000 27.657896 26.157894 27.459461 27.105263 1.239131 0.326088
13:42:57 28.078949 25.973684 27.657896 26.157894 27.459461 27.105263 1.260869 0.326088
13:42:57 28.078949 25.973684 27.657896 26.157894 27.459461 27.105263 1.260869 0.326088
13:42:58 28.078949 25.973684 27.631578 26.157894 27.459461 27.105263 1.239131 0.326088
13:42:59 28.078949 25.973684 27.631578 26.157894 27.459461 27.105263 1.239131 0.326088
13:43:00 28.078949 25.973684 27.631578 26.157894 27.459461 27.105263 1.239131 0.326088
13:43:00 28.078949 25.973684 27.631578 26.157894 27.459461 27.105263 1.239131 0.326088
13:43:01 28.078949 25.973684 27.631578 26.157894 27.459461 27.105263 1.239131 0.326088
13:43:02 28.078949 25.973684 27.631578 26.157894 27.459461 27.105263 1.239131 0.326088
13:43:03 28.078949 25.973684 27.631578 26.131578 27.459461 27.105263 1.239131 0.326088
13:43:03 28.078949 25.973684 27.631578 26.131578 27.459461 27.105263 1.239131 0.326088
13:43:04 28.078949 26.000000 27.631578 26.131578 27.459461 27.105263 1.260869 0.326088
13:43:05 28.078949 25.973684 27.631578 26.131578 27.459461 27.105263 1.282606 0.326088
13:43:06 28.078949 25.973684 27.631578 26.131578 27.459461 27.105263 1.326092 0.326088
13:43:06 28.078949 25.973684 27.631578 26.131578 27.459461 27.105263 1.326092 0.326088
13:43:07 28.078949 25.973684 27.631578 26.131578 27.459461 27.105263 1.369567 0.347826
13:43:08 28.078949 25.973684 27.657896 26.131578 27.459461 27.105263 1.434779 0.347826
13:43:09 28.078949 25.973684 27.631578 26.157894 27.459461 27.105263 1.478265 0.326088
13:43:09 28.078949 25.973684 27.631578 26.157894 27.459461 27.105263 1.478265 0.326088
13:43:10 28.078949 25.973684 27.631578 26.157894 27.459461 27.105263 1.456517 0.326088
13:43:11 28.078949 25.973684 27.631578 26.157894 27.459461 27.105263 1.369567 0.326088
13:43:12 28.078949 25.973684 27.631578 26.131578 27.459461 27.105263 1.282606 0.326088
13:43:12 28.078949 25.973684 27.631578 26.157894 27.459461 27.105263 1.282606 0.326088
13:43:13 28.078949 25.973684 27.631578 26.157894 27.459461 27.105263 1.260869 0.369563
13:43:14 28.078949 25.973684 27.631578 26.157894 27.459461 27.105263 1.239131 0.369563
13:43:15 28.078949 25.973684 27.631578 26.157894 27.459461 27.105263 1.239131 0.369563
13:43:15 28.078949 25.973684 27.631578 26.157894 27.459461 27.105263 1.239131 0.369563
13:43:16 28.078949 25.973684 27.631578 26.157894 27.459461 27.105263 1.239131 0.369563
13:43:17 28.078949 25.973684 27.631578 26.157894 27.459461 27.105263 1.217394 0.369563
13:43:18 28.078949 25.973684 27.631578 26.157894 27.459461 27.105263 1.217394 0.369563
13:43:18 28.078949 25.973684 27.631578 26.157894 27.459461 27.105263 1.217394 0.369563
13:43:19 28.078949 26.000000 27.631578 26.157894 27.459461 27.105263 1.217394 0.369563
13:43:20 28.078949 26.000000 27.631578 26.157894 27.459461 27.105263 1.217394 0.304351
13:43:21 28.078949 26.000000 27.631578 26.157894 27.459461 27.105263 1.217394 0.304351
13:43:21 28.078949 25.973684 27.631578 26.131578 27.459461 27.105263 1.239131 0.304351
13:43:22 28.078949 25.973684 27.631578 26.157894 27.459461 27.105263 1.239131 0.304351
13:43:23 28.078949 25.973684 27.631578 26.157894 27.459461 27.105263 1.239131 0.304351
13:43:24 28.078949 25.973684 27.631578 26.157894 27.459461 27.105263 1.239131 0.304351
13:43:24 28.078949 25.973684 27.631578 26.157894 27.459461 27.105263 1.239131 0.304351
13:43:25 28.078949 25.973684 27.631578 26.131578 27.459461 27.105263 1.239131 0.304351
13:43:26 28.078949 25.973684 27.631578 26.131578 27.459461 27.105263 1.239131 0.304351
13:43:27 28.078949 25.973684 27.631578 26.157894 27.459461 27.105263 1.239131 0.304351
13:43:27 28.078949 25.973684 27.631578 26.157894 27.459461 27.105263 1.239131 0.304351
13:43:28 28.078949 25.973684 27.631578 26.157894 27.459461 27.105263 1.260869 0.304351
13:43:29 28.078949 25.973684 27.631578 26.157894 27.459461 27.105263 1.260869 0.304351
13:43:30 28.078949 25.973684 27.631578 26.157894 27.459461 27.105263 1.260869 0.304351
13:43:30 28.078949 25.973684 27.631578 26.157894 27.459461 27.105263 1.239131 0.304351
13:43:31 28.078949 25.973684 27.631578 26.157894 27.459461 27.105263 1.239131 0.304351
13:43:32 28.078949 25.973684 27.631578 26.131578 27.459461 27.105263 1.239131 0.304351
13:43:33 28.078949 25.973684 27.631578 26.131578 27.459461 27.105263 1.239131 0.304351
13:43:33 28.078949 25.973684 27.631578 26.131578 27.459461 27.105263 1.239131 0.304351
13:43:34 28.078949 26.000000 27.631578 26.131578 27.459461 27.105263 1.239131 0.304351
13:43:35 28.078949 26.000000 27.631578 26.131578 27.459461 27.105263 1.260869 0.304351
13:43:36 28.078949 25.973684 27.631578 26.131578 27.459461 27.105263 1.260869 0.304351
13:43:36 28.078949 26.000000 27.631578 26.131578 27.459461 27.105263 1.282606 0.304351
13:43:37 28.078949 26.000000 27.631578 26.131578 27.459461 27.105263 1.282606 0.304351
13:43:38 28.078949 25.973684 27.631578 26.131578 27.459461 27.105263 1.326092 0.304351
13:43:39 28.078949 25.973684 27.631578 26.131578 27.459461 27.105263 1.413042 0.304351
13:43:39 28.078949 25.973684 27.631578 26.131578 27.459461 27.105263 1.413042 0.304351
13:43:40 28.078949 25.973684 27.631578 26.131578 27.459461 27.105263 1.456517 0.304351
13:43:42 28.078949 25.973684 27.631578 26.131578 27.459461 27.105263 1.478265 0.260865
13:43:42 27.973684 25.868422 27.631578 26.131578 27.459461 27.105263 8.434780 0.304351
13:43:43 27.973684 25.868422 27.552631 25.868420 27.459461 27.105263 7.326082 0.304351
13:43:44 27.973684 25.868422 27.552631 25.868420 27.459461 27.105263 7.217394 0.304351
13:43:45 27.973684 25.868422 27.552631 25.842106 27.459461 27.105263 7.152171 0.304351
13:43:45 27.947371 25.868422 27.552631 25.868420 27.459461 27.105263 7.152171 0.304351
13:43:46 27.947371 25.868422 27.552631 25.868420 27.459461 27.105263 7.086958 0.304351
13:43:47 27.947371 25.868422 27.552631 25.868420 27.459461 27.105263 7.173909 0.304351
13:43:48 27.947371 25.868422 27.552631 25.868420 27.459461 27.105263 7.065221 0.304351
13:43:48 27.947371 25.868422 27.552631 25.868420 27.459461 27.105263 7.086958 0.304351
13:43:49 27.947371 25.868422 27.552631 25.868420 27.459461 27.105263 7.086958 0.304351
13:43:50 27.947371 25.868422 27.552631 25.842106 27.459461 27.105263 7.173909 0.304351
13:43:51 27.947371 25.868422 27.552631 25.842106 27.459461 27.105263 7.130434 0.304351
13:43:51 27.947371 25.868422 27.552631 25.842106 27.459461 27.105263 7.043483 0.304351
13:43:52 27.947371 25.868422 27.552631 25.842106 27.459461 27.105263 7.043483 0.282613
13:43:53 27.947371 25.868422 27.552631 25.842106 27.459461 27.105263 7.217394 0.369563
13:43:54 27.947371 25.868422 27.552631 25.842106 27.459461 27.105263 7.369567 0.369563
13:43:54 27.947371 25.868422 27.552631 25.842106 27.459461 27.105263 7.108696 0.369563
13:43:55 27.947371 25.868422 27.552631 25.842106 27.459461 27.105263 7.195656 0.369563
13:43:56 27.947371 25.868422 27.552631 25.842106 27.459461 27.105263 7.195656 0.369563
13:43:57 27.947371 25.868422 27.552631 25.842106 27.459461 27.105263 7.065221 0.369563
13:43:57 27.947371 25.868422 27.552631 25.842106 27.459461 27.105263 7.239131 0.369563
13:43:58 27.947371 25.868422 27.552631 25.842106 27.459461 27.105263 7.152171 0.369563
