18:51:30 26.052631 26.184210 25.710526 24.789474 27.567568 27.236841 1.108695 0.000004
18:51:31 26.052631 26.184210 25.710526 24.789474 27.567568 27.236841 1.108695 0.000004
18:51:31 26.052631 26.184210 25.710526 24.789474 27.567568 27.236841 1.108695 0.000004
18:51:32 26.052631 26.184210 25.710526 24.789474 27.567568 27.236841 1.108695 0.000004
18:51:33 26.052631 26.184210 25.710526 24.789474 27.567568 27.236841 1.108695 0.000004
18:51:33 26.052631 26.184210 25.710526 24.789474 27.567568 27.236841 1.173908 0.000004
18:51:34 26.052631 26.184210 25.710526 24.789474 27.567568 27.236841 1.173908 0.000004
18:51:34 26.052631 26.184210 25.710526 24.789474 27.567568 27.236841 1.195656 0.000004
18:51:35 26.052631 26.184210 25.710526 24.789474 27.567568 27.236841 1.108695 0.000004
18:51:36 26.052631 26.184210 25.710526 24.789474 27.567568 27.236841 1.108695 0.000004
18:51:36 26.052631 26.184210 25.710526 24.763157 27.567568 27.236841 1.130433 0.000004
18:51:37 26.052631 26.184210 25.710526 24.789474 27.567568 27.236841 1.108695 0.000004
18:51:37 26.052631 26.184210 25.710526 24.789474 27.567568 27.236841 1.108695 0.000004
18:51:38 26.052631 26.184210 25.710526 24.789474 27.567568 27.236841 1.108695 0.000004
18:51:38 26.052631 26.184210 25.710526 24.789474 27.567568 27.236841 1.108695 0.000004
18:51:39 26.052631 26.184210 25.710526 24.789474 27.567568 27.236841 1.130433 0.000004
18:51:39 26.052631 26.184210 25.710526 24.763157 27.567568 27.236841 1.130433 0.000004
18:51:40 26.052631 26.184210 25.710526 24.763157 27.567568 27.236841 1.108695 0.000004
18:51:41 26.052631 26.184210 25.710526 24.763157 27.567568 27.236841 1.173908 0.000004
18:51:41 26.052631 26.184210 25.710526 24.763157 27.567568 27.236841 1.173908 0.000004
