11:05:24 27.526316 27.447367 27.289473 26.999998 26.135136 26.052631 1.652176 0.260865
11:05:36 27.552629 27.447367 27.289473 26.999998 26.108109 26.026316 1.630438 0.434786
11:05:37 27.552629 27.447367 27.289473 26.999998 26.081081 26.000000 1.608701 0.717395
11:05:40 27.526316 27.447367 27.289473 26.999998 26.081081 26.026316 1.630438 0.717395
11:05:43 27.526316 27.447367 27.289473 26.999998 26.081081 26.026316 1.630438 0.695647
11:05:45 27.526316 27.447367 27.289473 26.999998 26.081081 26.000000 1.652176 0.695647
11:05:47 27.526316 27.447367 27.289473 26.999998 26.081081 26.000000 1.652176 0.695647
11:05:48 27.526316 27.447367 27.289473 26.947369 26.081081 26.000000 1.695651 0.695647
11:05:49 27.526316 27.447367 27.289473 26.947369 26.081081 26.000000 1.760874 0.717395
11:05:52 27.526316 27.447367 27.263159 26.973684 26.081081 26.000000 2.021735 0.695647
11:05:54 27.526316 27.447367 27.263159 26.973684 26.081081 26.000000 1.978260 0.695647
11:05:55 27.526316 27.447367 27.263159 26.973684 26.081081 26.000000 1.956522 0.695647
11:05:57 27.526316 27.447367 27.263159 26.973684 26.081081 26.000000 1.934785 0.695647
11:05:59 27.526316 27.447367 27.263159 26.973684 26.081081 26.026316 1.934785 0.739133
11:06:02 27.526316 27.447367 27.263159 26.973684 26.081081 26.000000 1.934785 0.739133
11:06:04 27.552629 27.447367 27.289473 26.973684 26.081081 26.000000 1.717388 0.739133
11:06:05 27.552629 27.447367 27.289473 26.999998 26.081081 26.000000 1.608701 0.739133
11:06:07 27.526316 27.447367 27.289473 26.999998 26.081081 26.000000 1.608701 0.717395
11:06:09 27.526316 27.447367 27.289473 26.999998 26.081081 26.000000 1.652176 0.695647
11:06:12 27.526316 27.447367 27.289473 26.999998 26.081081 26.000000 1.608701 0.695647
11:06:15 27.526316 27.447367 27.289473 26.999998 26.081081 26.000000 1.608701 0.695647
11:06:17 27.526316 27.447367 27.263159 26.973684 26.081081 26.000000 1.934785 0.695647
11:06:18 27.526316 27.447367 27.263159 26.973684 26.081081 26.000000 1.956522 0.695647
11:06:19 27.526316 27.447367 27.263159 26.921055 26.081081 26.000000 1.999997 0.717395
11:06:22 27.526316 27.447367 27.263159 26.973684 26.081081 26.000000 1.999997 0.695647
11:06:24 27.526316 27.447367 27.263159 26.973684 26.081081 26.000000 2.043483 0.695647
