16:27:56 27.394737 27.263159 26.894737 26.447371 26.216215 26.236843 1.456517 0.152177
16:27:57 27.394737 27.263159 26.894737 26.447371 26.216215 26.210527 1.434779 0.152177
16:27:58 27.394737 27.263159 26.894737 26.447371 26.216215 26.236843 1.369567 0.086954
16:28:00 27.394737 27.263159 26.894737 26.447371 26.216215 26.236843 1.369567 0.086954
16:28:01 27.394737 27.263159 26.894737 26.447371 26.216215 26.236843 1.369567 0.086954
16:28:02 27.394737 27.263159 26.894737 26.447371 26.216215 26.210527 1.391304 0.086954
16:28:03 27.394737 27.263159 26.894737 26.447371 26.216215 26.236843 1.391304 0.086954
16:28:04 27.394737 27.263159 26.894737 26.447371 26.216215 26.236843 1.391304 0.086954
16:28:06 27.394737 27.263159 26.894737 26.447371 26.216215 26.236843 1.391304 0.086954
16:28:07 27.394737 27.263159 26.894737 26.447371 26.216215 26.236843 1.391304 0.086954
16:28:08 27.394737 27.263159 26.894737 26.447371 26.216215 26.236843 1.413042 0.086954
16:28:09 27.394737 27.263159 26.894737 26.447371 26.216215 26.236843 1.413042 0.086954
16:28:10 27.394737 27.263159 26.894737 26.447371 26.216215 26.236843 1.434779 0.086954
16:28:12 27.394737 27.263159 26.894737 26.447371 26.216215 26.236843 1.434779 0.086954
16:28:13 27.394737 27.263159 26.894737 26.421053 26.216215 26.236843 1.456517 0.086954
16:28:14 27.394737 27.263159 26.894737 26.421053 26.216215 26.210527 1.500003 0.086954
16:28:15 27.394737 27.263159 26.894737 26.447371 26.216215 26.236843 1.608701 0.086954
16:28:16 27.394737 27.263159 26.894737 26.447371 26.216215 26.236843 3.369567 0.086954
16:28:18 27.394737 27.263159 26.894737 26.447371 26.216215 26.236843 1.456517 0.086954
16:28:19 27.394737 27.263159 26.894737 26.447371 26.216215 26.236843 1.456517 0.086954
16:28:20 27.394737 27.263159 26.894737 26.447371 26.216215 26.236843 1.413042 0.086954
16:28:21 27.394737 27.263159 26.894737 26.447371 26.216215 26.236843 1.391304 0.086954
16:28:22 27.394737 27.263159 26.894737 26.447371 26.216215 26.236843 1.369567 0.086954
16:28:24 27.394737 27.263159 26.894737 26.447371 26.216215 26.236843 1.369567 0.086954
16:28:25 27.394737 27.263159 26.894737 26.447371 26.216215 26.236843 1.369567 0.086954
16:28:26 27.394737 27.263159 26.894737 26.447371 26.216215 26.236843 1.434779 0.086954
16:28:27 27.394737 27.263159 26.894737 26.447371 26.216215 26.236843 1.434779 0.130440
16:28:28 27.394737 27.263159 26.894737 26.447371 26.216215 26.236843 1.369567 0.086954
16:28:30 27.394737 27.263159 26.894737 26.447371 26.216215 26.236843 1.369567 0.086954
16:28:31 27.394737 27.263159 26.894737 26.447371 26.216215 26.236843 1.369567 0.086954
16:28:32 27.394737 27.263159 26.894737 26.447371 26.216215 26.236843 1.369567 0.086954
16:28:33 27.394737 27.263159 26.894737 26.447371 26.216215 26.236843 1.347829 0.086954
16:28:34 27.394737 27.263159 26.894737 26.447371 26.216215 26.236843 1.369567 0.086954
16:28:36 27.394737 27.236841 26.894737 26.447371 26.216215 26.236843 1.413042 0.086954
16:28:37 27.394737 27.236841 26.894737 26.447371 26.216215 26.236843 1.413042 0.086954
16:28:38 27.394737 27.263159 26.894737 26.447371 26.216215 26.236843 1.391304 0.086954
16:28:39 27.394737 27.263159 26.894737 26.447371 26.216215 26.236843 1.391304 0.086954
16:28:40 27.394737 27.263159 26.894737 26.447371 26.216215 26.236843 1.413042 0.086954
16:28:42 27.394737 27.263159 26.894737 26.447371 26.216215 26.236843 1.413042 0.086954
16:28:43 27.394737 27.263159 26.894737 26.421053 26.216215 26.210527 1.413042 0.086954
16:28:44 27.394737 27.263159 26.894737 26.421053 26.216215 26.236843 1.456517 0.086954
16:28:45 27.394737 27.263159 26.894737 26.421053 26.216215 26.236843 1.478265 0.086954
16:28:46 27.394737 27.263159 26.894737 26.447371 26.216215 26.236843 3.152171 0.086954
16:28:48 27.394737 27.263159 26.894737 26.447371 26.216215 26.236843 1.456517 0.086954
16:28:49 27.394737 27.263159 26.894737 26.447371 26.216215 26.236843 1.434779 0.086954
16:28:50 27.394737 27.263159 26.894737 26.447371 26.216215 26.236843 1.434779 0.086954
16:28:51 27.394737 27.263159 26.894737 26.447371 26.216215 26.236843 1.413042 0.086954
16:28:52 27.394737 27.263159 26.894737 26.447371 26.216215 26.236843 1.391304 0.086954
16:28:54 27.394737 27.263159 26.894737 26.447371 26.216215 26.236843 1.369567 0.086954
16:28:55 27.394737 27.263159 26.894737 26.447371 26.216215 26.236843 1.391304 0.086954
16:28:56 27.394737 27.263159 26.894737 26.447371 26.216215 26.236843 1.369567 0.086954
16:28:57 27.394737 27.263159 26.894737 26.447371 26.216215 26.236843 1.413042 0.086954
16:28:58 27.394737 27.263159 26.894737 26.447371 26.216215 26.236843 1.369567 0.086954
16:29:00 27.394737 27.263159 26.894737 26.447371 26.216215 26.236843 1.369567 0.086954
16:29:01 27.394737 27.263159 26.894737 26.447371 26.216215 26.236843 1.369567 0.086954
16:29:02 27.394737 27.263159 26.894737 26.447371 26.216215 26.236843 1.369567 0.086954
16:29:03 27.394737 27.263159 26.894737 26.447371 26.216215 26.236843 1.391304 0.086954
16:29:04 27.368420 27.263159 26.894737 26.447371 26.216215 26.236843 1.369567 0.086954
16:29:06 27.394737 27.263159 26.894737 26.447371 26.216215 26.210527 1.413042 0.086954
16:29:07 27.394737 27.236841 26.894737 26.447371 26.216215 26.236843 1.413042 0.086954
16:29:08 27.394737 27.263159 26.894737 26.447371 26.216215 26.236843 1.369567 0.086954
16:29:09 27.394737 27.263159 26.894737 26.447371 26.216215 26.236843 1.369567 0.086954
16:29:10 27.394737 27.263159 26.894737 26.447371 26.216215 26.236843 1.391304 0.086954
16:29:12 27.394737 27.263159 26.894737 26.447371 26.216215 26.236843 1.413042 0.086954
16:29:13 27.394737 27.263159 26.894737 26.447371 26.216215 26.236843 1.391304 0.086954
16:29:14 27.394737 27.263159 26.894737 26.421053 26.216215 26.236843 1.413042 0.086954
16:29:15 27.394737 27.263159 26.894737 26.421053 26.216215 26.236843 1.456517 0.086954
16:29:16 27.394737 27.263159 26.894737 26.394735 26.216215 26.210527 1.565215 0.086954
16:29:18 27.394737 27.263159 26.894737 26.447371 26.216215 26.236843 1.478265 0.086954
16:29:19 27.394737 27.263159 26.894737 26.447371 26.216215 26.236843 1.478265 0.086954
16:29:20 27.394737 27.263159 26.894737 26.447371 26.216215 26.236843 1.478265 0.086954
16:29:21 27.394737 27.263159 26.894737 26.447371 26.216215 26.236843 1.456517 0.086954
16:29:22 27.394737 27.263159 26.894737 26.447371 26.216215 26.236843 1.413042 0.086954
16:29:24 27.394737 27.263159 26.894737 26.447371 26.216215 26.236843 1.391304 0.086954
16:29:25 27.394737 27.263159 26.894737 26.447371 26.216215 26.236843 1.369567 0.086954
16:29:26 27.394737 27.263159 26.894737 26.447371 26.216215 26.236843 1.369567 0.086954
16:29:27 27.394737 27.263159 26.894737 26.447371 26.216215 26.236843 1.413042 0.086954
16:29:28 27.394737 27.263159 26.894737 26.447371 26.216215 26.236843 1.369567 0.086954
16:29:30 27.394737 27.263159 26.894737 26.447371 26.216215 26.236843 1.369567 0.086954
16:29:31 27.394737 27.263159 26.894737 26.447371 26.216215 26.210527 1.413042 0.086954
16:29:32 27.394737 27.263159 26.894737 26.447371 26.216215 26.210527 1.369567 0.086954
16:29:33 27.394737 27.263159 26.894737 26.447371 26.216215 26.210527 1.369567 0.086954
16:29:34 27.368420 27.263159 26.894737 26.447371 26.216215 26.236843 1.391304 0.086954
16:29:36 27.368420 27.263159 26.894737 26.447371 26.216215 26.236843 1.391304 0.086954
16:29:37 27.368420 27.263159 26.894737 26.421053 26.216215 26.210527 1.434779 0.086954
16:29:38 27.394737 27.263159 26.894737 26.447371 26.216215 26.236843 1.369567 0.086954
16:29:39 27.394737 27.263159 26.894737 26.421053 26.216215 26.210527 1.369567 0.086954
16:29:40 27.394737 27.263159 26.894737 26.421053 26.216215 26.236843 1.369567 0.086954
16:29:42 27.394737 27.263159 26.894737 26.447371 26.216215 26.210527 1.391304 0.086954
16:29:43 27.394737 27.263159 26.894737 26.447371 26.216215 26.236843 1.391304 0.086954
16:29:44 27.394737 27.263159 26.894737 26.447371 26.216215 26.236843 1.391304 0.086954
16:29:45 27.394737 27.263159 26.894737 26.421053 26.216215 26.236843 1.434779 0.086954
16:29:46 27.394737 27.263159 26.894737 26.368422 26.216215 26.236843 1.434779 0.086954
16:29:48 27.394737 27.263159 26.894737 26.447371 26.216215 26.236843 1.456517 0.086954
16:29:49 27.394737 27.263159 26.894737 26.447371 26.216215 26.236843 1.456517 0.086954
16:29:50 27.394737 27.263159 26.894737 26.447371 26.216215 26.210527 1.478265 0.086954
16:29:51 27.394737 27.263159 26.894737 26.421053 26.216215 26.236843 1.478265 0.086954
16:29:52 27.394737 27.263159 26.894737 26.447371 26.216215 26.236843 1.695651 0.086954
16:29:54 27.394737 27.263159 26.894737 26.447371 26.216215 26.236843 1.434779 0.086954
16:29:55 27.394737 27.263159 26.894737 26.421053 26.216215 26.236843 1.413042 0.086954
