17:46:32 26.157894 26.315788 25.789474 24.894735 27.621620 27.289473 1.130433 0.000004
17:46:33 26.157894 26.315788 25.789474 24.894735 27.621620 27.289473 1.108695 0.000004
17:46:33 26.157894 26.315788 25.789474 24.894735 27.621620 27.289473 1.108695 0.108692
17:46:33 26.157894 26.315788 25.789474 24.894735 27.621620 27.289473 1.108695 0.108692
17:46:33 26.157894 26.315788 25.789474 24.894735 27.621620 27.289473 1.130433 0.108692
17:46:34 26.157894 26.315788 25.789474 24.894735 27.513514 27.184212 1.130433 0.108692
17:46:34 26.157894 26.315788 25.789474 24.894735 27.513514 27.184212 1.130433 1.434787
17:46:34 26.157894 26.315788 25.789474 24.894735 27.513514 27.184212 1.130433 1.434787
17:46:34 26.157894 26.315788 25.789474 24.894735 27.513514 27.184212 1.130433 1.434787
17:46:35 26.157894 26.315788 25.789474 24.894735 27.513514 27.184212 1.130433 1.434787
17:46:35 26.157894 26.315788 25.789474 24.894735 27.513514 27.184212 1.130433 1.413039
17:46:35 26.157894 26.315788 25.789474 24.894735 27.513514 27.184212 1.130433 1.413039
17:46:35 26.157894 26.315788 25.789474 24.894735 27.513514 27.184212 1.130433 1.413039
17:46:36 26.157894 26.315788 25.789474 24.894735 27.513514 27.184212 1.130433 1.413039
17:46:36 26.157894 26.315788 25.789474 24.894735 27.513514 27.184212 1.130433 1.413039
17:46:36 26.157894 26.315788 25.789474 24.894735 27.513514 27.184212 1.130433 1.413039
17:46:36 26.157894 26.315788 25.789474 24.894735 27.513514 27.184212 1.130433 1.413039
17:46:37 26.157894 26.315788 25.789474 24.894735 27.513514 27.184212 1.130433 1.413039
17:46:37 26.184212 26.315788 25.789474 24.894735 27.513514 27.184212 1.130433 1.413039
17:46:37 26.184212 26.315788 25.789474 24.894735 27.513514 27.184212 1.130433 1.413039
17:46:37 26.184212 26.315788 25.789474 24.894735 27.540543 27.184212 1.108695 1.413039
17:46:38 26.184212 26.315788 25.789474 24.894735 27.540543 27.184212 1.108695 1.173915
17:46:38 26.184212 26.315788 25.789474 24.894735 27.540543 27.184212 1.108695 1.173915
17:46:38 26.184212 26.315788 25.789474 24.894735 27.540543 27.184212 1.108695 1.173915
17:46:38 26.184212 26.315788 25.789474 24.894735 27.540543 27.184212 1.130433 1.173915
17:46:39 26.184212 26.315788 25.789474 24.894735 27.540543 27.210527 1.130433 1.108692
17:46:39 26.184212 26.315788 25.789474 24.894735 27.540543 27.210527 1.130433 1.108692
17:46:39 26.184212 26.315788 25.789474 24.894735 27.540543 27.210527 1.130433 1.108692
17:46:39 26.184212 26.315788 25.789474 24.894735 27.567568 27.210527 1.108695 1.108692
17:46:40 26.184212 26.315788 25.789474 24.894735 27.567568 27.210527 1.108695 0.934781
17:46:40 26.184212 26.315788 25.789474 24.894735 27.567568 27.210527 1.108695 0.934781
17:46:40 26.184212 26.315788 25.789474 24.894735 27.567568 27.210527 1.152171 0.934781
17:46:40 26.184212 26.315788 25.789474 24.894735 27.567568 27.210527 1.152171 0.934781
17:46:41 26.184212 26.315788 25.789474 24.894735 27.567568 27.210527 1.152171 0.826083
17:46:41 26.184212 26.315788 25.789474 24.894735 27.567568 27.210527 1.152171 0.826083
17:46:41 26.184212 26.315788 25.789474 24.894735 27.567568 27.210527 1.130433 0.826083
17:46:41 26.184212 26.315788 25.789474 24.894735 27.567568 27.236841 1.130433 0.826083
17:46:42 26.184212 26.315788 25.789474 24.894735 27.567568 27.236841 1.130433 0.804346
17:46:42 26.184212 26.315788 25.789474 24.894735 27.567568 27.236841 1.130433 0.804346
17:46:42 26.184212 26.315788 25.789474 24.894735 27.567568 27.236841 1.130433 0.804346
17:46:42 26.184212 26.315788 25.789474 24.894735 27.594595 27.236841 1.130433 0.804346
17:46:43 26.184212 26.315788 25.789474 24.894735 27.594595 27.236841 1.130433 0.652172
17:46:43 26.184212 26.315788 25.789474 24.894735 27.594595 27.236841 1.130433 0.652172
17:46:43 26.184212 26.315788 25.789474 24.894735 27.594595 27.236841 1.152171 0.652172
17:46:43 26.184212 26.315788 25.789474 24.894735 27.594595 27.236841 1.152171 0.586960
17:46:44 26.184212 26.315788 25.789474 24.894735 27.594595 27.236841 1.152171 0.586960
17:46:44 26.184212 26.315788 25.789474 24.894735 27.594595 27.236841 1.152171 0.586960
17:46:44 26.184212 26.315788 25.789474 24.894735 27.594595 27.236841 1.152171 0.586960
17:46:44 26.184212 26.315788 25.789474 24.894735 27.594595 27.263157 1.152171 0.456524
17:46:45 26.184212 26.315788 25.789474 24.894735 27.594595 27.263157 1.152171 0.456524
17:46:45 26.184212 26.315788 25.789474 24.894735 27.594595 27.263157 1.152171 0.456524
17:46:45 26.184212 26.315788 25.789474 24.894735 27.621620 27.263157 1.152171 0.456524
17:46:45 26.184212 26.315788 25.789474 24.894735 27.621620 27.263157 1.152171 0.456524
17:46:46 26.184212 26.315788 25.789474 24.894735 27.621620 27.263157 1.152171 0.456524
17:46:46 26.184212 26.315788 25.789474 24.894735 27.621620 27.263157 1.152171 0.456524
17:46:46 26.184212 26.315788 25.789474 24.894735 27.621620 27.263157 1.152171 0.456524
17:46:46 26.184212 26.315788 25.789474 24.894735 27.621620 27.263157 1.152171 0.369563
17:46:47 26.184212 26.315788 25.789474 24.894735 27.621620 27.263157 1.152171 0.369563
17:46:47 26.184212 26.315788 25.789474 24.894735 27.621620 27.263157 1.152171 0.369563
17:46:47 26.184212 26.315788 25.789474 24.894735 27.621620 27.263157 1.130433 0.369563
17:46:47 26.184212 26.315788 25.789474 24.894735 27.621620 27.263157 1.130433 0.369563
17:46:48 26.184212 26.315788 25.789474 24.894735 27.621620 27.263157 1.130433 0.369563
17:46:48 26.184212 26.315788 25.789474 24.868422 27.621620 27.263157 1.130433 0.369563
17:46:48 26.184212 26.315788 25.789474 24.868422 27.621620 27.263157 1.130433 0.369563
17:46:48 26.184212 26.315788 25.789474 24.868422 27.621620 27.263157 1.130433 0.369563
17:46:49 26.184212 26.315788 25.789474 24.868422 27.621620 27.263157 1.130433 0.369563
17:46:49 26.184212 26.315788 25.789474 24.868422 27.621620 27.263157 1.130433 0.369563
17:46:49 26.184212 26.315788 25.789474 24.868422 27.621620 27.263157 1.130433 0.369563
17:46:49 26.184212 26.315788 25.789474 24.868422 27.621620 27.263157 1.130433 0.391301
17:46:50 26.184212 26.315788 25.789474 24.868422 27.621620 27.263157 1.130433 0.391301
17:46:50 26.184212 26.315788 25.789474 24.868422 27.621620 27.263157 1.130433 0.391301
17:46:50 26.184212 26.315788 25.789474 24.868422 27.621620 27.263157 1.130433 0.391301
17:46:50 26.184212 26.315788 25.789474 24.868422 27.621620 27.263157 1.130433 0.391301
17:46:51 26.184212 26.315788 25.789474 24.868422 27.621620 27.263157 1.130433 0.391301
17:46:51 26.184212 26.315788 25.789474 24.868422 27.621620 27.263157 1.130433 0.391301
17:46:51 26.184212 26.315788 25.789474 24.868422 27.621620 27.263157 1.130433 0.391301
17:46:51 26.184212 26.315788 25.789474 24.868422 27.621620 27.263157 1.130433 0.369563
17:46:52 26.184212 26.315788 25.789474 24.868422 27.621620 27.263157 1.130433 0.369563
17:46:52 26.184212 26.315788 25.789474 24.868422 27.621620 27.263157 1.152171 0.369563
17:46:52 26.184212 26.315788 25.789474 24.868422 27.621620 27.289473 1.152171 0.282613
17:46:52 26.184212 26.315788 25.789474 24.868422 27.621620 27.289473 1.152171 0.282613
17:46:53 26.184212 26.315788 25.815788 24.868422 27.621620 27.289473 1.152171 0.282613
17:46:53 26.184212 26.315788 25.815788 24.868422 27.621620 27.289473 1.195656 0.282613
17:46:53 26.184212 26.315788 25.815788 24.868422 27.621620 27.289473 1.195656 0.282613
17:46:53 26.184212 26.315788 25.815788 24.868422 27.621620 27.289473 1.195656 0.282613
17:46:54 26.184212 26.315788 25.815788 24.868422 27.621620 27.289473 1.195656 0.282613
17:46:54 26.184212 26.315788 25.815788 24.868422 27.621620 27.289473 1.217394 0.282613
17:46:54 26.184212 26.315788 25.815788 24.868422 27.621620 27.289473 1.217394 0.282613
17:46:54 26.184212 26.315788 25.815788 24.868422 27.621620 27.289473 1.217394 0.282613
17:46:55 26.184212 26.315788 25.815788 24.868422 27.621620 27.289473 1.217394 0.282613
17:46:55 26.184212 26.315788 25.815788 24.868422 27.621620 27.289473 1.304344 0.282613
17:46:55 26.184212 26.315788 25.815788 24.868422 27.621620 27.289473 1.304344 0.282613
17:46:55 26.184212 26.315788 25.815788 24.868422 27.621620 27.289473 1.304344 0.282613
17:46:56 26.184212 26.315788 25.815788 24.868422 27.621620 27.289473 1.391304 0.282613
17:46:56 26.184212 26.315788 25.815788 24.868422 27.648649 27.289473 1.391304 0.282613
17:46:56 26.210527 26.315788 25.815788 24.868422 27.648649 27.289473 1.391304 0.282613
17:46:56 26.210527 26.315788 25.815788 24.868422 27.648649 27.289473 1.391304 0.282613
17:46:57 26.210527 26.315788 25.815788 24.868422 27.648649 27.289473 1.347829 0.282613
17:46:57 26.210527 26.315788 25.815788 24.868422 27.621620 27.289473 1.347829 0.282613
17:46:57 26.210527 26.315788 25.815788 24.868422 27.621620 27.289473 1.347829 0.282613
17:46:57 26.210527 26.315788 25.815788 24.868422 27.621620 27.289473 1.347829 0.282613
17:46:58 26.210527 26.315788 25.815788 24.868422 27.621620 27.289473 1.282606 0.282613
17:46:58 26.210527 26.315788 25.815788 24.868422 27.648649 27.289473 1.282606 0.282613
17:46:58 26.210527 26.315788 25.815788 24.868422 27.648649 27.289473 1.282606 0.282613
17:46:58 26.210527 26.315788 25.815788 24.868422 27.648649 27.289473 1.282606 0.282613
17:46:59 26.210527 26.315788 25.815788 24.868422 27.648649 27.289473 1.239131 0.282613
17:46:59 26.210527 26.315788 25.815788 24.868422 27.648649 27.289473 1.239131 0.282613
17:46:59 26.210527 26.315788 25.815788 24.868422 27.648649 27.289473 1.239131 0.282613
17:46:59 26.210527 26.315788 25.815788 24.868422 27.648649 27.289473 1.239131 0.282613
17:47:00 26.210527 26.315788 25.815788 24.868422 27.621620 27.289473 1.173908 0.282613
17:47:00 26.210527 26.315788 25.815788 24.868422 27.621620 27.289473 1.173908 0.304351
17:47:00 26.210527 26.315788 25.815788 24.868422 27.621620 27.289473 1.173908 0.304351
17:47:00 26.210527 26.315788 25.815788 24.868422 27.621620 27.289473 1.173908 0.304351
17:47:01 26.210527 26.315788 25.815788 24.868422 27.621620 27.289473 1.152171 0.304351
17:47:01 26.210527 26.315788 25.815788 24.868422 27.621620 27.289473 1.152171 0.304351
17:47:01 26.210527 26.315788 25.815788 24.868422 27.621620 27.289473 1.152171 0.304351
17:47:01 26.210527 26.315788 25.815788 24.868422 27.621620 27.289473 1.152171 0.304351
17:47:02 26.210527 26.315788 25.815788 24.868422 27.621620 27.289473 1.152171 0.304351
17:47:02 26.210527 26.315788 25.815788 24.868422 27.621620 27.289473 1.152171 0.326088
17:47:02 26.210527 26.342106 25.815788 24.868422 27.621620 27.289473 1.152171 0.326088
17:47:02 26.210527 26.342106 25.815788 24.868422 27.621620 27.289473 1.152171 0.326088
17:47:03 26.210527 26.342106 25.815788 24.868422 27.621620 27.289473 1.108695 0.326088
17:47:03 26.210527 26.342106 25.815788 24.868422 27.621620 27.289473 1.108695 0.347826
17:47:03 26.210527 26.315788 25.815788 24.868422 27.621620 27.289473 1.108695 0.347826
17:47:03 26.210527 26.315788 25.815788 24.868422 27.621620 27.289473 1.130433 0.347826
17:47:04 26.210527 26.315788 25.815788 24.868422 27.621620 27.289473 1.130433 0.347826
17:47:04 26.210527 26.315788 25.815788 24.868422 27.621620 27.289473 1.130433 0.347826
17:47:04 26.210527 26.315788 25.815788 24.868422 27.621620 27.289473 1.130433 0.347826
17:47:04 26.210527 26.315788 25.815788 24.868422 27.621620 27.289473 1.108695 0.347826
17:47:05 26.210527 26.315788 25.815788 24.868422 27.621620 27.289473 1.108695 0.347826
17:47:05 26.210527 26.315788 25.815788 24.868422 27.621620 27.289473 1.108695 0.347826
17:47:05 26.210527 26.315788 25.815788 24.868422 27.621620 27.289473 1.108695 0.347826
17:47:05 26.210527 26.315788 25.815788 24.868422 27.621620 27.289473 1.108695 0.347826
17:47:06 26.210527 26.315788 25.815788 24.868422 27.621620 27.289473 1.108695 0.347826
17:47:06 26.210527 26.315788 25.815788 24.868422 27.621620 27.289473 1.108695 0.347826
17:47:06 26.210527 26.315788 25.815788 24.868422 27.621620 27.289473 1.108695 0.347826
17:47:06 26.210527 26.315788 25.815788 24.868422 27.621620 27.289473 1.108695 0.347826
17:47:07 26.210527 26.315788 25.815788 24.868422 27.621620 27.289473 1.108695 0.347826
17:47:07 26.210527 26.315788 25.815788 24.868422 27.621620 27.289473 1.108695 0.347826
17:47:07 26.210527 26.315788 25.815788 24.868422 27.621620 27.289473 1.108695 0.347826
17:47:07 26.210527 26.315788 25.815788 24.868422 27.621620 27.289473 1.130433 0.347826
17:47:08 26.210527 26.315788 25.815788 24.868422 27.621620 27.289473 1.130433 0.347826
17:47:08 26.210527 26.315788 25.815788 24.868422 27.621620 27.289473 1.130433 0.347826
17:47:08 26.210527 26.315788 25.815788 24.868422 27.621620 27.289473 1.130433 0.347826
17:47:08 26.210527 26.315788 25.815788 24.868422 27.621620 27.289473 1.130433 0.347826
17:47:09 26.210527 26.315788 25.815788 24.868422 27.621620 27.289473 1.130433 0.347826
17:47:09 26.210527 26.315788 25.815788 24.868422 27.621620 27.289473 1.130433 0.347826
17:47:09 26.210527 26.315788 25.815788 24.868422 27.621620 27.289473 1.130433 0.347826
17:47:09 26.210527 26.315788 25.815788 24.868422 27.621620 27.289473 1.108695 0.347826
17:47:10 26.210527 26.315788 25.815788 24.868422 27.621620 27.289473 1.108695 0.347826
17:47:10 26.210527 26.315788 25.815788 24.868422 27.621620 27.289473 1.108695 0.347826
17:47:10 26.210527 26.315788 25.815788 24.868422 27.621620 27.289473 1.108695 0.347826
17:47:10 26.210527 26.315788 25.815788 24.868422 27.621620 27.289473 1.108695 0.347826
17:47:11 26.210527 26.315788 25.815788 24.868422 27.621620 27.289473 1.108695 0.347826
17:47:11 26.184212 26.315788 25.815788 24.868422 27.621620 27.289473 1.108695 0.347826
17:47:11 26.184212 26.315788 25.815788 24.868422 27.621620 27.289473 1.130433 0.347826
17:47:11 26.184212 26.315788 25.815788 24.868422 27.621620 27.289473 1.130433 0.347826
17:47:12 26.184212 26.315788 25.815788 24.868422 27.621620 27.289473 1.130433 0.347826
17:47:12 26.184212 26.315788 25.815788 24.868422 27.621620 27.289473 1.130433 0.347826
17:47:12 26.184212 26.315788 25.815788 24.868422 27.621620 27.289473 1.130433 0.347826
17:47:12 26.184212 26.315788 25.815788 24.868422 27.621620 27.289473 1.130433 0.347826
17:47:13 26.184212 26.315788 25.815788 24.868422 27.621620 27.289473 1.130433 0.326088
17:47:13 26.184212 26.315788 25.815788 24.868422 27.621620 27.289473 1.130433 0.326088
17:47:13 26.184212 26.315788 25.815788 24.868422 27.621620 27.289473 1.130433 0.326088
17:47:13 26.184212 26.315788 25.815788 24.868422 27.621620 27.289473 1.130433 0.326088
17:47:14 26.184212 26.315788 25.815788 24.868422 27.621620 27.289473 1.130433 0.304351
17:47:14 26.184212 26.315788 25.815788 24.868422 27.621620 27.289473 1.130433 0.304351
17:47:14 26.184212 26.315788 25.815788 24.868422 27.621620 27.289473 1.152171 0.304351
17:47:14 26.184212 26.315788 25.815788 24.868422 27.621620 27.289473 1.152171 0.304351
17:47:15 26.210527 26.315788 25.815788 24.868422 27.621620 27.289473 1.152171 0.304351
17:47:15 26.210527 26.315788 25.815788 24.868422 27.621620 27.289473 1.152171 0.304351
17:47:15 26.210527 26.315788 25.815788 24.868422 27.621620 27.289473 1.130433 0.304351
17:47:15 26.210527 26.315788 25.815788 24.868422 27.621620 27.289473 1.130433 0.304351
17:47:16 26.210527 26.315788 25.815788 24.868422 27.621620 27.289473 1.130433 0.304351
17:47:16 26.210527 26.315788 25.815788 24.868422 27.621620 27.289473 1.130433 0.304351
17:47:16 26.210527 26.315788 25.815788 24.868422 27.621620 27.289473 1.152171 0.304351
17:47:16 26.210527 26.315788 25.815788 24.868422 27.621620 27.289473 1.152171 0.304351
17:47:17 26.184212 26.315788 25.815788 24.868422 27.621620 27.289473 1.152171 0.304351
17:47:17 26.184212 26.315788 25.789474 24.868422 27.621620 27.289473 1.152171 0.304351
17:47:17 26.184212 26.315788 25.789474 24.868422 27.621620 27.289473 1.152171 0.304351
17:47:17 26.184212 26.315788 25.789474 24.868422 27.621620 27.289473 1.152171 0.304351
17:47:18 26.184212 26.315788 25.789474 24.868422 27.621620 27.289473 1.152171 0.304351
17:47:18 26.184212 26.315788 25.789474 24.868422 27.621620 27.289473 1.152171 0.304351
17:47:18 26.184212 26.315788 25.789474 24.868422 27.621620 27.289473 1.130433 0.304351
17:47:18 26.184212 26.315788 25.789474 24.868422 27.621620 27.289473 1.130433 0.304351
17:47:19 26.184212 26.315788 25.789474 24.868422 27.621620 27.289473 1.130433 0.304351
17:47:19 26.184212 26.315788 25.789474 24.868422 27.621620 27.289473 1.130433 0.304351
17:47:19 26.184212 26.315788 25.789474 24.868422 27.621620 27.289473 1.108695 0.304351
17:47:19 26.184212 26.315788 25.789474 24.868422 27.621620 27.289473 1.108695 0.304351
17:47:20 26.184212 26.315788 25.789474 24.868422 27.621620 27.289473 1.108695 0.304351
