13:36:21 28.105263 26.000000 27.657896 26.157894 27.297297 27.105263 1.282606 0.130440
13:36:22 28.105263 26.000000 27.657896 26.157894 27.459461 27.105263 1.239131 0.369563
13:36:23 28.105263 26.000000 27.657896 26.157894 27.459461 27.105263 1.239131 0.369563
13:36:23 28.105263 26.000000 27.657896 26.157894 27.459461 27.105263 1.239131 0.369563
13:36:24 28.105263 26.000000 27.657896 26.157894 27.459461 27.105263 1.239131 0.369563
13:36:25 28.105263 26.000000 27.657896 26.157894 27.459461 27.105263 1.239131 0.369563
13:36:26 28.105263 26.000000 27.657896 26.157894 27.459461 27.105263 1.239131 0.369563
13:36:26 28.105263 26.000000 27.657896 26.157894 27.459461 27.105263 1.217394 0.369563
13:36:27 28.105263 26.000000 27.657896 26.157894 27.459461 27.105263 1.217394 0.369563
13:36:28 28.105263 26.000000 27.657896 26.157894 27.459461 27.105263 1.217394 0.369563
13:36:29 28.105263 26.000000 27.657896 26.157894 27.459461 27.105263 1.217394 0.369563
13:36:29 28.105263 26.000000 27.657896 26.157894 27.459461 27.105263 1.239131 0.369563
13:36:30 28.078949 26.000000 27.657896 26.157894 27.459461 27.105263 1.239131 0.369563
13:36:31 28.105263 26.000000 27.657896 26.157894 27.459461 27.105263 1.239131 0.369563
13:36:32 28.078949 26.000000 27.657896 26.157894 27.459461 27.105263 1.239131 0.369563
13:36:32 28.078949 26.000000 27.657896 26.157894 27.459461 27.105263 1.239131 0.369563
13:36:33 28.078949 26.000000 27.657896 26.157894 27.459461 27.105263 1.239131 0.369563
13:36:34 28.078949 26.000000 27.657896 26.157894 27.459461 27.105263 1.239131 0.369563
13:36:35 28.078949 26.000000 27.657896 26.157894 27.459461 27.105263 1.239131 0.369563
13:36:35 28.078949 26.000000 27.657896 26.157894 27.459461 27.105263 1.239131 0.369563
13:36:36 28.105263 26.000000 27.657896 26.157894 27.459461 27.105263 1.260869 0.369563
13:36:37 28.105263 26.000000 27.657896 26.157894 27.459461 27.105263 1.260869 0.282613
13:36:38 28.105263 26.000000 27.657896 26.157894 27.459461 27.105263 1.260869 0.304351
13:36:38 28.105263 26.000000 27.657896 26.157894 27.459461 27.105263 1.282606 0.304351
13:36:39 28.105263 26.000000 27.657896 26.157894 27.459461 27.105263 1.239131 0.304351
13:36:40 28.105263 26.000000 27.657896 26.157894 27.459461 27.105263 1.239131 0.304351
13:36:41 28.105263 26.000000 27.657896 26.157894 27.459461 27.105263 1.239131 0.304351
13:36:41 28.105263 26.000000 27.657896 26.157894 27.459461 27.105263 1.239131 0.304351
13:36:42 28.105263 26.000000 27.657896 26.157894 27.459461 27.105263 1.239131 0.304351
13:36:43 28.105263 26.000000 27.657896 26.157894 27.459461 27.105263 1.239131 0.304351
13:36:44 28.105263 26.000000 27.657896 26.157894 27.459461 27.105263 1.239131 0.304351
13:36:44 28.105263 26.000000 27.657896 26.157894 27.459461 27.105263 1.239131 0.304351
13:36:45 28.105263 26.000000 27.657896 26.157894 27.459461 27.105263 1.260869 0.304351
13:36:46 28.105263 26.000000 27.657896 26.157894 27.459461 27.105263 1.282606 0.304351
13:36:47 28.105263 26.000000 27.657896 26.157894 27.459461 27.105263 1.347829 0.304351
13:36:47 28.105263 26.000000 27.657896 26.157894 27.459461 27.105263 1.347829 0.304351
13:36:48 28.105263 26.000000 27.657896 26.157894 27.459461 27.105263 1.413042 0.304351
13:36:49 28.105263 26.000000 27.657896 26.157894 27.459461 27.105263 1.478265 0.304351
13:36:50 28.105263 26.000000 27.657896 26.157894 27.459461 27.105263 1.456517 0.304351
13:36:50 28.105263 26.000000 27.657896 26.157894 27.459461 27.105263 1.456517 0.304351
13:36:51 28.105263 26.000000 27.657896 26.157894 27.459461 27.105263 1.391304 0.304351
13:36:52 28.105263 26.000000 27.657896 26.157894 27.459461 27.105263 1.304344 0.304351
13:36:53 28.105263 26.000000 27.657896 26.157894 27.459461 27.105263 1.260869 0.304351
13:36:53 28.105263 26.000000 27.657896 26.157894 27.459461 27.105263 1.260869 0.347826
13:36:54 28.105263 26.000000 27.657896 26.157894 27.459461 27.105263 1.239131 0.369563
13:36:55 28.105263 26.000000 27.657896 26.157894 27.459461 27.105263 1.239131 0.369563
13:36:56 28.105263 26.000000 27.657896 26.157894 27.459461 27.105263 1.239131 0.369563
13:36:56 28.105263 26.000000 27.657896 26.157894 27.459461 27.105263 1.239131 0.369563
13:36:57 28.105263 26.000000 27.657896 26.157894 27.459461 27.105263 1.239131 0.369563
13:36:58 28.105263 26.000000 27.657896 26.157894 27.459461 27.105263 1.239131 0.369563
13:36:59 28.105263 26.000000 27.657896 26.157894 27.459461 27.105263 1.217394 0.369563
13:36:59 28.105263 26.000000 27.657896 26.157894 27.459461 27.105263 1.217394 0.369563
13:37:00 28.105263 26.000000 27.657896 26.157894 27.459461 27.105263 1.217394 0.369563
13:37:01 28.105263 26.000000 27.657896 26.157894 27.459461 27.105263 1.217394 0.369563
13:37:02 28.105263 26.000000 27.657896 26.157894 27.459461 27.105263 1.239131 0.304351
13:37:02 28.105263 26.000000 27.657896 26.157894 27.459461 27.105263 1.239131 0.304351
13:37:03 28.105263 26.000000 27.657896 26.157894 27.459461 27.105263 1.239131 0.304351
13:37:04 28.078949 26.000000 27.657896 26.157894 27.459461 27.105263 1.239131 0.304351
13:37:05 28.078949 26.000000 27.657896 26.157894 27.459461 27.105263 1.239131 0.304351
13:37:05 28.078949 26.000000 27.657896 26.157894 27.459461 27.105263 1.239131 0.304351
13:37:06 28.078949 26.000000 27.657896 26.157894 27.459461 27.105263 1.239131 0.304351
13:37:07 28.078949 26.000000 27.657896 26.157894 27.459461 27.105263 1.239131 0.304351
13:37:08 28.078949 26.000000 27.657896 26.157894 27.459461 27.105263 1.239131 0.304351
13:37:08 28.078949 26.000000 27.657896 26.157894 27.459461 27.105263 1.260869 0.304351
13:37:09 28.078949 26.000000 27.657896 26.157894 27.459461 27.105263 1.260869 0.304351
13:37:10 28.105263 26.000000 27.657896 26.157894 27.459461 27.105263 1.260869 0.304351
13:37:11 28.105263 26.000000 27.657896 26.157894 27.459461 27.105263 1.239131 0.304351
13:37:11 28.105263 26.000000 27.657896 26.157894 27.459461 27.105263 1.434779 0.260865
13:37:12 28.105263 26.000000 27.657896 26.157894 27.459461 27.105263 1.239131 0.260865
13:37:13 28.078949 26.000000 27.657896 26.157894 27.459461 27.105263 1.239131 0.369563
13:37:14 28.078949 26.000000 27.657896 26.157894 27.459461 27.105263 1.239131 0.369563
13:37:14 28.105263 26.000000 27.657896 26.157894 27.459461 27.105263 1.239131 0.369563
13:37:15 28.105263 26.000000 27.657896 26.157894 27.459461 27.105263 1.239131 0.369563
13:37:16 28.105263 26.000000 27.657896 26.157894 27.459461 27.105263 1.260869 0.369563
13:37:17 28.078949 26.000000 27.657896 26.157894 27.459461 27.105263 1.260869 0.369563
13:37:17 28.105263 26.000000 27.657896 26.157894 27.459461 27.105263 1.282606 0.195653
13:37:18 28.105263 26.000000 27.657896 26.157894 27.459461 27.105263 1.304344 0.304351
13:37:19 28.078949 26.000000 27.657896 26.157894 27.459461 27.105263 1.369567 0.304351
13:37:20 28.105263 26.000000 27.657896 26.157894 27.459461 27.105263 1.413042 0.304351
13:37:20 28.078949 26.000000 27.657896 26.157894 27.459461 27.105263 1.413042 0.304351
13:37:22 28.078949 26.000000 27.657896 26.157894 27.459461 27.105263 1.456517 0.304351
13:37:23 27.973684 25.894737 27.578947 25.894737 27.459461 27.105263 1.456517 0.304351
13:37:23 27.973684 25.894737 27.578947 25.894737 27.459461 27.105263 7.347830 0.304351
13:37:24 27.973684 25.894737 27.578947 25.868420 27.459461 27.105263 7.391305 0.326088
13:37:25 27.973684 25.894737 27.578947 25.868420 27.459461 27.105263 7.108696 0.369563
13:37:26 27.973684 25.894737 27.578947 25.894737 27.459461 27.105263 7.173909 0.369563
13:37:26 27.973684 25.894737 27.552631 25.894737 27.459461 27.105263 7.173909 0.369563
13:37:27 27.973684 25.894737 27.552631 25.894737 27.459461 27.105263 7.043483 0.369563
13:37:28 27.973684 25.894737 27.552631 25.868420 27.459461 27.105263 7.152171 0.369563
13:37:29 27.973684 25.868422 27.552631 25.868420 27.459461 27.105263 7.108696 0.369563
13:37:29 27.973684 25.894737 27.552631 25.868420 27.459461 27.105263 7.152171 0.369563
13:37:30 27.973684 25.868422 27.552631 25.868420 27.459461 27.105263 7.152171 0.369563
13:37:31 27.973684 25.868422 27.552631 25.868420 27.459461 27.105263 7.217394 0.369563
13:37:32 27.973684 25.868422 27.552631 25.868420 27.459461 27.105263 7.130434 0.217390
13:37:32 27.973684 25.868422 27.552631 25.868420 27.459461 27.105263 7.239131 0.217390
13:37:33 27.973684 25.868422 27.552631 25.868420 27.459461 27.105263 7.239131 0.304351
13:37:34 27.973684 25.868422 27.552631 25.868420 27.459461 27.105263 7.086958 0.304351
13:37:35 27.973684 25.868422 27.552631 25.868420 27.459461 27.105263 7.195656 0.369563
13:37:35 27.973684 25.868422 27.552631 25.868420 27.459461 27.105263 7.108696 0.369563
13:37:36 27.973684 25.868422 27.552631 25.868420 27.459461 27.105263 7.217394 0.369563
13:37:37 27.973684 25.868422 27.552631 25.868420 27.459461 27.105263 7.217394 0.369563
13:37:38 27.973684 25.868422 27.552631 25.868420 27.459461 27.105263 7.108696 0.369563
13:37:38 27.973684 25.868422 27.552631 25.868420 27.459461 27.105263 7.217394 0.369563
13:37:39 27.973684 25.868422 27.552631 25.868420 27.459461 27.105263 7.152171 0.369563
13:37:40 27.973684 25.868422 27.552631 25.868420 27.459461 27.105263 7.152171 0.369563
13:37:41 27.973684 25.868422 27.552631 25.868420 27.459461 27.105263 7.130434 0.369563
13:37:41 27.973684 25.868422 27.552631 25.868420 27.459461 27.105263 7.217394 0.369563
13:37:42 27.973684 25.868422 27.552631 25.868420 27.459461 27.105263 7.195656 0.369563
