12:29:41 26.710527 25.368420 26.315790 25.394737 26.891891 26.500000 1.260869 9.304352
12:29:44 26.710527 25.368420 26.315790 25.394737 26.756758 26.421053 1.239131 5.891306
12:29:46 26.710527 25.368420 26.315790 25.394737 26.783783 26.447369 1.239131 5.826084
12:29:48 26.710527 25.368420 26.315790 25.394737 26.783783 26.421053 1.260869 5.565223
12:29:50 26.736843 25.368420 26.315790 25.368420 26.783783 26.447369 1.326092 5.434787
12:29:52 26.736843 25.368420 26.315790 25.368420 26.783783 26.447369 1.326092 5.434787
12:29:53 26.736843 25.368420 26.342104 25.368420 26.810810 26.473684 1.413042 5.282614
12:29:55 26.736843 25.368420 26.342104 25.368420 26.810810 26.473684 1.326092 5.282614
12:29:57 26.736843 25.394737 26.342104 25.368420 26.810810 26.473684 1.260869 5.347826
12:29:59 26.763157 25.394737 26.342104 25.368420 26.810810 26.473684 1.239131 5.239128
12:30:01 26.763157 25.394737 26.368422 25.368420 26.972973 26.631578 1.217394 3.282614
12:30:02 26.763157 25.394737 26.368422 25.368420 27.000000 26.684212 1.217394 2.869569
12:30:04 26.763157 25.394737 26.368422 25.368420 27.027027 26.710527 1.217394 2.565222
12:30:06 26.763157 25.394737 26.368422 25.368420 27.054054 26.736843 1.239131 2.413039
12:30:08 26.763157 25.394737 26.368422 25.368420 27.054054 26.736843 1.217394 2.456524
12:30:10 26.763157 25.394737 26.368422 25.368420 27.054054 26.710527 1.239131 2.478262
12:30:11 26.763157 25.394737 26.368422 25.368420 27.027027 26.710527 1.239131 2.413039
12:30:13 26.763157 25.394737 26.368422 25.368420 27.054054 26.710527 1.239131 2.391301
12:30:15 26.763157 25.394737 26.368422 25.368420 27.054054 26.710527 1.239131 2.413039
12:30:17 26.763157 25.394737 26.368422 25.368420 27.054054 26.710527 1.217394 2.413039
12:30:19 26.763157 25.394737 26.368422 25.368420 27.054054 26.710527 1.239131 2.413039
12:30:20 26.763157 25.394737 26.368422 25.342106 27.054054 26.710527 1.239131 2.413039
12:30:22 26.763157 25.394737 26.368422 25.368420 27.054054 26.736843 1.282606 2.282613
12:30:24 26.763157 25.394737 26.368422 25.368420 27.054054 26.736843 1.347829 2.260865
12:30:26 26.763157 25.394737 26.368422 25.368420 27.054054 26.736843 1.347829 2.282613
12:30:28 26.763157 25.394737 26.368422 25.368420 27.054054 26.736843 1.282606 2.260865
12:30:29 26.763157 25.394737 26.368422 25.368420 27.054054 26.736843 1.260869 2.108692
12:30:31 26.763157 25.394737 26.368422 25.368420 27.054054 26.736843 1.260869 2.152178
12:30:33 26.763157 25.394737 26.368422 25.368420 27.054054 26.736843 1.239131 2.152178
12:30:35 26.763157 25.394737 26.368422 25.368420 27.054054 26.736843 1.239131 2.195653
12:30:37 26.763157 25.394737 26.368422 25.368420 27.054054 26.736843 1.217394 2.152178
12:30:38 26.763157 25.394737 26.368422 25.368420 27.081081 26.736843 1.217394 2.108692
12:30:40 26.763157 25.394737 26.368422 25.368420 27.081081 26.736843 1.239131 2.152178
12:30:42 26.763157 25.394737 26.368422 25.368420 27.081081 26.736843 1.260869 2.152178
12:30:44 26.657896 25.289474 26.263157 25.078947 27.054054 26.736843 1.239131 2.108692
12:30:46 26.763157 25.394737 26.342104 25.078947 27.054054 26.736843 6.913047 2.130430
12:30:48 26.736843 25.368420 26.342104 25.342106 27.054054 26.736843 1.739126 2.173915
12:30:49 26.631578 25.368420 26.342104 25.289474 27.054054 26.736843 2.913047 2.130430
12:30:51 26.631578 25.263159 26.263157 25.026316 27.054054 26.736843 8.065221 2.130430
12:30:53 26.631578 25.263159 26.263157 25.184212 27.054054 26.710527 4.826087 2.217390
12:30:55 26.710527 25.315790 26.184212 24.894735 27.054054 26.710527 10.586953 2.304351
12:30:57 26.578947 25.210526 26.210526 24.921053 27.027027 26.710527 10.586953 2.391301
12:30:58 26.736843 25.368420 26.342104 24.921053 27.027027 26.710527 10.500003 2.326088
12:31:00 26.631578 25.263159 26.342104 25.289474 27.054054 26.684212 2.413042 2.499999
12:31:02 26.631578 25.263159 26.236843 25.026316 27.027027 26.710527 7.934785 2.478262
12:31:04 26.631578 25.263159 26.236843 25.026316 27.027027 26.710527 8.021735 2.456524
12:31:06 26.631578 25.263159 26.236843 25.026316 27.027027 26.710527 7.847825 2.456524
12:31:07 26.631578 25.263159 26.342104 25.315790 27.000000 26.684212 1.782611 2.717396
12:31:09 26.710527 25.342104 26.315790 25.236841 27.000000 26.684212 1.760874 2.695648
12:31:11 26.526318 25.157896 26.184212 25.236841 27.000000 26.684212 3.500003 2.913044
12:31:13 26.736843 25.368420 26.184212 24.789474 27.000000 26.684212 12.782613 2.782608
12:31:15 26.631578 25.368420 26.342104 25.315790 27.000000 26.684212 1.891299 2.847831
12:31:16 26.631578 25.236841 26.236843 25.026316 27.000000 26.684212 7.891300 2.826083
12:31:18 26.605265 25.236841 26.236843 25.026316 27.000000 26.657894 7.934785 2.847831
12:31:20 26.605265 25.236841 26.184212 24.815790 26.972973 26.657894 12.065221 2.804346
12:31:22 26.605265 25.342104 26.289473 25.236841 26.972973 26.657894 12.152171 2.891306
12:31:24 26.710527 25.342104 26.315790 25.236841 27.000000 26.684212 3.521740 2.826083
12:31:25 26.631578 25.263159 26.315790 25.236841 27.000000 26.657894 3.565215 2.760871
12:31:27 26.631578 25.263159 26.263157 25.078947 26.972973 26.657894 6.956522 2.978256
12:31:29 26.631578 25.263159 26.263157 25.078947 26.972973 26.657894 3.413042 3.021742
12:31:31 26.684210 25.315790 26.289473 24.947369 26.972973 26.657894 7.478265 2.978256
12:31:33 26.605265 25.236841 26.236843 25.210526 26.783783 26.447369 1.260869 5.913044
12:31:35 26.736843 25.394737 26.342104 25.342106 26.756758 26.447369 1.239131 5.739133
12:31:36 26.736843 25.394737 26.342104 25.342106 26.783783 26.447369 1.217394 5.739133
12:31:38 26.736843 25.368420 26.342104 25.368420 26.756758 26.421053 1.239131 5.760871
12:31:40 26.736843 25.368420 26.342104 25.368420 26.729731 26.421053 1.239131 5.760871
12:31:42 26.736843 25.368420 26.342104 25.368420 26.756758 26.421053 1.239131 5.630435
12:31:44 26.736843 25.368420 26.342104 25.368420 26.783783 26.447369 1.239131 5.500000
12:31:45 26.736843 25.368420 26.342104 25.394737 26.756758 26.447369 1.260869 5.478262
12:31:47 26.710527 25.368420 26.342104 25.394737 26.783783 26.447369 1.239131 5.347826
12:31:49 26.710527 25.368420 26.315790 25.394737 26.756758 26.447369 1.239131 5.304351
12:31:51 26.710527 25.368420 26.315790 25.394737 26.837837 26.500000 1.239131 4.326088
12:31:53 26.710527 25.342104 26.315790 25.394737 26.891891 26.578947 1.239131 3.326088
12:31:54 26.710527 25.342104 26.315790 25.394737 26.945946 26.605263 1.239131 2.760871
12:31:56 26.710527 25.342104 26.315790 25.394737 26.945946 26.631578 1.282606 2.521737
12:31:58 26.684210 25.342104 26.315790 25.394737 26.972973 26.657894 1.347829 2.434787
12:32:00 26.684210 25.342104 26.315790 25.394737 26.972973 26.657894 1.391304 2.434787
12:32:02 26.684210 25.342104 26.315790 25.394737 26.972973 26.631578 1.304344 2.478262
12:32:03 26.684210 25.342104 26.315790 25.394737 26.972973 26.631578 1.282606 2.499999
12:32:05 26.684210 25.342104 26.315790 25.394737 26.972973 26.657894 1.260869 2.499999
12:32:07 26.684210 25.342104 26.315790 25.394737 26.972973 26.631578 1.239131 2.499999
12:32:09 26.684210 25.342104 26.315790 25.394737 26.972973 26.631578 1.239131 2.478262
12:32:11 26.684210 25.342104 26.315790 25.394737 26.972973 26.631578 1.239131 2.499999
12:32:12 26.710527 25.342104 26.315790 25.394737 26.972973 26.657894 1.239131 2.478262
12:32:14 26.684210 25.342104 26.315790 25.394737 26.972973 26.657894 1.239131 2.326088
12:32:16 26.684210 25.342104 26.315790 25.394737 26.972973 26.657894 1.239131 2.326088
12:32:18 26.710527 25.342104 26.315790 25.394737 26.972973 26.657894 1.239131 2.347826
12:32:20 26.710527 25.342104 26.315790 25.394737 26.972973 26.657894 1.239131 2.326088
12:32:21 26.710527 25.342104 26.315790 25.394737 26.972973 26.657894 1.239131 2.282613
12:32:23 26.710527 25.342104 26.315790 25.394737 26.972973 26.657894 1.239131 2.260865
12:32:25 26.710527 25.342104 26.315790 25.394737 26.972973 26.657894 1.239131 2.326088
12:32:27 26.710527 25.342104 26.315790 25.394737 26.972973 26.657894 1.260869 2.217390
12:32:29 26.710527 25.342104 26.315790 25.394737 26.972973 26.657894 1.282606 2.282613
12:32:30 26.710527 25.342104 26.315790 25.394737 26.972973 26.657894 1.369567 2.326088
12:32:33 26.710527 25.342104 26.315790 25.394737 26.972973 26.657894 1.347829 2.239128
12:32:34 26.710527 25.342104 26.315790 25.394737 26.972973 26.657894 1.282606 2.347826
12:32:36 26.710527 25.342104 26.315790 25.394737 26.972973 26.657894 1.239131 2.326088
12:32:38 26.710527 25.342104 26.315790 25.394737 26.972973 26.657894 1.239131 2.304351
12:32:40 26.710527 25.342104 26.315790 25.394737 26.972973 26.657894 1.217394 2.347826
12:32:42 26.710527 25.342104 26.315790 25.394737 26.972973 26.657894 1.217394 2.369564
12:32:43 26.710527 25.342104 26.315790 25.394737 26.972973 26.657894 1.217394 2.347826
12:32:45 26.710527 25.342104 26.315790 25.394737 26.972973 26.657894 1.217394 2.260865
12:32:47 26.710527 25.342104 26.315790 25.394737 26.972973 26.657894 1.239131 2.260865
12:32:49 26.710527 25.342104 26.315790 25.394737 26.972973 26.657894 1.260869 2.260865
12:32:51 26.710527 25.342104 26.315790 25.394737 26.972973 26.657894 1.239131 2.282613
12:32:52 26.710527 25.342104 26.315790 25.394737 26.972973 26.657894 1.239131 2.304351
12:32:54 26.710527 25.342104 26.315790 25.394737 26.972973 26.657894 1.239131 2.239128
12:32:56 26.710527 25.342104 26.315790 25.394737 26.972973 26.657894 1.239131 2.239128
12:32:58 26.710527 25.342104 26.315790 25.394737 26.972973 26.657894 1.239131 2.260865
12:33:00 26.710527 25.342104 26.315790 25.394737 26.972973 26.657894 1.260869 2.326088
12:33:01 26.710527 25.342104 26.315790 25.394737 26.972973 26.657894 1.304344 2.217390
12:33:03 26.710527 25.342104 26.315790 25.394737 26.972973 26.657894 1.391304 2.260865
12:33:05 26.710527 25.342104 26.315790 25.394737 26.972973 26.657894 1.304344 2.239128
12:33:07 26.710527 25.342104 26.315790 24.973684 26.972973 26.657894 7.326082 2.239128
12:33:09 26.578947 25.236841 26.210526 25.105263 26.972973 26.657894 6.891300 2.260865
12:33:10 26.578947 25.236841 26.210526 25.105263 26.972973 26.657894 6.869562 2.304351
12:33:12 26.657896 25.315790 26.263157 25.105263 26.972973 26.657894 6.826087 2.260865
12:33:14 26.657896 25.315790 26.263157 25.315790 26.972973 26.657894 2.717388 2.282613
12:33:16 26.657896 25.315790 26.263157 25.315790 26.972973 26.657894 2.739126 2.347826
12:33:18 26.657896 25.315790 26.263157 25.315790 26.972973 26.657894 2.739126 2.347826
12:33:19 26.657896 25.315790 26.263157 25.315790 26.972973 26.657894 2.717388 2.304351
12:33:21 26.657896 25.315790 26.263157 25.315790 26.972973 26.657894 2.739126 2.282613
12:33:23 26.657896 25.315790 26.263157 25.315790 26.972973 26.657894 2.739126 2.434787
12:33:25 26.657896 25.315790 26.263157 25.315790 26.972973 26.657894 2.739126 2.347826
12:33:27 26.657896 25.315790 26.263157 25.315790 26.972973 26.657894 2.739126 2.499999
12:33:28 26.657896 25.315790 26.263157 25.315790 26.972973 26.657894 2.739126 2.478262
12:33:30 26.657896 25.315790 26.263157 25.315790 26.972973 26.631578 2.521740 2.456524
12:33:32 26.657896 25.315790 26.263157 25.342106 26.972973 26.657894 2.369567 2.369564
