17:48:48 26.184212 26.315788 25.789474 24.894735 27.648649 27.289473 1.130433 0.000004
17:48:49 26.184212 26.315788 25.789474 24.894735 27.648649 27.289473 1.130433 0.000004
17:48:49 26.184212 26.315788 25.789474 24.894735 27.648649 27.289473 1.130433 0.000004
17:48:49 26.184212 26.315788 25.789474 24.894735 27.621620 27.263157 1.130433 0.000004
17:48:49 26.184212 26.315788 25.789474 24.894735 27.621620 27.263157 1.130433 0.499999
17:48:50 26.184212 26.315788 25.789474 24.894735 27.621620 27.263157 1.130433 0.499999
17:48:50 26.184212 26.315788 25.789474 24.894735 27.621620 27.263157 1.130433 0.499999
17:48:50 26.184212 26.315788 25.789474 24.894735 27.594595 27.263157 1.130433 0.499999
17:48:50 26.184212 26.315788 25.789474 24.894735 27.594595 27.263157 1.130433 0.499999
17:48:51 26.184212 26.315788 25.789474 24.894735 27.594595 27.263157 1.130433 0.499999
17:48:51 26.184212 26.315788 25.789474 24.894735 27.594595 27.263157 1.130433 0.499999
17:48:51 26.184212 26.315788 25.789474 24.894735 27.594595 27.263157 1.130433 0.499999
17:48:51 26.184212 26.315788 25.789474 24.894735 27.594595 27.263157 1.130433 0.499999
17:48:52 26.184212 26.315788 25.789474 24.894735 27.594595 27.263157 1.130433 0.499999
17:48:52 26.184212 26.315788 25.789474 24.894735 27.594595 27.263157 1.130433 0.499999
17:48:52 26.184212 26.315788 25.789474 24.894735 27.594595 27.263157 1.130433 0.499999
17:48:52 26.184212 26.315788 25.789474 24.894735 27.594595 27.263157 1.130433 0.499999
17:48:53 26.184212 26.315788 25.789474 24.894735 27.594595 27.263157 1.130433 0.499999
17:48:53 26.184212 26.315788 25.789474 24.868422 27.594595 27.263157 1.130433 0.499999
17:48:53 26.184212 26.315788 25.789474 24.868422 27.594595 27.263157 1.130433 0.499999
17:48:53 26.184212 26.315788 25.789474 24.868422 27.594595 27.263157 1.130433 0.499999
17:48:54 26.184212 26.315788 25.789474 24.868422 27.594595 27.263157 1.130433 0.499999
17:48:54 26.184212 26.315788 25.789474 24.868422 27.594595 27.263157 1.130433 0.499999
17:48:54 26.184212 26.315788 25.789474 24.868422 27.594595 27.263157 1.130433 0.478262
17:48:54 26.184212 26.315788 25.789474 24.868422 27.594595 27.263157 1.130433 0.478262
17:48:55 26.184212 26.315788 25.789474 24.868422 27.594595 27.263157 1.130433 0.478262
17:48:55 26.184212 26.315788 25.789474 24.868422 27.594595 27.263157 1.130433 0.478262
17:48:55 26.184212 26.315788 25.789474 24.868422 27.594595 27.263157 1.130433 0.478262
17:48:55 26.184212 26.315788 25.789474 24.868422 27.594595 27.263157 1.130433 0.478262
17:48:56 26.184212 26.315788 25.789474 24.868422 27.594595 27.263157 1.130433 0.478262
17:48:56 26.184212 26.315788 25.789474 24.868422 27.594595 27.263157 1.130433 0.478262
17:48:56 26.184212 26.315788 25.789474 24.868422 27.594595 27.263157 1.130433 0.434786
17:48:56 26.184212 26.315788 25.789474 24.868422 27.594595 27.263157 1.130433 0.434786
17:48:57 26.184212 26.315788 25.789474 24.868422 27.594595 27.263157 1.130433 0.434786
17:48:57 26.184212 26.315788 25.789474 24.868422 27.621620 27.263157 1.130433 0.434786
17:48:57 26.184212 26.315788 25.789474 24.868422 27.621620 27.263157 1.130433 0.434786
17:48:57 26.184212 26.315788 25.789474 24.868422 27.621620 27.263157 1.130433 0.434786
17:48:58 26.184212 26.315788 25.789474 24.868422 27.621620 27.263157 1.152171 0.434786
17:48:58 26.184212 26.315788 25.789474 24.868422 27.621620 27.263157 1.152171 0.434786
17:48:58 26.184212 26.315788 25.789474 24.868422 27.621620 27.263157 1.152171 0.391301
17:48:58 26.184212 26.315788 25.789474 24.868422 27.621620 27.263157 1.152171 0.391301
17:48:59 26.184212 26.315788 25.789474 24.868422 27.621620 27.263157 1.173908 0.391301
17:48:59 26.184212 26.315788 25.789474 24.868422 27.621620 27.263157 1.173908 0.391301
17:48:59 26.184212 26.315788 25.789474 24.868422 27.621620 27.263157 1.173908 0.391301
