19:35:27 26.052631 26.131578 25.684210 24.684212 27.594595 27.236841 1.086958 -0.021744
19:35:28 26.052631 26.131578 25.684210 24.684212 27.432432 27.236841 1.108695 -0.021744
19:35:28 26.052631 26.131578 25.684210 24.684212 27.432432 27.052631 1.108695 5.586960
19:35:28 26.052631 26.131578 25.684210 24.684212 27.432432 27.052631 1.130433 5.586960
19:35:29 26.052631 26.131578 25.684210 24.684212 27.324326 27.000000 1.130433 3.347826
19:35:29 26.052631 26.131578 25.684210 24.684212 27.324326 27.000000 1.130433 3.347826
19:35:30 26.052631 26.131578 25.684210 24.684212 27.324326 27.000000 1.195656 3.347826
19:35:30 26.052631 26.131578 25.684210 24.684212 27.324326 27.000000 1.195656 3.326088
19:35:30 26.052631 26.131578 25.684210 24.710526 27.324326 27.000000 1.239131 3.326088
19:35:31 26.026316 26.131578 25.684210 24.710526 27.324326 27.000000 1.239131 3.217390
19:35:31 26.026316 26.131578 25.684210 24.710526 27.324326 27.000000 1.239131 3.217390
19:35:32 26.026316 26.131578 25.684210 24.710526 27.324326 27.000000 1.326092 3.217390
19:35:32 26.026316 26.131578 25.684210 24.710526 27.324326 27.000000 1.326092 3.260865
19:35:32 26.026316 26.131578 25.684210 24.710526 27.324326 27.000000 1.282606 3.260865
19:35:33 26.026316 26.131578 25.684210 24.710526 27.324326 27.000000 1.282606 3.195653
19:35:33 26.026316 26.131578 25.684210 24.710526 27.324326 27.000000 1.195656 3.195653
19:35:34 26.026316 26.131578 25.684210 24.710526 27.324326 26.973684 1.195656 3.217390
19:35:34 26.026316 26.131578 25.684210 24.710526 27.324326 26.973684 1.195656 3.217390
19:35:34 26.026316 26.131578 25.684210 24.710526 27.324326 26.973684 1.130433 3.217390
19:35:35 26.026316 26.131578 25.684210 24.710526 27.324326 26.973684 1.130433 3.260865
19:35:35 26.026316 26.131578 25.684210 24.710526 27.324326 26.973684 1.108695 3.260865
19:35:36 26.026316 26.131578 25.684210 24.710526 27.324326 26.973684 1.108695 3.195653
19:35:36 26.026316 26.131578 25.684210 24.710526 27.324326 26.973684 1.108695 3.195653
19:35:36 26.026316 26.131578 25.684210 24.710526 27.324326 26.973684 1.086958 3.195653
19:35:37 26.026316 26.131578 25.684210 24.710526 27.324326 26.973684 1.086958 3.217390
19:35:37 26.026316 26.131578 25.684210 24.710526 27.378378 26.973684 1.086958 3.217390
19:35:38 26.026316 26.131578 25.684210 24.710526 27.378378 27.026316 1.086958 2.413039
19:35:38 26.026316 26.131578 25.657894 24.710526 27.378378 27.026316 1.086958 2.413039
19:35:38 26.026316 26.131578 25.657894 24.710526 27.405403 27.078947 1.086958 1.347826
19:35:39 26.026316 26.105263 25.657894 24.710526 27.405403 27.078947 1.086958 1.347826
19:35:39 26.026316 26.105263 25.657894 24.710526 27.459461 27.078947 1.065220 1.347826
19:35:40 26.000000 26.105263 25.657894 24.710526 27.459461 27.105263 1.065220 1.195653
19:35:40 26.000000 26.105263 25.657894 24.710526 27.459461 27.105263 1.065220 1.195653
19:35:40 26.000000 26.105263 25.657894 24.710526 27.486486 27.131578 1.065220 0.913044
19:35:41 26.000000 26.105263 25.657894 24.710526 27.486486 27.131578 1.065220 0.913044
19:35:41 26.000000 26.105263 25.657894 24.710526 27.486486 27.131578 1.065220 0.913044
19:35:42 26.000000 26.105263 25.657894 24.710526 27.486486 27.131578 1.065220 0.739133
19:35:42 26.000000 26.105263 25.657894 24.710526 27.486486 27.131578 1.065220 0.739133
19:35:42 26.000000 26.105263 25.657894 24.710526 27.513514 27.157894 1.065220 0.630435
19:35:43 26.000000 26.105263 25.657894 24.710526 27.513514 27.157894 1.065220 0.630435
19:35:43 26.000000 26.105263 25.657894 24.710526 27.513514 27.157894 1.065220 0.630435
19:35:44 26.000000 26.105263 25.657894 24.710526 27.513514 27.157894 1.065220 0.543474
19:35:44 26.000000 26.105263 25.657894 24.710526 27.513514 27.157894 1.065220 0.543474
19:35:44 26.000000 26.105263 25.657894 24.710526 27.513514 27.157894 1.065220 0.413038
19:35:45 26.000000 26.105263 25.657894 24.710526 27.513514 27.157894 1.065220 0.413038
19:35:45 26.000000 26.105263 25.657894 24.710526 27.513514 27.184212 1.065220 0.326088
19:35:46 26.000000 26.105263 25.657894 24.710526 27.513514 27.184212 1.065220 0.326088
19:35:46 26.000000 26.105263 25.657894 24.710526 27.513514 27.184212 1.065220 0.326088
19:35:46 26.000000 26.105263 25.657894 24.710526 27.513514 27.184212 1.065220 0.304351
19:35:47 26.000000 26.105263 25.657894 24.710526 27.513514 27.184212 1.086958 0.304351
19:35:47 26.000000 26.105263 25.657894 24.710526 27.513514 27.184212 1.086958 0.304351
19:35:48 26.000000 26.105263 25.657894 24.710526 27.513514 27.184212 1.086958 0.304351
19:35:48 26.000000 26.105263 25.657894 24.710526 27.513514 27.184212 1.086958 0.304351
19:35:48 26.000000 26.105263 25.657894 24.710526 27.513514 27.184212 1.086958 0.304351
19:35:49 26.000000 26.105263 25.657894 24.710526 27.513514 27.184212 1.086958 0.304351
19:35:49 26.000000 26.105263 25.657894 24.710526 27.513514 27.184212 1.086958 0.304351
19:35:50 26.000000 26.105263 25.657894 24.710526 27.513514 27.184212 1.086958 0.304351
19:35:50 26.000000 26.105263 25.657894 24.710526 27.513514 27.184212 1.152171 0.304351
19:35:50 26.000000 26.105263 25.657894 24.710526 27.513514 27.184212 1.152171 0.326088
19:35:51 26.000000 26.105263 25.657894 24.710526 27.513514 27.184212 1.086958 0.326088
19:35:51 26.000000 26.105263 25.657894 24.710526 27.513514 27.184212 1.086958 0.347826
19:35:52 26.000000 26.105263 25.657894 24.710526 27.513514 27.184212 1.086958 0.347826
19:35:52 26.000000 26.105263 25.657894 24.710526 27.513514 27.184212 1.086958 0.347826
19:35:52 26.000000 26.105263 25.657894 24.710526 27.513514 27.184212 1.086958 0.347826
19:35:53 26.000000 26.105263 25.657894 24.710526 27.513514 27.184212 1.086958 0.347826
19:35:53 26.000000 26.105263 25.657894 24.710526 27.513514 27.184212 1.086958 0.347826
19:35:54 26.000000 26.105263 25.657894 24.710526 27.513514 27.184212 1.086958 0.347826
19:35:54 26.000000 26.105263 25.657894 24.710526 27.513514 27.184212 1.086958 0.347826
19:35:54 26.000000 26.105263 25.657894 24.710526 27.513514 27.184212 1.086958 0.347826
19:35:55 26.000000 26.105263 25.657894 24.710526 27.513514 27.184212 1.065220 0.347826
19:35:55 26.000000 26.105263 25.657894 24.710526 27.513514 27.184212 1.065220 0.347826
19:35:56 26.000000 26.105263 25.657894 24.710526 27.513514 27.184212 1.065220 0.347826
19:35:56 26.000000 26.105263 25.657894 24.710526 27.513514 27.184212 1.065220 0.347826
19:35:56 26.000000 26.105263 25.657894 24.710526 27.513514 27.184212 1.065220 0.347826
19:35:57 26.000000 26.105263 25.657894 24.710526 27.513514 27.184212 1.086958 0.347826
19:35:57 26.000000 26.105263 25.657894 24.710526 27.513514 27.184212 1.086958 0.347826
19:35:58 26.000000 26.105263 25.657894 24.710526 27.513514 27.184212 1.086958 0.347826
19:35:58 26.000000 26.105263 25.657894 24.710526 27.513514 27.184212 1.086958 0.347826
19:35:58 26.000000 26.105263 25.657894 24.710526 27.513514 27.184212 1.108695 0.347826
19:35:59 26.000000 26.105263 25.657894 24.710526 27.513514 27.184212 1.108695 0.347826
19:35:59 26.000000 26.105263 25.657894 24.710526 27.513514 27.184212 1.108695 0.347826
19:36:00 26.000000 26.105263 25.657894 24.710526 27.513514 27.184212 1.130433 0.347826
19:36:00 26.000000 26.105263 25.657894 24.710526 27.513514 27.184212 1.130433 0.347826
19:36:00 26.000000 26.105263 25.657894 24.710526 27.513514 27.184212 1.152171 0.347826
19:36:01 26.000000 26.105263 25.657894 24.710526 27.513514 27.184212 1.152171 0.347826
19:36:01 26.000000 26.105263 25.657894 24.710526 27.513514 27.184212 1.152171 0.347826
19:36:02 26.000000 26.105263 25.657894 24.710526 27.513514 27.184212 1.239131 0.347826
19:36:02 26.000000 26.105263 25.657894 24.710526 27.513514 27.184212 1.239131 0.347826
19:36:02 26.000000 26.105263 25.657894 24.710526 27.513514 27.184212 1.282606 0.347826
19:36:03 26.000000 26.105263 25.657894 24.710526 27.513514 27.184212 1.282606 0.347826
19:36:03 26.000000 26.105263 25.657894 24.710526 27.513514 27.184212 1.282606 0.347826
19:36:04 26.000000 26.105263 25.657894 24.710526 27.513514 27.184212 1.304344 0.347826
19:36:04 26.000000 26.105263 25.657894 24.710526 27.513514 27.184212 1.304344 0.347826
19:36:04 26.000000 26.105263 25.657894 24.710526 27.513514 27.184212 1.239131 0.347826
19:36:05 26.000000 26.105263 25.657894 24.710526 27.513514 27.184212 1.239131 0.347826
19:36:05 26.000000 26.105263 25.657894 24.710526 27.513514 27.184212 1.173908 0.347826
19:36:06 26.000000 26.105263 25.657894 24.710526 27.513514 27.184212 1.173908 0.347826
19:36:06 26.000000 26.105263 25.657894 24.710526 27.513514 27.184212 1.173908 0.347826
19:36:06 26.000000 26.105263 25.657894 24.710526 27.513514 27.184212 1.108695 0.347826
19:36:07 26.000000 26.105263 25.657894 24.710526 27.513514 27.184212 1.108695 0.347826
19:36:07 26.000000 26.105263 25.657894 24.710526 27.513514 27.184212 1.108695 0.347826
19:36:08 26.000000 26.105263 25.657894 24.710526 27.513514 27.184212 1.108695 0.347826
19:36:08 26.000000 26.105263 25.657894 24.710526 27.513514 27.184212 1.108695 0.347826
19:36:08 26.000000 26.105263 25.657894 24.710526 27.513514 27.184212 1.086958 0.347826
19:36:09 26.000000 26.105263 25.657894 24.710526 27.513514 27.184212 1.086958 0.260865
19:36:09 26.000000 26.105263 25.657894 24.710526 27.513514 27.184212 1.086958 0.260865
19:36:10 26.000000 26.105263 25.657894 24.710526 27.513514 27.184212 1.086958 0.282613
19:36:10 26.000000 26.105263 25.657894 24.710526 27.513514 27.184212 1.086958 0.282613
19:36:10 26.000000 26.105263 25.657894 24.710526 27.513514 27.184212 1.065220 0.282613
19:36:11 26.000000 26.105263 25.657894 24.710526 27.513514 27.184212 1.065220 0.282613
19:36:11 26.000000 26.105263 25.657894 24.710526 27.513514 27.184212 1.065220 0.282613
19:36:12 26.000000 26.105263 25.657894 24.710526 27.513514 27.184212 1.065220 0.282613
19:36:12 26.000000 26.105263 25.657894 24.710526 27.513514 27.184212 1.065220 0.282613
19:36:12 26.000000 26.105263 25.657894 24.710526 27.513514 27.184212 1.065220 0.282613
19:36:13 26.000000 26.105263 25.657894 24.710526 27.513514 27.184212 1.065220 0.282613
19:36:13 26.000000 26.105263 25.657894 24.710526 27.513514 27.184212 1.065220 0.282613
19:36:14 26.000000 26.105263 25.657894 24.710526 27.513514 27.184212 1.065220 0.282613
19:36:14 26.000000 26.105263 25.657894 24.710526 27.513514 27.184212 1.065220 0.282613
19:36:14 26.000000 26.105263 25.657894 24.710526 27.513514 27.184212 1.065220 0.282613
19:36:15 26.000000 26.105263 25.657894 24.710526 27.513514 27.184212 1.065220 0.282613
19:36:15 26.000000 26.105263 25.657894 24.710526 27.513514 27.184212 1.065220 0.282613
19:36:16 26.000000 26.105263 25.657894 24.710526 27.513514 27.184212 1.065220 0.282613
19:36:16 26.000000 26.105263 25.657894 24.710526 27.513514 27.184212 1.065220 0.282613
19:36:17 25.894737 26.000000 25.578947 24.710526 27.513514 27.184212 1.065220 0.282613
19:36:17 25.894737 26.000000 25.578947 24.447369 27.513514 27.184212 6.782612 0.282613
19:36:17 25.894737 26.000000 25.578947 24.447369 27.513514 27.184212 6.782612 0.282613
19:36:18 25.894737 26.000000 25.578947 24.447369 27.513514 27.184212 6.673913 0.282613
19:36:18 25.894737 26.000000 25.578947 24.447369 27.513514 27.184212 6.673913 0.282613
19:36:19 25.894737 26.000000 25.578947 24.447369 27.513514 27.184212 6.673913 0.282613
19:36:19 25.894737 26.000000 25.578947 24.447369 27.513514 27.184212 6.782612 0.282613
19:36:19 25.894737 26.000000 25.578947 24.447369 27.513514 27.184212 6.782612 0.282613
19:36:20 25.894737 26.000000 25.578947 24.447369 27.513514 27.184212 6.652176 0.282613
19:36:20 25.894737 26.000000 25.578947 24.447369 27.513514 27.184212 6.652176 0.282613
19:36:21 25.894737 26.000000 25.552631 24.421053 27.513514 27.184212 6.652176 0.282613
19:36:21 25.894737 26.000000 25.552631 24.421053 27.513514 27.184212 6.891300 0.282613
19:36:21 25.894737 26.000000 25.552631 24.421053 27.513514 27.184212 6.891300 0.282613
19:36:22 25.894737 26.000000 25.578947 24.447369 27.513514 27.184212 6.630439 0.282613
19:36:22 25.894737 26.000000 25.578947 24.447369 27.513514 27.184212 6.630439 0.260865
19:36:23 25.894737 26.000000 25.552631 24.421053 27.513514 27.184212 6.630439 0.260865
19:36:23 25.894737 26.000000 25.552631 24.421053 27.513514 27.184212 6.695651 0.282613
19:36:23 25.894737 26.000000 25.552631 24.421053 27.513514 27.184212 6.695651 0.282613
19:36:24 25.894737 26.000000 25.552631 24.447369 27.513514 27.184212 6.565216 0.282613
19:36:24 25.894737 26.000000 25.552631 24.447369 27.513514 27.184212 6.565216 0.282613
19:36:25 25.894737 26.000000 25.552631 24.447369 27.513514 27.184212 6.673913 0.282613
19:36:25 25.894737 26.000000 25.552631 24.447369 27.513514 27.184212 6.673913 0.282613
19:36:25 25.894737 26.000000 25.552631 24.447369 27.513514 27.184212 6.673913 0.282613
19:36:26 25.894737 26.000000 25.552631 24.421053 27.513514 27.184212 6.673913 0.282613
19:36:26 25.894737 26.000000 25.552631 24.421053 27.513514 27.184212 6.673913 0.282613
19:36:27 25.894737 26.000000 25.552631 24.421053 27.513514 27.184212 6.717389 0.282613
19:36:27 25.894737 26.000000 25.552631 24.421053 27.513514 27.184212 6.717389 0.282613
19:36:27 25.894737 26.000000 25.552631 24.421053 27.513514 27.184212 6.717389 0.282613
19:36:28 25.894737 26.000000 25.552631 24.421053 27.513514 27.184212 6.717389 0.282613
19:36:28 25.894737 26.000000 25.552631 24.421053 27.513514 27.184212 6.717389 0.282613
19:36:29 25.894737 26.000000 25.552631 24.421053 27.513514 27.184212 6.695651 0.282613
19:36:29 25.894737 26.000000 25.552631 24.421053 27.513514 27.184212 6.695651 0.282613
19:36:29 25.894737 26.000000 25.552631 24.421053 27.513514 27.184212 6.695651 0.282613
19:36:30 25.894737 26.000000 25.552631 24.421053 27.513514 27.157894 6.673913 0.347826
19:36:30 25.736843 26.052631 25.605265 24.421053 27.513514 27.157894 6.673913 0.347826
19:36:31 25.736843 26.052631 25.605265 24.605263 27.513514 27.157894 2.565215 0.347826
19:36:31 25.947369 26.078949 25.605265 24.605263 27.513514 27.184212 2.565215 0.347826
19:36:31 25.947369 26.078949 25.605265 24.631578 27.513514 27.184212 2.586953 0.347826
19:36:32 25.947369 26.078949 25.605265 24.631578 27.513514 27.184212 2.586953 0.347826
19:36:32 25.947369 26.078949 25.605265 24.631578 27.513514 27.184212 2.586953 0.347826
19:36:33 25.947369 26.078949 25.605265 24.631578 27.513514 27.184212 2.630438 0.347826
19:36:33 25.973684 26.078949 25.605265 24.631578 27.513514 27.184212 2.630438 0.347826
19:36:33 25.973684 26.078949 25.631578 24.631578 27.513514 27.184212 2.695651 0.347826
19:36:34 25.973684 26.078949 25.631578 24.631578 27.513514 27.184212 2.695651 0.347826
19:36:34 25.973684 26.078949 25.631578 24.631578 27.513514 27.184212 2.695651 0.347826
