19:00:34 26.052631 26.157894 25.684210 24.763157 27.567568 27.236841 1.108695 0.000004
19:00:35 26.052631 26.157894 25.684210 24.763157 27.567568 27.236841 1.108695 0.000004
19:00:35 26.052631 26.157894 25.684210 24.763157 27.567568 27.236841 1.108695 0.000004
19:00:35 26.052631 26.157894 25.684210 24.763157 27.567568 27.236841 1.108695 0.000004
19:00:36 26.052631 26.157894 25.684210 24.763157 27.567568 27.236841 1.108695 0.000004
19:00:36 26.052631 26.157894 25.684210 24.763157 27.567568 27.236841 1.108695 0.000004
19:00:37 26.052631 26.157894 25.684210 24.763157 27.567568 27.236841 1.108695 0.000004
19:00:37 26.052631 26.157894 25.684210 24.763157 27.567568 27.236841 1.108695 0.000004
19:00:37 26.052631 26.157894 25.684210 24.763157 27.567568 27.236841 1.108695 0.000004
19:00:38 26.052631 26.157894 25.684210 24.763157 27.567568 27.236841 1.108695 0.000004
19:00:38 26.052631 26.157894 25.684210 24.763157 27.567568 27.236841 1.108695 0.000004
19:00:39 26.052631 26.157894 25.684210 24.763157 27.567568 27.236841 1.108695 0.000004
19:00:39 26.052631 26.157894 25.684210 24.763157 27.567568 27.236841 1.108695 0.000004
19:00:39 26.052631 26.157894 25.684210 24.763157 27.567568 27.236841 1.130433 0.000004
19:00:40 26.052631 26.157894 25.684210 24.763157 27.567568 27.236841 1.130433 0.000004
19:00:40 26.052631 26.157894 25.684210 24.763157 27.567568 27.236841 1.130433 0.000004
19:00:41 26.052631 26.157894 25.684210 24.763157 27.567568 27.236841 1.152171 0.000004
19:00:41 26.052631 26.157894 25.684210 24.763157 27.567568 27.236841 1.152171 0.000004
19:00:41 26.052631 26.157894 25.684210 24.763157 27.567568 27.236841 1.195656 0.000004
19:00:42 26.052631 26.157894 25.684210 24.763157 27.567568 27.236841 1.195656 0.000004
19:00:42 26.052631 26.157894 25.684210 24.763157 27.567568 27.236841 1.195656 0.000004
19:00:43 26.052631 26.157894 25.684210 24.763157 27.567568 27.236841 1.282606 0.000004
19:00:43 26.052631 26.157894 25.684210 24.763157 27.567568 27.236841 1.282606 0.000004
19:00:43 26.052631 26.157894 25.684210 24.763157 27.567568 27.236841 1.326092 0.000004
19:00:44 26.052631 26.157894 25.684210 24.763157 27.567568 27.236841 1.326092 0.000004
19:00:44 26.052631 26.157894 25.684210 24.763157 27.567568 27.236841 1.326092 0.000004
19:00:45 26.052631 26.157894 25.684210 24.763157 27.567568 27.236841 1.326092 0.000004
19:00:45 26.052631 26.157894 25.684210 24.763157 27.567568 27.236841 1.326092 0.000004
19:00:45 26.052631 26.157894 25.684210 24.763157 27.567568 27.236841 1.239131 0.000004
19:00:46 26.052631 26.157894 25.684210 24.763157 27.567568 27.236841 1.239131 0.000004
19:00:46 26.052631 26.157894 25.684210 24.763157 27.567568 27.236841 1.173908 0.000004
19:00:47 26.052631 26.157894 25.684210 24.763157 27.567568 27.236841 1.173908 0.000004
19:00:47 26.052631 26.157894 25.684210 24.763157 27.567568 27.236841 1.173908 0.000004
19:00:47 26.052631 26.157894 25.684210 24.763157 27.567568 27.236841 1.130433 0.000004
19:00:48 26.052631 26.157894 25.684210 24.763157 27.567568 27.236841 1.130433 0.000004
19:00:48 26.052631 26.157894 25.684210 24.763157 27.567568 27.236841 1.108695 0.000004
19:00:49 26.052631 26.157894 25.684210 24.763157 27.567568 27.236841 1.108695 0.000004
19:00:49 26.052631 26.157894 25.684210 24.763157 27.567568 27.236841 1.108695 0.000004
19:00:49 26.052631 26.157894 25.684210 24.763157 27.567568 27.236841 1.108695 0.000004
19:00:50 26.052631 26.157894 25.684210 24.763157 27.567568 27.236841 1.108695 0.000004
19:00:50 26.052631 26.157894 25.684210 24.763157 27.567568 27.236841 1.108695 0.000004
19:00:51 26.052631 26.157894 25.684210 24.763157 27.567568 27.236841 1.108695 0.000004
19:00:51 26.052631 26.157894 25.684210 24.763157 27.567568 27.236841 1.108695 0.000004
19:00:51 26.052631 26.157894 25.684210 24.763157 27.567568 27.236841 1.086958 0.000004
