11:24:21 27.000002 25.473684 26.500000 25.421053 27.324326 27.000000 1.260869 0.000004
11:24:22 27.000002 25.473684 26.500000 25.421053 27.324326 26.973684 1.260869 0.347826
11:24:22 27.000002 25.473684 26.500000 25.421053 27.324326 26.973684 1.260869 0.347826
11:24:23 27.000002 25.473684 26.500000 25.421053 27.324326 26.973684 1.260869 0.347826
11:24:23 27.000002 25.473684 26.500000 25.421053 27.324326 26.973684 1.260869 0.347826
11:24:23 27.000002 25.473684 26.500000 25.421053 27.324326 26.973684 1.260869 0.347826
11:24:24 27.000002 25.473684 26.500000 25.421053 27.324326 26.973684 1.260869 0.347826
11:24:24 27.000002 25.473684 26.500000 25.421053 27.324326 26.973684 1.260869 0.347826
11:24:25 27.000002 25.473684 26.500000 25.421053 27.324326 26.973684 1.260869 0.347826
11:24:25 27.000002 25.473684 26.500000 25.421053 27.324326 26.973684 1.260869 0.347826
11:24:25 27.000002 25.473684 26.500000 25.421053 27.324326 26.973684 1.260869 0.347826
11:24:26 27.000002 25.473684 26.500000 25.421053 27.324326 26.973684 1.260869 0.347826
11:24:26 27.000002 25.473684 26.500000 25.421053 27.324326 26.973684 1.260869 0.347826
11:24:27 27.000002 25.473684 26.500000 25.421053 27.324326 26.973684 1.260869 0.347826
11:24:27 27.000002 25.473684 26.500000 25.421053 27.324326 26.973684 1.260869 0.347826
11:24:27 27.000002 25.473684 26.500000 25.421053 27.324326 26.973684 1.282606 0.347826
11:24:28 27.000002 25.473684 26.500000 25.421053 27.324326 26.973684 1.282606 0.347826
11:24:28 27.000002 25.473684 26.500000 25.421053 27.324326 26.973684 1.304344 0.347826
11:24:29 27.000002 25.473684 26.500000 25.421053 27.324326 26.973684 1.304344 0.347826
11:24:29 27.000002 25.473684 26.500000 25.421053 27.324326 26.973684 1.347829 0.347826
11:24:29 27.000002 25.473684 26.500000 25.421053 27.324326 26.973684 1.347829 0.347826
11:24:30 27.000002 25.473684 26.500000 25.421053 27.324326 26.973684 1.347829 0.347826
11:24:30 27.000002 25.473684 26.500000 25.421053 27.324326 26.973684 1.391304 0.347826
11:24:31 27.000002 25.473684 26.500000 25.421053 27.324326 26.973684 1.391304 0.347826
11:24:31 27.000002 25.473684 26.500000 25.421053 27.324326 26.973684 1.456517 0.347826
11:24:31 27.000002 25.473684 26.500000 25.421053 27.324326 26.973684 1.456517 0.347826
11:24:32 27.000002 25.473684 26.500000 25.421053 27.324326 26.973684 1.456517 0.347826
11:24:32 27.000002 25.473684 26.500000 25.421053 27.324326 26.973684 1.521740 0.347826
11:24:33 27.000002 25.473684 26.500000 25.421053 27.324326 26.973684 1.521740 0.347826
11:24:33 27.000002 25.473684 26.500000 25.421053 27.324326 26.973684 1.478265 0.347826
11:24:33 27.000002 25.473684 26.500000 25.421053 27.324326 26.973684 1.478265 0.347826
11:24:34 27.000002 25.473684 26.500000 25.421053 27.324326 26.973684 1.478265 0.347826
11:24:34 27.000002 25.473684 26.500000 25.421053 27.324326 26.973684 1.391304 0.347826
11:24:35 27.000002 25.473684 26.500000 25.421053 27.324326 26.973684 1.391304 0.347826
11:24:35 27.000002 25.473684 26.500000 25.421053 27.324326 26.973684 1.347829 0.347826
11:24:35 27.000002 25.473684 26.500000 25.421053 27.324326 26.973684 1.347829 0.347826
11:24:36 27.000002 25.473684 26.500000 25.421053 27.324326 26.973684 1.282606 0.347826
11:24:36 27.000002 25.473684 26.500000 25.421053 27.324326 26.973684 1.282606 0.347826
11:24:37 27.000002 25.473684 26.500000 25.421053 27.324326 26.973684 1.282606 0.347826
11:24:37 27.000002 25.473684 26.500000 25.421053 27.324326 26.973684 1.260869 0.347826
11:24:37 27.000002 25.473684 26.500000 25.421053 27.324326 26.973684 1.260869 0.282613
11:24:38 27.000002 25.473684 26.500000 25.421053 27.324326 26.973684 1.260869 0.282613
11:24:38 27.000002 25.473684 26.500000 25.421053 27.324326 26.973684 1.260869 0.282613
