15:57:34 27.473686 27.315788 26.973684 26.526314 26.162163 26.157894 1.434779 2.000004
15:57:37 27.447369 27.315788 26.973684 26.473684 26.135136 26.131578 1.456517 1.043479
15:57:39 27.447369 27.315788 26.973684 26.526314 26.135136 26.131578 1.500003 1.043479
15:57:41 27.447369 27.315788 26.973684 26.526314 26.135136 26.131578 1.521740 1.043479
15:57:42 27.473686 27.315788 26.973684 26.526314 26.135136 26.131578 1.608701 1.043479
15:57:44 27.473686 27.315788 26.973684 26.526314 26.135136 26.131578 1.826087 1.021742
15:57:46 27.473686 27.315788 26.973684 26.526314 26.135136 26.131578 1.456517 1.021742
15:57:48 27.473686 27.315788 26.973684 26.526314 26.135136 26.131578 1.456517 1.021742
15:57:50 27.473686 27.315788 26.973684 26.526314 26.135136 26.131578 1.434779 1.043479
15:57:51 27.473686 27.315788 26.973684 26.526314 26.135136 26.131578 1.434779 1.021742
15:57:53 27.473686 27.315788 26.973684 26.526314 26.135136 26.131578 1.391304 1.021742
15:57:55 27.473686 27.315788 26.973684 26.526314 26.135136 26.131578 1.413042 1.065217
