13:32:43 29.000000 28.973686 28.710526 28.605261 26.189188 26.263157 1.326092 -0.065219
13:32:44 29.000000 28.973686 28.736843 28.605261 26.189188 26.263157 1.304344 -0.065219
13:32:45 29.000000 28.973686 28.736843 28.605261 26.216215 26.263157 1.282606 -0.065219
13:32:46 29.000000 28.973686 28.736843 28.578947 26.216215 26.263157 1.304344 -0.065219
13:32:48 29.000000 29.000000 28.736843 28.578947 26.216215 26.263157 1.282606 -0.043481
13:32:49 29.000000 29.000000 28.736843 28.578947 26.216215 26.263157 1.282606 -0.043481
13:32:51 29.000000 29.000000 28.736843 28.578947 26.216215 26.263157 1.282606 -0.043481
13:32:52 29.000000 29.000000 28.736843 28.578947 26.216215 26.263157 1.347829 -0.021744
13:32:53 29.000000 29.000000 28.736843 28.578947 26.216215 26.263157 1.347829 -0.065219
13:32:54 29.000000 29.000000 28.736843 28.578947 26.216215 26.263157 1.282606 -0.065219
13:32:55 29.000000 29.000000 28.736843 28.578947 26.216215 26.263157 1.282606 -0.065219
13:32:56 29.000000 29.000000 28.736843 28.578947 26.216215 26.263157 1.282606 -0.065219
13:32:58 29.000000 29.000000 28.736843 28.578947 26.216215 26.263157 1.282606 -0.065219
13:32:59 29.000000 29.000000 28.736843 28.578947 26.216215 26.263157 1.304344 -0.065219
13:33:00 29.000000 28.973686 28.736843 28.578947 26.216215 26.263157 1.326092 -0.065219
13:33:02 29.000000 29.000000 28.736843 28.578947 26.216215 26.263157 1.304344 -0.065219
13:33:03 29.000000 29.000000 28.736843 28.578947 26.216215 26.263157 1.304344 -0.065219
13:33:04 29.000000 29.000000 28.736843 28.578947 26.216215 26.263157 1.326092 -0.065219
13:33:05 29.000000 29.000000 28.736843 28.578947 26.216215 26.263157 1.347829 -0.065219
13:33:06 29.000000 29.000000 28.736843 28.578947 26.216215 26.263157 1.347829 -0.065219
13:33:07 29.000000 29.000000 28.736843 28.578947 26.216215 26.263157 1.369567 -0.065219
13:33:09 29.000000 29.000000 28.736843 28.578947 26.216215 26.263157 1.456517 -0.065219
13:33:10 29.000000 29.000000 28.736843 28.578947 26.216215 26.263157 1.978260 -0.065219
13:33:12 29.000000 29.000000 28.736843 28.578947 26.216215 26.263157 2.673913 -0.065219
13:33:13 29.000000 29.000000 28.736843 28.578947 26.216215 26.263157 1.347829 -0.065219
13:33:14 29.000000 29.000000 28.736843 28.578947 26.216215 26.263157 1.326092 -0.065219
13:33:15 29.000000 29.000000 28.736843 28.578947 26.216215 26.263157 1.304344 -0.065219
13:33:16 29.000000 29.000000 28.736843 28.578947 26.216215 26.263157 1.304344 -0.065219
13:33:17 29.000000 28.973686 28.736843 28.578947 26.216215 26.263157 1.282606 -0.065219
13:33:19 29.000000 29.000000 28.710526 28.578947 26.216215 26.263157 1.304344 -0.065219
13:33:20 29.000000 28.973686 28.710526 28.578947 26.216215 26.263157 1.282606 -0.043481
13:33:22 29.000000 28.973686 28.710526 28.578947 26.216215 26.263157 1.347829 -0.021744
13:33:23 29.000000 28.973686 28.710526 28.578947 26.216215 26.263157 1.347829 -0.065219
13:33:24 29.000000 28.973686 28.710526 28.578947 26.216215 26.263157 1.282606 -0.065219
13:33:25 29.000000 28.973686 28.710526 28.578947 26.216215 26.263157 1.282606 -0.065219
13:33:26 29.000000 28.973686 28.710526 28.578947 26.216215 26.263157 1.282606 -0.065219
13:33:27 29.000000 28.973686 28.710526 28.578947 26.216215 26.263157 1.282606 -0.065219
13:33:28 29.000000 28.973686 28.710526 28.578947 26.189188 26.263157 1.282606 -0.065219
13:33:30 29.000000 28.973686 28.710526 28.578947 26.189188 26.263157 1.326092 -0.065219
13:33:32 29.000000 28.973686 28.710526 28.578947 26.189188 26.263157 1.326092 -0.065219
13:33:33 29.000000 28.973686 28.710526 28.578947 26.189188 26.263157 1.304344 -0.065219
13:33:36 29.000000 28.973686 28.710526 28.578947 26.189188 26.263157 1.304344 -0.065219
13:33:37 29.000000 28.973686 28.710526 28.578947 26.189188 26.263157 1.347829 -0.065219
13:33:38 29.000000 28.973686 28.710526 28.578947 26.189188 26.263157 1.347829 -0.065219
13:33:41 29.000000 28.973686 28.710526 28.578947 26.189188 26.263157 2.500003 -0.065219
13:33:42 29.000000 28.973686 28.710526 28.578947 26.189188 26.263157 3.456517 -0.065219
13:33:43 29.000000 28.973686 28.710526 28.578947 26.189188 26.263157 1.391304 -0.065219
13:33:44 29.000000 28.973686 28.710526 28.578947 26.189188 26.263157 1.369567 -0.065219
13:33:46 29.000000 28.973686 28.710526 28.578947 26.189188 26.263157 1.326092 -0.065219
13:33:47 29.000000 28.973686 28.710526 28.578947 26.189188 26.263157 1.304344 -0.065219
13:33:48 29.000000 28.973686 28.710526 28.578947 26.216215 26.263157 1.304344 -0.065219
13:33:51 29.000000 28.973686 28.710526 28.578947 26.189188 26.263157 1.304344 -0.065219
13:33:52 29.000000 28.973686 28.710526 28.578947 26.189188 26.263157 1.347829 -0.043481
13:33:53 29.000000 28.973686 28.710526 28.578947 26.189188 26.263157 1.347829 -0.065219
13:33:54 29.000000 28.973686 28.710526 28.578947 26.189188 26.263157 1.304344 -0.065219
13:33:56 29.000000 29.000000 28.736843 28.605261 26.189188 26.263157 1.282606 -0.065219
13:33:57 29.000000 29.000000 28.736843 28.578947 26.189188 26.263157 1.282606 -0.065219
13:33:58 29.000000 28.973686 28.736843 28.578947 26.216215 26.263157 1.282606 -0.065219
13:33:59 29.000000 29.000000 28.710526 28.578947 26.216215 26.263157 1.304344 -0.065219
13:34:01 29.000000 29.000000 28.710526 28.578947 26.216215 26.263157 1.326092 -0.065219
13:34:02 29.000000 28.973686 28.736843 28.578947 26.216215 26.263157 1.304344 -0.065219
13:34:03 29.000000 29.000000 28.710526 28.578947 26.216215 26.263157 1.304344 -0.065219
13:34:04 29.000000 29.000000 28.710526 28.578947 26.216215 26.263157 1.304344 -0.065219
13:34:06 29.000000 28.973686 28.710526 28.578947 26.216215 26.263157 1.304344 -0.065219
13:34:07 29.000000 28.973686 28.710526 28.578947 26.216215 26.263157 1.326092 -0.065219
13:34:08 29.000000 28.973686 28.710526 28.578947 26.216215 26.263157 1.304344 -0.065219
13:34:09 29.000000 28.973686 28.710526 28.578947 26.216215 26.263157 1.326092 -0.065219
13:34:11 29.000000 28.973686 28.710526 28.526318 26.216215 26.263157 1.369567 -0.065219
13:34:12 29.000000 28.973686 28.710526 28.578947 26.216215 26.263157 1.739126 -0.065219
13:34:13 28.973684 28.973686 28.710526 28.578947 26.216215 26.263157 1.369567 -0.065219
13:34:14 28.973684 28.973686 28.710526 28.578947 26.216215 26.263157 1.391304 -0.065219
13:34:16 28.973684 28.973686 28.710526 28.578947 26.216215 26.263157 1.434779 -0.065219
13:34:17 28.973684 28.973686 28.710526 28.578947 26.216215 26.263157 1.326092 -0.065219
13:34:18 28.973684 28.973686 28.710526 28.578947 26.216215 26.263157 1.326092 -0.065219
13:34:19 28.973684 28.973686 28.710526 28.578947 26.216215 26.263157 1.282606 -0.065219
13:34:21 28.973684 28.973686 28.710526 28.578947 26.216215 26.263157 1.282606 -0.065219
13:34:22 28.973684 28.973686 28.710526 28.578947 26.216215 26.263157 1.347829 -0.065219
13:34:23 28.973684 28.973686 28.710526 28.578947 26.216215 26.263157 1.326092 -0.065219
13:34:24 28.973684 28.973686 28.710526 28.578947 26.216215 26.263157 1.282606 -0.065219
13:34:25 28.973684 28.973686 28.710526 28.578947 26.216215 26.263157 1.282606 -0.065219
13:34:26 28.973684 28.973686 28.710526 28.578947 26.216215 26.263157 1.282606 -0.065219
13:34:28 28.973684 28.973686 28.710526 28.578947 26.216215 26.263157 1.282606 -0.065219
13:34:29 28.973684 28.973686 28.710526 28.578947 26.216215 26.263157 1.282606 -0.065219
13:34:30 28.973684 28.973686 28.710526 28.578947 26.216215 26.263157 1.326092 -0.065219
13:34:32 28.973684 28.973686 28.710526 28.578947 26.216215 26.263157 1.347829 -0.065219
13:34:33 28.973684 28.973686 28.710526 28.578947 26.216215 26.263157 1.326092 -0.065219
13:34:34 28.973684 28.973686 28.710526 28.578947 26.216215 26.263157 1.282606 -0.065219
13:34:35 28.973684 28.973686 28.710526 28.578947 26.216215 26.263157 1.282606 -0.065219
13:34:36 28.973684 28.973686 28.710526 28.578947 26.216215 26.263157 1.282606 -0.065219
13:34:37 28.973684 28.973686 28.710526 28.578947 26.216215 26.263157 1.304344 -0.065219
13:34:39 28.973684 28.973686 28.710526 28.578947 26.216215 26.263157 1.304344 -0.065219
13:34:40 28.973684 28.973686 28.710526 28.552631 26.216215 26.263157 1.304344 -0.065219
13:34:42 28.973684 28.973686 28.710526 28.500000 26.216215 26.263157 1.391304 -0.065219
