13:08:51 28.236841 26.078949 27.789474 26.236843 27.270269 27.184212 1.347829 0.391301
13:08:52 28.236841 26.078949 27.789474 26.236843 27.270269 26.921051 1.413042 3.478262
13:08:53 28.236841 26.078949 27.789474 26.236843 27.351351 26.947369 1.413042 3.304351
13:08:53 28.236841 26.078949 27.789474 26.236843 27.351351 26.947369 1.478265 3.304351
13:08:54 28.236841 26.078949 27.789474 26.236843 27.351351 26.947369 1.478265 3.260865
13:08:55 28.236841 26.078949 27.789474 26.236843 27.351351 26.947369 1.391304 3.260865
13:08:56 28.236841 26.078949 27.789474 26.236843 27.351351 26.947369 1.304344 3.326088
13:08:57 28.236841 26.078949 27.789474 26.236843 27.351351 26.947369 1.304344 3.282614
13:08:57 28.236841 26.078949 27.789474 26.236843 27.324326 26.947369 1.260869 3.282614
13:08:58 28.236841 26.078949 27.789474 26.236843 27.324326 26.947369 1.239131 3.304351
13:08:59 28.236841 26.078949 27.789474 26.236843 27.324326 26.947369 1.239131 3.304351
13:09:00 28.236841 26.078949 27.789474 26.236843 27.324326 26.947369 1.260869 3.260865
13:09:00 28.236841 26.078949 27.789474 26.236843 27.324326 26.947369 1.260869 3.239128
13:09:01 28.236841 26.078949 27.789474 26.236843 27.324326 26.947369 1.239131 3.260865
13:09:02 28.210527 26.078949 27.763157 26.263157 27.324326 26.947369 1.239131 3.260865
13:09:03 28.210527 26.078949 27.763157 26.263157 27.324326 26.921051 1.239131 3.282614
13:09:04 28.210527 26.078949 27.763157 26.263157 27.324326 26.921051 1.239131 3.282614
13:09:04 28.210527 26.052631 27.763157 26.263157 27.324326 26.921051 1.239131 3.326088
13:09:05 28.210527 26.052631 27.763157 26.263157 27.324326 26.921051 1.239131 3.260865
13:09:06 28.210527 26.052631 27.763157 26.263157 27.297297 26.921051 1.239131 3.304351
13:09:07 28.210527 26.052631 27.763157 26.263157 27.324326 26.921051 1.239131 3.326088
13:09:08 28.210527 26.052631 27.763157 26.263157 27.297297 26.921051 1.239131 3.326088
13:09:08 28.184210 26.052631 27.763157 26.263157 27.297297 26.921051 1.239131 3.304351
13:09:09 28.184210 26.052631 27.736843 26.263157 27.297297 26.894737 1.239131 3.195653
13:09:10 28.184210 26.052631 27.736843 26.263157 27.324326 26.947369 1.239131 2.760871
13:09:11 28.184210 26.052631 27.736843 26.263157 27.432432 27.052631 1.239131 2.760871
13:09:11 28.184210 26.052631 27.736843 26.263157 27.432432 27.052631 1.260869 1.239128
13:09:12 28.184210 26.026314 27.736843 26.263157 27.459461 27.078947 1.260869 0.956519
13:09:13 28.184210 26.026314 27.736843 26.263157 27.486486 27.078947 1.260869 0.826083
13:09:14 28.184210 26.026314 27.736843 26.263157 27.486486 27.105263 1.260869 0.586960
13:09:14 28.184210 26.026314 27.736843 26.263157 27.486486 27.105263 1.239131 0.586960
13:09:15 28.184210 26.026314 27.736843 26.263157 27.486486 27.105263 1.239131 0.521737
13:09:16 28.184210 26.026314 27.736843 26.263157 27.513514 27.105263 1.239131 0.434786
13:09:17 28.184210 26.026314 27.736843 26.263157 27.513514 27.131578 1.260869 0.347826
13:09:17 28.184210 26.026314 27.736843 26.263157 27.513514 27.131578 1.239131 0.347826
13:09:18 28.184210 26.026314 27.736843 26.263157 27.513514 27.131578 1.260869 0.347826
13:09:19 28.184210 26.026314 27.736843 26.263157 27.513514 27.131578 1.260869 0.347826
13:09:20 28.184210 26.026314 27.736843 26.263157 27.513514 27.131578 1.260869 0.347826
13:09:20 28.184210 26.026314 27.736843 26.263157 27.513514 27.131578 1.282606 0.347826
13:09:21 28.184210 26.026314 27.736843 26.263157 27.513514 27.131578 1.304344 0.347826
13:09:22 28.184210 26.026314 27.736843 26.263157 27.513514 27.131578 1.326092 0.391301
13:09:23 28.184210 26.026314 27.736843 26.263157 27.513514 27.131578 1.326092 0.391301
13:09:23 28.184210 26.026314 27.736843 26.263157 27.513514 27.105263 1.391304 0.391301
13:09:24 28.184210 26.026314 27.736843 26.263157 27.513514 27.131578 1.434779 0.391301
13:09:25 28.184210 26.026314 27.736843 26.263157 27.513514 27.131578 1.478265 0.391301
13:09:26 28.184210 26.026314 27.736843 26.263157 27.513514 27.131578 1.478265 0.391301
13:09:26 28.184210 26.026314 27.736843 26.263157 27.513514 27.131578 1.434779 0.391301
13:09:27 28.184210 26.026314 27.736843 26.263157 27.513514 27.131578 1.369567 0.391301
13:09:28 28.184210 26.026314 27.736843 26.263157 27.513514 27.131578 1.282606 0.391301
13:09:29 28.184210 26.026314 27.736843 26.263157 27.513514 27.131578 1.282606 0.369563
13:09:29 28.184210 26.026314 27.736843 26.263157 27.513514 27.131578 1.260869 0.391301
13:09:30 28.184210 26.026314 27.736843 26.263157 27.513514 27.131578 1.260869 0.391301
13:09:31 28.184210 26.026314 27.736843 26.263157 27.513514 27.131578 1.239131 0.391301
13:09:32 28.184210 26.026314 27.736843 26.263157 27.513514 27.131578 1.239131 0.391301
13:09:32 28.184210 26.026314 27.736843 26.263157 27.513514 27.131578 1.239131 0.391301
13:09:33 28.184210 26.026314 27.736843 26.263157 27.513514 27.131578 1.239131 0.391301
13:09:34 28.184210 26.026314 27.736843 26.263157 27.513514 27.131578 1.239131 0.391301
13:09:35 28.184210 26.026314 27.736843 26.263157 27.513514 27.131578 1.239131 0.391301
13:09:35 28.184210 26.026314 27.736843 26.263157 27.513514 27.131578 1.239131 0.391301
13:09:36 28.184210 26.026314 27.736843 26.263157 27.513514 27.131578 1.239131 0.391301
13:09:37 28.184210 26.026314 27.736843 26.263157 27.513514 27.131578 1.239131 0.304351
13:09:38 28.184210 26.026314 27.736843 26.263157 27.513514 27.131578 1.239131 0.304351
13:09:38 28.184210 26.026314 27.736843 26.263157 27.513514 27.131578 1.239131 0.326088
13:09:40 28.184210 26.026314 27.736843 26.263157 27.513514 27.131578 1.260869 0.326088
13:09:40 28.052631 25.921053 27.657896 25.973686 27.513514 27.131578 7.217394 0.326088
13:09:41 28.078949 25.921053 27.657896 25.973686 27.513514 27.131578 7.217394 0.326088
13:09:42 28.078949 25.921053 27.631578 25.973686 27.513514 27.131578 7.282607 0.304351
13:09:43 28.078949 25.921053 27.631578 25.973686 27.513514 27.131578 7.173909 0.304351
13:09:44 28.078949 25.921053 27.631578 25.973686 27.513514 27.131578 7.195656 0.304351
13:09:44 28.078949 25.921053 27.631578 25.973686 27.513514 27.131578 7.152171 0.326088
13:09:45 28.078949 25.921053 27.631578 25.973686 27.513514 27.131578 7.152171 0.326088
13:09:46 28.078949 25.921053 27.631578 25.973686 27.513514 27.131578 7.239131 0.326088
13:09:47 28.078949 25.921053 27.631578 25.973686 27.513514 27.131578 7.195656 0.326088
13:09:47 28.078949 25.921053 27.631578 25.973686 27.513514 27.131578 7.130434 0.326088
13:09:48 28.078949 25.921053 27.631578 25.973686 27.513514 27.131578 7.130434 0.326088
13:09:49 28.131580 26.000000 27.684210 25.973686 27.513514 27.131578 7.130434 0.326088
13:09:50 28.131580 26.000000 27.684210 26.184212 27.513514 27.131578 2.739126 0.326088
13:09:50 28.131580 26.000000 27.684210 26.184212 27.513514 27.131578 2.782612 0.326088
13:09:51 28.131580 26.000000 27.684210 26.184212 27.513514 27.131578 2.760874 0.326088
13:09:52 28.131580 26.000000 27.710527 26.184212 27.513514 27.131578 2.760874 0.326088
13:09:53 28.131580 26.000000 27.710527 26.184212 27.513514 27.131578 2.782612 0.326088
13:09:53 28.131580 26.000000 27.710527 26.184212 27.513514 27.131578 2.804349 0.326088
13:09:54 28.131580 26.000000 27.710527 26.184212 27.513514 27.131578 2.804349 0.326088
13:09:55 28.131580 26.000000 27.684210 26.184212 27.513514 27.131578 2.913047 0.326088
