11:26:37 26.973684 25.473684 26.473682 25.421053 27.324326 26.947369 1.478265 0.000004
11:26:40 26.973684 25.473684 26.473682 25.421053 27.324326 26.947369 1.456517 0.478262
11:26:42 26.973684 25.473684 26.473682 25.421053 27.324326 26.947369 1.304344 0.434786
11:26:44 26.973684 25.473684 26.473682 25.421053 27.324326 26.973684 1.260869 0.413038
11:26:46 26.973684 25.473684 26.473682 25.421053 27.324326 26.973684 1.260869 0.369563
11:26:47 26.973684 25.473684 26.473682 25.421053 27.324326 26.973684 1.260869 0.326088
11:26:49 26.973684 25.473684 26.500000 25.421053 27.324326 26.973684 1.260869 0.326088
11:26:51 26.973684 25.473684 26.500000 25.421053 27.324326 26.973684 1.260869 0.326088
11:26:53 26.973684 25.473684 26.473682 25.421053 27.324326 26.973684 1.260869 0.326088
11:26:55 26.973684 25.473684 26.500000 25.421053 27.324326 26.973684 1.282606 0.304351
11:26:56 26.973684 25.473684 26.500000 25.421053 27.324326 26.973684 1.282606 0.347826
11:26:58 27.000002 25.473684 26.500000 25.421053 27.324326 26.973684 1.282606 0.347826
11:27:00 27.000002 25.473684 26.473682 25.421053 27.324326 26.973684 1.282606 0.347826
11:27:02 27.000002 25.473684 26.500000 25.421053 27.324326 26.973684 1.260869 0.347826
11:27:04 27.000002 25.473684 26.473682 25.421053 27.324326 26.973684 1.260869 0.347826
11:27:05 27.000002 25.473684 26.500000 25.421053 27.324326 26.973684 1.304344 0.347826
