18:23:00 26.105263 26.236841 25.736843 24.815790 27.567568 27.236841 1.130433 0.304351
18:23:00 26.105263 26.236841 25.736843 24.815790 27.540543 27.236841 1.108695 0.304351
18:23:01 26.105263 26.236841 25.736843 24.815790 27.540543 27.210527 1.108695 0.391301
18:23:01 26.105263 26.236841 25.736843 24.815790 27.540543 27.210527 1.108695 0.391301
18:23:01 26.105263 26.236841 25.736843 24.815790 27.540543 27.210527 1.108695 0.391301
18:23:02 26.105263 26.236841 25.736843 24.815790 27.540543 27.210527 1.108695 0.391301
18:23:02 26.105263 26.236841 25.736843 24.815790 27.540543 27.210527 1.108695 0.391301
18:23:03 26.105263 26.236841 25.736843 24.815790 27.540543 27.210527 1.108695 0.391301
18:23:03 26.105263 26.236841 25.736843 24.815790 27.540543 27.210527 1.108695 0.391301
18:23:03 26.105263 26.236841 25.736843 24.815790 27.540543 27.210527 1.108695 0.369563
18:23:04 26.105263 26.236841 25.736843 24.815790 27.540543 27.210527 1.108695 0.369563
18:23:04 26.105263 26.236841 25.736843 24.815790 27.540543 27.210527 1.130433 0.369563
18:23:05 26.105263 26.236841 25.736843 24.815790 27.540543 27.210527 1.130433 0.369563
18:23:05 26.105263 26.236841 25.736843 24.815790 27.540543 27.210527 1.130433 0.369563
18:23:05 26.105263 26.236841 25.736843 24.815790 27.540543 27.210527 1.130433 0.391301
18:23:06 26.105263 26.236841 25.736843 24.815790 27.540543 27.210527 1.130433 0.391301
18:23:06 26.105263 26.236841 25.736843 24.815790 27.540543 27.210527 1.152171 0.391301
18:23:07 26.105263 26.236841 25.736843 24.815790 27.540543 27.210527 1.152171 0.391301
18:23:07 26.105263 26.236841 25.736843 24.815790 27.540543 27.210527 1.130433 0.391301
18:23:07 26.105263 26.236841 25.736843 24.815790 27.540543 27.210527 1.130433 0.369563
18:23:08 26.105263 26.236841 25.736843 24.815790 27.540543 27.210527 1.130433 0.369563
18:23:08 26.105263 26.236841 25.736843 24.815790 27.540543 27.210527 1.130433 0.391301
18:23:09 26.105263 26.236841 25.736843 24.815790 27.540543 27.210527 1.130433 0.391301
18:23:09 26.105263 26.236841 25.736843 24.815790 27.540543 27.210527 1.130433 0.391301
18:23:09 26.105263 26.236841 25.736843 24.815790 27.540543 27.210527 1.130433 0.391301
18:23:10 26.105263 26.236841 25.736843 24.815790 27.540543 27.210527 1.130433 0.391301
18:23:10 26.105263 26.236841 25.736843 24.815790 27.540543 27.210527 1.130433 0.391301
18:23:11 26.105263 26.236841 25.736843 24.815790 27.540543 27.210527 1.130433 0.391301
18:23:11 26.105263 26.236841 25.736843 24.815790 27.540543 27.210527 1.130433 0.391301
18:23:11 26.105263 26.236841 25.736843 24.815790 27.540543 27.210527 1.130433 0.369563
18:23:12 26.105263 26.236841 25.736843 24.815790 27.540543 27.210527 1.108695 0.369563
18:23:12 26.105263 26.236841 25.736843 24.815790 27.540543 27.210527 1.108695 0.369563
18:23:13 26.105263 26.236841 25.736843 24.815790 27.540543 27.210527 1.108695 0.369563
18:23:13 26.105263 26.236841 25.736843 24.815790 27.540543 27.210527 1.130433 0.369563
18:23:13 26.105263 26.236841 25.736843 24.815790 27.540543 27.210527 1.130433 0.369563
18:23:14 26.105263 26.236841 25.736843 24.815790 27.540543 27.210527 1.130433 0.369563
18:23:14 26.105263 26.236841 25.736843 24.815790 27.540543 27.210527 1.130433 0.369563
18:23:15 26.105263 26.236841 25.736843 24.815790 27.540543 27.210527 1.152171 0.369563
18:23:15 26.105263 26.236841 25.736843 24.815790 27.540543 27.210527 1.152171 0.369563
18:23:15 26.105263 26.236841 25.736843 24.815790 27.540543 27.210527 1.152171 0.369563
18:23:16 26.105263 26.236841 25.736843 24.815790 27.540543 27.210527 1.195656 0.369563
18:23:16 26.105263 26.236841 25.736843 24.815790 27.540543 27.210527 1.195656 0.369563
18:23:17 26.105263 26.236841 25.736843 24.815790 27.540543 27.210527 1.260869 0.369563
18:23:17 26.105263 26.236841 25.736843 24.815790 27.540543 27.210527 1.260869 0.369563
18:23:17 26.105263 26.236841 25.736843 24.815790 27.540543 27.210527 1.260869 0.369563
18:23:18 26.105263 26.236841 25.736843 24.815790 27.540543 27.210527 1.304344 0.369563
18:23:18 26.105263 26.236841 25.736843 24.815790 27.540543 27.210527 1.304344 0.369563
18:23:19 26.105263 26.236841 25.736843 24.815790 27.540543 27.210527 1.347829 0.369563
18:23:19 26.105263 26.236841 25.736843 24.815790 27.540543 27.210527 1.347829 0.369563
18:23:19 26.105263 26.236841 25.736843 24.815790 27.540543 27.210527 1.347829 0.369563
18:23:20 26.105263 26.236841 25.736843 24.815790 27.540543 27.210527 1.326092 0.369563
18:23:20 26.105263 26.236841 25.736843 24.815790 27.540543 27.210527 1.326092 0.369563
18:23:21 26.105263 26.236841 25.736843 24.815790 27.540543 27.210527 1.239131 0.369563
18:23:21 26.105263 26.236841 25.736843 24.815790 27.540543 27.210527 1.239131 0.369563
18:23:21 26.105263 26.236841 25.736843 24.815790 27.540543 27.210527 1.173908 0.369563
18:23:22 26.105263 26.236841 25.736843 24.815790 27.540543 27.210527 1.173908 0.369563
18:23:22 26.105263 26.236841 25.736843 24.815790 27.540543 27.210527 1.173908 0.369563
18:23:23 26.105263 26.236841 25.736843 24.815790 27.540543 27.210527 1.130433 0.369563
18:23:23 26.105263 26.236841 25.736843 24.815790 27.540543 27.210527 1.130433 0.369563
18:23:23 26.105263 26.236841 25.736843 24.815790 27.540543 27.210527 1.130433 0.369563
18:23:24 26.105263 26.236841 25.736843 24.815790 27.540543 27.210527 1.130433 0.369563
18:23:24 26.105263 26.236841 25.736843 24.815790 27.540543 27.210527 1.130433 0.369563
18:23:25 26.105263 26.236841 25.736843 24.815790 27.540543 27.210527 1.108695 0.369563
18:23:25 26.105263 26.236841 25.736843 24.815790 27.540543 27.210527 1.108695 0.369563
18:23:25 26.105263 26.236841 25.736843 24.815790 27.540543 27.210527 1.108695 0.369563
18:23:26 26.105263 26.236841 25.736843 24.815790 27.540543 27.210527 1.108695 0.391301
18:23:26 26.105263 26.236841 25.736843 24.815790 27.540543 27.210527 1.108695 0.391301
18:23:27 26.105263 26.236841 25.736843 24.815790 27.540543 27.210527 1.108695 0.391301
18:23:27 26.105263 26.236841 25.736843 24.815790 27.540543 27.210527 1.108695 0.391301
18:23:27 26.105263 26.236841 25.736843 24.815790 27.540543 27.210527 1.108695 0.391301
18:23:28 26.105263 26.236841 25.736843 24.815790 27.540543 27.210527 1.108695 0.369563
18:23:28 26.105263 26.236841 25.736843 24.815790 27.540543 27.210527 1.108695 0.369563
18:23:29 26.105263 26.236841 25.736843 24.815790 27.540543 27.210527 1.108695 0.391301
18:23:29 26.105263 26.236841 25.736843 24.815790 27.540543 27.210527 1.108695 0.391301
18:23:29 26.105263 26.236841 25.736843 24.815790 27.540543 27.210527 1.108695 0.391301
18:23:30 26.105263 26.236841 25.736843 24.815790 27.540543 27.210527 1.108695 0.391301
18:23:30 26.105263 26.236841 25.736843 24.815790 27.540543 27.210527 1.108695 0.391301
18:23:31 26.105263 26.236841 25.736843 24.815790 27.540543 27.210527 1.108695 0.391301
18:23:31 26.105263 26.236841 25.736843 24.815790 27.540543 27.210527 1.108695 0.391301
18:23:31 26.105263 26.236841 25.736843 24.815790 27.540543 27.210527 1.108695 0.391301
18:23:32 26.105263 26.236841 25.736843 24.815790 27.540543 27.210527 1.108695 0.391301
