19:45:28 26.000000 26.105263 25.657894 24.684212 27.567568 27.210527 1.108695 1.021742
19:45:28 26.000000 26.105263 25.657894 24.684212 27.567568 27.210527 1.130433 1.021742
19:45:29 26.000000 26.105263 25.657894 24.684212 27.513514 27.157894 1.130433 0.782608
19:45:29 26.000000 26.105263 25.657894 24.684212 27.513514 27.157894 1.130433 0.782608
19:45:30 26.000000 26.105263 25.657894 24.684212 27.486486 27.157894 1.152171 0.782608
19:45:30 26.000000 26.105263 25.657894 24.684212 27.486486 27.157894 1.152171 0.847831
19:45:30 26.000000 26.105263 25.657894 24.684212 27.486486 27.157894 1.217394 0.847831
19:45:31 26.000000 26.105263 25.657894 24.684212 27.486486 27.157894 1.217394 0.847831
19:45:31 26.000000 26.105263 25.657894 24.710526 27.486486 27.157894 1.217394 0.847831
19:45:32 26.000000 26.105263 25.657894 24.710526 27.486486 27.157894 1.260869 0.847831
19:45:32 26.000000 26.105263 25.657894 24.710526 27.486486 27.157894 1.260869 0.847831
19:45:32 26.000000 26.105263 25.657894 24.710526 27.486486 27.157894 1.304344 0.847831
19:45:33 26.000000 26.105263 25.657894 24.710526 27.486486 27.131578 1.304344 0.847831
19:45:33 26.000000 26.105263 25.657894 24.710526 27.486486 27.131578 1.282606 0.847831
19:45:34 26.000000 26.105263 25.657894 24.710526 27.486486 27.157894 1.282606 0.804346
19:45:34 26.000000 26.105263 25.657894 24.710526 27.486486 27.157894 1.282606 0.804346
19:45:34 26.000000 26.105263 25.657894 24.710526 27.486486 27.157894 1.195656 0.804346
19:45:35 26.000000 26.105263 25.657894 24.710526 27.486486 27.157894 1.195656 0.804346
19:45:35 26.000000 26.105263 25.657894 24.710526 27.486486 27.157894 1.130433 0.804346
19:45:36 26.000000 26.105263 25.657894 24.710526 27.513514 27.157894 1.130433 0.717395
19:45:36 26.000000 26.105263 25.657894 24.710526 27.513514 27.157894 1.130433 0.717395
19:45:36 26.000000 26.105263 25.657894 24.710526 27.513514 27.157894 1.086958 0.717395
19:45:37 26.000000 26.105263 25.657894 24.710526 27.513514 27.157894 1.086958 0.673910
19:45:37 26.000000 26.105263 25.657894 24.710526 27.513514 27.157894 1.086958 0.673910
19:45:38 26.000000 26.105263 25.657894 24.710526 27.513514 27.157894 1.086958 0.630435
19:45:38 26.000000 26.105263 25.657894 24.710526 27.513514 27.157894 1.086958 0.630435
19:45:38 26.000000 26.105263 25.657894 24.710526 27.513514 27.157894 1.065220 0.630435
19:45:39 26.000000 26.105263 25.657894 24.710526 27.513514 27.157894 1.065220 0.543474
19:45:39 26.000000 26.105263 25.657894 24.710526 27.513514 27.157894 1.065220 0.543474
19:45:40 26.000000 26.105263 25.657894 24.710526 27.513514 27.157894 1.065220 0.478262
19:45:40 26.000000 26.105263 25.657894 24.710526 27.513514 27.157894 1.065220 0.478262
19:45:40 26.000000 26.105263 25.657894 24.710526 27.513514 27.184212 1.065220 0.434786
19:45:41 26.000000 26.078949 25.657894 24.710526 27.513514 27.184212 1.065220 0.434786
19:45:41 26.000000 26.078949 25.657894 24.710526 27.513514 27.184212 1.065220 0.434786
19:45:42 26.000000 26.078949 25.657894 24.710526 27.513514 27.184212 1.065220 0.369563
19:45:42 26.000000 26.078949 25.657894 24.710526 27.513514 27.184212 1.065220 0.369563
19:45:42 26.000000 26.078949 25.657894 24.710526 27.513514 27.184212 1.065220 0.326088
19:45:43 26.000000 26.078949 25.657894 24.710526 27.513514 27.184212 1.065220 0.326088
19:45:43 26.000000 26.078949 25.657894 24.710526 27.513514 27.184212 1.065220 0.326088
19:45:44 26.000000 26.078949 25.657894 24.710526 27.513514 27.184212 1.065220 0.304351
19:45:44 26.000000 26.078949 25.631578 24.710526 27.513514 27.184212 1.065220 0.304351
19:45:44 25.973684 26.078949 25.631578 24.710526 27.513514 27.184212 1.065220 0.304351
19:45:45 25.973684 26.078949 25.631578 24.710526 27.513514 27.184212 1.065220 0.304351
19:45:45 25.973684 26.078949 25.631578 24.710526 27.513514 27.184212 1.065220 0.304351
19:45:46 25.973684 26.078949 25.631578 24.710526 27.513514 27.184212 1.065220 0.304351
19:45:46 25.973684 26.078949 25.631578 24.710526 27.513514 27.184212 1.086958 0.304351
19:45:46 25.973684 26.078949 25.631578 24.710526 27.513514 27.184212 1.086958 0.282613
19:45:47 25.973684 26.078949 25.631578 24.710526 27.513514 27.184212 1.065220 0.282613
19:45:47 25.973684 26.078949 25.631578 24.710526 27.513514 27.184212 1.065220 0.282613
19:45:48 25.973684 26.078949 25.631578 24.710526 27.513514 27.184212 1.065220 0.282613
19:45:48 25.973684 26.078949 25.631578 24.710526 27.513514 27.184212 1.065220 0.282613
19:45:48 25.973684 26.078949 25.631578 24.710526 27.513514 27.184212 1.065220 0.326088
19:45:49 25.973684 26.078949 25.631578 24.710526 27.513514 27.184212 1.086958 0.326088
19:45:49 25.973684 26.078949 25.631578 24.710526 27.513514 27.184212 1.086958 0.326088
19:45:50 25.973684 26.078949 25.631578 24.710526 27.513514 27.184212 1.086958 0.326088
19:45:50 25.973684 26.078949 25.631578 24.710526 27.513514 27.184212 1.086958 0.326088
19:45:50 25.973684 26.078949 25.631578 24.710526 27.513514 27.184212 1.086958 0.326088
19:45:51 25.973684 26.078949 25.631578 24.710526 27.513514 27.184212 1.086958 0.326088
19:45:51 25.973684 26.078949 25.631578 24.710526 27.513514 27.184212 1.086958 0.326088
19:45:52 25.973684 26.078949 25.631578 24.710526 27.513514 27.184212 1.086958 0.326088
19:45:52 25.973684 26.078949 25.631578 24.710526 27.513514 27.184212 1.086958 0.326088
19:45:52 25.973684 26.078949 25.631578 24.710526 27.513514 27.184212 1.086958 0.326088
19:45:53 25.973684 26.078949 25.631578 24.710526 27.513514 27.184212 1.086958 0.326088
19:45:53 25.973684 26.078949 25.631578 24.710526 27.513514 27.184212 1.086958 0.326088
19:45:54 25.973684 26.078949 25.631578 24.710526 27.513514 27.184212 1.086958 0.326088
19:45:54 25.973684 26.078949 25.631578 24.710526 27.513514 27.184212 1.086958 0.326088
19:45:54 25.973684 26.078949 25.631578 24.710526 27.513514 27.184212 1.086958 0.326088
19:45:55 25.973684 26.078949 25.631578 24.710526 27.513514 27.184212 1.065220 0.326088
19:45:55 25.973684 26.078949 25.631578 24.710526 27.513514 27.184212 1.065220 0.326088
19:45:56 25.973684 26.078949 25.631578 24.710526 27.513514 27.184212 1.086958 0.326088
19:45:56 25.973684 26.078949 25.631578 24.710526 27.513514 27.184212 1.086958 0.326088
19:45:56 25.973684 26.078949 25.631578 24.684212 27.513514 27.184212 1.086958 0.326088
19:45:57 25.973684 26.078949 25.631578 24.684212 27.513514 27.184212 1.065220 0.326088
19:45:57 25.973684 26.078949 25.631578 24.684212 27.513514 27.184212 1.065220 0.326088
19:45:58 25.973684 26.078949 25.631578 24.684212 27.513514 27.184212 1.086958 0.326088
19:45:58 25.973684 26.078949 25.631578 24.684212 27.513514 27.184212 1.086958 0.326088
19:45:59 25.973684 26.078949 25.631578 24.684212 27.513514 27.184212 1.086958 0.326088
19:45:59 25.868422 26.078949 25.631578 24.684212 27.513514 27.157894 1.086958 0.326088
19:45:59 25.868422 25.973684 25.552631 24.421053 27.513514 27.157894 6.760874 0.326088
19:46:00 25.868422 25.973684 25.552631 24.421053 27.513514 27.184212 6.760874 0.326088
19:46:00 25.868422 25.973684 25.552631 24.421053 27.513514 27.184212 6.760874 0.326088
19:46:01 25.868422 25.973684 25.552631 24.421053 27.513514 27.157894 6.956522 0.326088
19:46:01 25.868422 25.973684 25.552631 24.421053 27.513514 27.157894 6.956522 0.326088
19:46:01 25.868422 25.973684 25.552631 24.421053 27.513514 27.157894 6.869562 0.326088
19:46:02 25.868422 25.973684 25.552631 24.421053 27.513514 27.184212 6.869562 0.326088
19:46:02 25.868422 25.973684 25.552631 24.421053 27.513514 27.184212 6.869562 0.326088
19:46:03 25.868422 25.973684 25.552631 24.421053 27.513514 27.157894 6.999998 0.326088
19:46:03 25.868422 25.973684 25.552631 24.421053 27.513514 27.157894 6.999998 0.326088
19:46:03 25.868422 25.973684 25.552631 24.421053 27.513514 27.157894 6.869562 0.326088
19:46:04 25.868422 25.973684 25.552631 24.421053 27.513514 27.184212 6.869562 0.326088
19:46:04 25.868422 25.973684 25.552631 24.421053 27.513514 27.184212 6.869562 0.326088
19:46:05 25.868422 25.973684 25.552631 24.421053 27.513514 27.184212 6.999998 0.326088
19:46:05 25.868422 25.973684 25.552631 24.421053 27.513514 27.184212 6.999998 0.326088
19:46:05 25.868422 25.973684 25.552631 24.421053 27.513514 27.184212 6.847825 0.326088
19:46:06 25.868422 25.973684 25.552631 24.421053 27.513514 27.184212 6.847825 0.326088
19:46:06 25.868422 25.973684 25.552631 24.421053 27.513514 27.184212 6.847825 0.326088
19:46:07 25.868422 25.973684 25.552631 24.421053 27.513514 27.184212 6.847825 0.326088
19:46:07 25.868422 25.973684 25.552631 24.421053 27.513514 27.184212 6.847825 0.326088
19:46:07 25.868422 25.973684 25.552631 24.421053 27.513514 27.157894 6.695651 0.326088
19:46:08 25.868422 25.973684 25.552631 24.421053 27.513514 27.157894 6.695651 0.326088
19:46:08 25.868422 25.973684 25.552631 24.421053 27.513514 27.157894 6.804349 0.326088
19:46:09 25.868422 25.973684 25.552631 24.421053 27.513514 27.157894 6.804349 0.326088
19:46:09 25.868422 25.973684 25.552631 24.421053 27.513514 27.157894 6.804349 0.326088
19:46:09 25.868422 25.973684 25.552631 24.421053 27.513514 27.184212 6.652176 0.326088
19:46:10 25.868422 25.973684 25.552631 24.421053 27.513514 27.184212 6.652176 0.347826
19:46:10 25.868422 25.973684 25.552631 24.421053 27.513514 27.184212 6.869562 0.347826
19:46:11 25.868422 25.973684 25.552631 24.421053 27.513514 27.157894 6.869562 0.326088
19:46:11 25.868422 25.973684 25.552631 24.421053 27.513514 27.157894 6.869562 0.326088
19:46:11 25.868422 25.973684 25.552631 24.421053 27.513514 27.157894 6.695651 0.326088
19:46:12 25.868422 25.973684 25.552631 24.421053 27.513514 27.157894 6.695651 0.326088
19:46:12 25.868422 25.973684 25.552631 24.421053 27.513514 27.157894 6.804349 0.326088
19:46:13 25.868422 25.973684 25.552631 24.421053 27.513514 27.157894 6.804349 0.347826
19:46:13 25.868422 25.973684 25.526316 24.421053 27.513514 27.157894 6.782612 0.347826
19:46:13 25.868422 25.973684 25.526316 24.421053 27.513514 27.184212 6.782612 0.347826
19:46:14 25.947369 25.947371 25.526316 24.342106 27.513514 27.184212 6.782612 0.347826
19:46:14 25.947369 25.947371 25.526316 24.342106 27.513514 27.157894 8.086959 0.347826
19:46:15 25.842106 25.947371 25.526316 24.342106 27.513514 27.157894 8.086959 0.347826
19:46:15 25.842106 25.947371 25.526316 24.342106 27.513514 27.157894 8.152171 0.347826
19:46:15 25.842106 25.947371 25.526316 24.342106 27.513514 27.157894 8.152171 0.347826
19:46:16 25.842106 25.947371 25.526316 24.342106 27.513514 27.157894 8.152171 0.347826
19:46:16 25.842106 25.947371 25.526316 24.342106 27.513514 27.157894 8.152171 0.347826
19:46:17 25.842106 25.947371 25.526316 24.342106 27.513514 27.157894 8.152171 0.347826
19:46:17 25.842106 25.947371 25.526316 24.342106 27.513514 27.157894 7.956523 0.347826
19:46:17 25.842106 25.947371 25.526316 24.342106 27.513514 27.157894 7.956523 0.347826
19:46:18 25.842106 25.947371 25.526316 24.342106 27.513514 27.157894 7.978261 0.347826
19:46:18 25.842106 25.947371 25.526316 24.342106 27.513514 27.157894 7.978261 0.347826
19:46:19 25.842106 25.947371 25.526316 24.342106 27.513514 27.157894 7.978261 0.347826
19:46:19 25.842106 25.947371 25.526316 24.342106 27.513514 27.157894 7.891300 0.347826
19:46:19 25.842106 25.947371 25.526316 24.342106 27.513514 27.157894 7.891300 0.326088
19:46:20 25.842106 25.947371 25.526316 24.342106 27.513514 27.157894 8.021735 0.326088
19:46:20 25.842106 25.947371 25.526316 24.342106 27.513514 27.157894 8.021735 0.347826
19:46:21 25.842106 25.947371 25.526316 24.342106 27.513514 27.157894 8.021735 0.347826
19:46:21 25.842106 25.947371 25.526316 24.342106 27.513514 27.157894 7.999998 0.347826
19:46:21 25.842106 25.947371 25.526316 24.342106 27.513514 27.157894 7.999998 0.326088
19:46:22 25.842106 25.947371 25.526316 24.342106 27.513514 27.157894 7.934785 0.326088
19:46:22 25.842106 25.947371 25.526316 24.342106 27.513514 27.157894 7.934785 0.326088
19:46:23 25.842106 25.947371 25.526316 24.342106 27.513514 27.157894 7.934785 0.326088
19:46:23 25.842106 25.947371 25.526316 24.342106 27.513514 27.157894 7.934785 0.326088
19:46:23 25.842106 25.947371 25.526316 24.342106 27.513514 27.157894 7.934785 0.326088
19:46:24 25.842106 25.947371 25.526316 24.342106 27.513514 27.157894 7.934785 0.326088
19:46:24 25.842106 25.947371 25.526316 24.342106 27.513514 27.157894 7.934785 0.347826
19:46:25 25.842106 25.947371 25.526316 24.342106 27.513514 27.157894 8.021735 0.347826
19:46:25 25.842106 25.947371 25.526316 24.342106 27.513514 27.157894 8.021735 0.326088
19:46:25 25.842106 25.947371 25.526316 24.342106 27.513514 27.157894 8.021735 0.326088
19:46:26 25.842106 25.947371 25.526316 24.342106 27.513514 27.157894 7.891300 0.326088
19:46:26 25.842106 25.947371 25.526316 24.342106 27.513514 27.157894 7.891300 0.347826
19:46:27 25.842106 25.947371 25.500000 24.342106 27.513514 27.157894 8.043484 0.347826
19:46:27 25.842106 25.947371 25.500000 24.342106 27.513514 27.157894 8.043484 0.326088
19:46:27 25.842106 25.947371 25.500000 24.342106 27.513514 27.157894 8.043484 0.326088
19:46:28 25.842106 25.947371 25.500000 24.342106 27.513514 27.157894 7.869562 0.326088
19:46:28 25.842106 25.947371 25.500000 24.342106 27.513514 27.157894 7.869562 0.326088
19:46:29 25.842106 25.947371 25.500000 24.342106 27.513514 27.157894 7.891300 0.326088
19:46:29 25.842106 25.947371 25.500000 24.342106 27.513514 27.157894 7.891300 0.326088
19:46:29 25.842106 25.947371 25.526316 24.342106 27.513514 27.157894 7.891300 0.326088
19:46:30 25.842106 25.947371 25.526316 24.342106 27.513514 27.157894 7.869562 0.347826
19:46:30 25.842106 25.947371 25.500000 24.342106 27.513514 27.157894 7.869562 0.347826
19:46:31 25.842106 25.947371 25.500000 24.342106 27.513514 27.157894 7.869562 0.347826
19:46:31 25.842106 25.947371 25.500000 24.342106 27.513514 27.157894 7.869562 0.326088
19:46:31 25.842106 25.947371 25.526316 24.342106 27.513514 27.157894 7.869562 0.326088
19:46:32 25.842106 25.947371 25.526316 24.342106 27.513514 27.157894 7.869562 0.326088
19:46:32 25.842106 25.947371 25.500000 24.342106 27.513514 27.157894 7.869562 0.326088
19:46:33 25.842106 25.947371 25.500000 24.342106 27.513514 27.157894 7.956523 0.326088
19:46:33 25.842106 25.947371 25.500000 24.342106 27.513514 27.157894 7.956523 0.347826
19:46:33 25.842106 25.947371 25.500000 24.342106 27.513514 27.157894 7.999998 0.347826
19:46:34 25.842106 25.947371 25.500000 24.342106 27.513514 27.157894 7.999998 0.347826
19:46:34 25.842106 25.842104 25.526316 24.394737 27.513514 27.157894 7.999998 0.347826
19:46:35 25.842106 25.842104 25.526316 24.394737 27.513514 27.157894 7.065221 0.347826
19:46:35 25.868422 25.947371 25.526316 24.394737 27.513514 27.157894 7.065221 0.347826
19:46:35 25.868422 25.947371 25.526316 24.394737 27.513514 27.157894 7.086958 0.347826
19:46:36 25.868422 25.947371 25.526316 24.394737 27.513514 27.157894 7.086958 0.347826
19:46:36 25.868422 25.947371 25.526316 24.394737 27.513514 27.157894 7.195656 0.347826
19:46:37 25.868422 25.947371 25.526316 24.394737 27.513514 27.157894 7.195656 0.347826
19:46:37 25.868422 25.947371 25.526316 24.394737 27.513514 27.157894 7.195656 0.347826
19:46:37 25.868422 25.947371 25.526316 24.394737 27.513514 27.157894 6.956522 0.347826
19:46:38 25.868422 25.947371 25.526316 24.394737 27.513514 27.157894 6.956522 0.347826
19:46:38 25.868422 25.947371 25.526316 24.394737 27.513514 27.157894 6.869562 0.347826
19:46:39 25.868422 25.947371 25.526316 24.394737 27.513514 27.157894 6.869562 0.326088
19:46:39 25.868422 25.947371 25.526316 24.394737 27.513514 27.157894 6.869562 0.326088
19:46:39 25.868422 25.947371 25.526316 24.394737 27.513514 27.157894 6.804349 0.326088
19:46:40 25.868422 25.947371 25.526316 24.394737 27.513514 27.157894 6.804349 0.347826
19:46:40 25.868422 25.947371 25.526316 24.394737 27.513514 27.157894 6.739126 0.347826
19:46:41 25.868422 25.947371 25.526316 24.394737 27.513514 27.157894 6.739126 0.347826
19:46:41 25.868422 25.947371 25.526316 24.394737 27.513514 27.157894 6.739126 0.347826
19:46:41 25.868422 25.947371 25.526316 24.394737 27.513514 27.157894 6.804349 0.347826
19:46:42 25.868422 25.973684 25.526316 24.394737 27.513514 27.157894 6.804349 0.347826
19:46:42 25.868422 25.973684 25.526316 24.394737 27.513514 27.157894 6.717389 0.347826
19:46:43 25.868422 25.973684 25.526316 24.394737 27.513514 27.157894 6.717389 0.347826
19:46:43 25.868422 25.947371 25.526316 24.394737 27.513514 27.157894 6.717389 0.347826
19:46:43 25.868422 25.947371 25.526316 24.394737 27.513514 27.184212 6.891300 0.347826
19:46:44 25.868422 25.973684 25.526316 24.394737 27.513514 27.184212 6.891300 0.347826
19:46:44 25.868422 25.973684 25.526316 24.394737 27.513514 27.157894 6.760874 0.347826
19:46:45 25.947369 26.052631 25.526316 24.394737 27.513514 27.157894 6.760874 0.347826
19:46:45 25.947369 26.052631 25.605265 24.684212 27.513514 27.157894 1.108695 0.347826
19:46:45 25.947369 26.052631 25.605265 24.684212 27.513514 27.184212 1.108695 0.347826
19:46:46 25.921053 26.026314 25.578947 24.578947 27.513514 27.184212 1.108695 0.347826
19:46:46 25.921053 26.026314 25.578947 24.578947 27.513514 27.184212 2.913047 0.347826
19:46:47 25.921053 26.026314 25.578947 24.578947 27.513514 27.184212 2.913047 0.347826
19:46:47 25.921053 26.026314 25.578947 24.605263 27.513514 27.184212 2.847824 0.347826
19:46:47 25.921053 26.026314 25.578947 24.605263 27.513514 27.184212 2.847824 0.347826
19:46:48 25.921053 26.026314 25.578947 24.578947 27.513514 27.184212 2.847824 0.347826
19:46:48 25.921053 26.026314 25.578947 24.578947 27.513514 27.184212 2.999997 0.347826
19:46:49 25.921053 26.026314 25.578947 24.578947 27.513514 27.184212 2.999997 0.347826
19:46:49 25.921053 26.026314 25.578947 24.605263 27.513514 27.184212 2.956522 0.347826
19:46:49 25.921053 26.026314 25.578947 24.605263 27.513514 27.184212 2.956522 0.347826
19:46:50 25.921053 26.026314 25.578947 24.578947 27.513514 27.184212 3.043483 0.347826
19:46:50 25.921053 26.026314 25.578947 24.578947 27.513514 27.184212 3.043483 0.347826
19:46:51 25.921053 26.026314 25.578947 24.578947 27.513514 27.184212 3.043483 0.347826
19:46:51 25.921053 26.026314 25.578947 24.578947 27.513514 27.184212 3.043483 0.347826
19:46:51 25.921053 26.026314 25.578947 24.578947 27.513514 27.184212 3.043483 0.347826
19:46:52 25.921053 26.026314 25.578947 24.578947 27.513514 27.184212 2.999997 0.347826
19:46:52 25.921053 26.026314 25.578947 24.578947 27.513514 27.184212 2.999997 0.347826
19:46:53 25.921053 26.026314 25.578947 24.578947 27.513514 27.184212 2.999997 0.347826
19:46:53 25.921053 26.026314 25.578947 24.578947 27.513514 27.184212 3.086958 0.347826
19:46:53 25.921053 26.026314 25.578947 24.578947 27.513514 27.184212 3.086958 0.347826
19:46:54 25.921053 26.026314 25.578947 24.578947 27.513514 27.184212 3.021735 0.347826
19:46:54 25.921053 26.026314 25.578947 24.578947 27.513514 27.184212 3.021735 0.347826
19:46:55 25.921053 26.026314 25.578947 24.605263 27.513514 27.184212 3.021735 0.347826
19:46:55 25.921053 26.026314 25.578947 24.605263 27.540543 27.184212 2.978260 0.239128
19:46:55 25.947369 26.026314 25.578947 24.605263 27.540543 27.184212 2.978260 0.239128
19:46:56 25.947369 26.026314 25.578947 24.605263 27.513514 27.184212 2.978260 0.239128
19:46:56 25.921053 26.026314 25.578947 24.605263 27.513514 27.184212 2.978260 0.282613
19:46:57 25.921053 26.026314 25.578947 24.605263 27.513514 27.184212 2.956522 0.282613
19:46:57 25.921053 26.026314 25.578947 24.605263 27.513514 27.184212 2.956522 0.260865
19:46:57 25.921053 26.026314 25.578947 24.605263 27.513514 27.184212 2.956522 0.260865
19:46:58 25.921053 26.026314 25.578947 24.605263 27.513514 27.184212 2.956522 0.260865
19:46:58 25.921053 26.026314 25.578947 24.605263 27.513514 27.184212 2.956522 0.260865
19:46:59 25.921053 26.026314 25.578947 24.578947 27.513514 27.184212 3.021735 0.260865
