18:25:32 26.131578 26.263159 25.763159 24.815790 27.594595 27.263157 1.108695 0.000004
18:25:32 26.131578 26.236841 25.763159 24.815790 27.594595 27.263157 1.108695 0.000004
18:25:32 26.131578 26.236841 25.763159 24.815790 27.594595 27.263157 1.086958 0.000004
18:25:33 26.131578 26.236841 25.763159 24.815790 27.594595 27.263157 1.086958 0.000004
18:25:33 26.131578 26.263159 25.763159 24.815790 27.594595 27.263157 1.086958 0.000004
18:25:34 26.131578 26.263159 25.763159 24.815790 27.594595 27.263157 1.086958 0.000004
18:25:34 26.131578 26.236841 25.763159 24.815790 27.594595 27.263157 1.086958 0.000004
18:25:34 26.131578 26.236841 25.763159 24.815790 27.594595 27.263157 1.086958 0.000004
18:25:35 26.131578 26.236841 25.763159 24.815790 27.594595 27.263157 1.086958 0.000004
18:25:35 26.131578 26.236841 25.763159 24.815790 27.594595 27.263157 1.108695 0.000004
18:25:36 26.131578 26.236841 25.763159 24.815790 27.594595 27.263157 1.108695 0.021742
18:25:36 26.131578 26.236841 25.763159 24.815790 27.594595 27.263157 1.108695 0.021742
18:25:36 26.131578 26.236841 25.763159 24.815790 27.594595 27.263157 1.108695 0.021742
18:25:37 26.131578 26.236841 25.763159 24.815790 27.594595 27.263157 1.108695 0.021742
18:25:37 26.131578 26.236841 25.763159 24.815790 27.594595 27.263157 1.086958 0.021742
18:25:38 26.131578 26.236841 25.763159 24.815790 27.594595 27.263157 1.086958 0.021742
18:25:38 26.131578 26.236841 25.763159 24.815790 27.594595 27.263157 1.086958 0.021742
18:25:38 26.131578 26.236841 25.763159 24.815790 27.594595 27.263157 1.086958 0.000004
18:25:39 26.131578 26.236841 25.763159 24.815790 27.594595 27.263157 1.086958 0.000004
18:25:39 26.131578 26.236841 25.763159 24.815790 27.594595 27.263157 1.108695 0.000004
18:25:40 26.105263 26.236841 25.763159 24.815790 27.594595 27.263157 1.108695 0.000004
18:25:40 26.105263 26.236841 25.763159 24.815790 27.594595 27.263157 1.108695 0.000004
18:25:40 26.105263 26.236841 25.763159 24.815790 27.594595 27.263157 1.108695 0.000004
18:25:41 26.105263 26.236841 25.763159 24.815790 27.594595 27.263157 1.108695 0.000004
18:25:41 26.105263 26.236841 25.763159 24.815790 27.594595 27.263157 1.108695 0.000004
18:25:42 26.105263 26.236841 25.763159 24.815790 27.594595 27.263157 1.108695 0.000004
18:25:42 26.105263 26.236841 25.763159 24.815790 27.594595 27.263157 1.108695 0.000004
18:25:42 26.105263 26.236841 25.763159 24.815790 27.594595 27.263157 1.108695 0.000004
18:25:43 26.105263 26.236841 25.763159 24.815790 27.594595 27.263157 1.108695 0.000004
18:25:43 26.105263 26.236841 25.763159 24.815790 27.594595 27.263157 1.108695 0.000004
18:25:44 26.131578 26.236841 25.763159 24.815790 27.594595 27.263157 1.108695 0.000004
18:25:44 26.131578 26.236841 25.763159 24.815790 27.594595 27.263157 1.108695 0.000004
18:25:44 26.131578 26.236841 25.763159 24.815790 27.594595 27.263157 1.108695 0.000004
18:25:45 26.131578 26.236841 25.763159 24.815790 27.594595 27.263157 1.108695 0.000004
18:25:45 26.131578 26.236841 25.763159 24.815790 27.594595 27.263157 1.108695 0.000004
18:25:46 26.131578 26.236841 25.763159 24.815790 27.594595 27.263157 1.108695 0.000004
18:25:46 26.131578 26.236841 25.763159 24.815790 27.594595 27.263157 1.108695 0.000004
