13:30:27 28.105263 26.000000 27.684210 26.157894 27.270269 26.894737 1.282606 3.043480
13:30:27 28.105263 26.000000 27.684210 26.157894 27.270269 26.894737 1.326092 3.021742
13:30:28 28.105263 26.000000 27.684210 26.184212 27.270269 26.894737 1.369567 2.695648
13:30:29 28.105263 26.000000 27.684210 26.184212 27.270269 26.894737 1.391304 2.695648
13:30:30 28.105263 26.000000 27.684210 26.184212 27.270269 26.894737 1.391304 2.826083
13:30:31 28.105263 26.000000 27.684210 26.184212 27.297297 26.894737 1.391304 2.847831
13:30:31 28.105263 26.000000 27.684210 26.184212 27.324326 26.921051 1.369567 2.630435
13:30:32 28.105263 26.000000 27.684210 26.184212 27.297297 26.921051 1.326092 2.630435
13:30:33 28.105263 26.000000 27.684210 26.184212 27.324326 26.947369 1.282606 2.239128
13:30:34 28.105263 26.000000 27.684210 26.184212 27.324326 26.947369 1.260869 2.239128
13:30:35 28.105263 26.000000 27.684210 26.184212 27.324326 26.947369 1.260869 2.347826
13:30:35 28.105263 26.000000 27.684210 26.184212 27.324326 26.947369 1.260869 2.239128
13:30:36 28.105263 26.000000 27.684210 26.184212 27.324326 26.947369 1.239131 2.326088
13:30:37 28.105263 26.000000 27.684210 26.184212 27.324326 26.947369 1.239131 2.195653
13:30:38 28.105263 26.000000 27.684210 26.184212 27.324326 26.947369 1.239131 2.195653
13:30:39 28.105263 26.000000 27.684210 26.184212 27.324326 26.947369 1.239131 2.108692
13:30:39 28.105263 26.000000 27.684210 26.184212 27.324326 26.973684 1.239131 1.978256
13:30:40 28.105263 26.000000 27.684210 26.184212 27.351351 26.973684 1.239131 2.000004
13:30:41 28.105263 26.000000 27.684210 26.184212 27.324326 26.973684 1.239131 1.978256
13:30:42 28.105263 26.000000 27.684210 26.184212 27.351351 26.973684 1.239131 2.000004
13:30:43 28.105263 26.000000 27.684210 26.184212 27.351351 26.973684 1.239131 2.000004
13:30:43 28.105263 26.000000 27.684210 26.184212 27.351351 26.973684 1.239131 1.891306
13:30:44 28.105263 26.000000 27.684210 26.184212 27.351351 26.973684 1.239131 1.913044
13:30:45 28.105263 26.000000 27.684210 26.184212 27.351351 26.973684 1.239131 1.913044
13:30:46 28.105263 26.000000 27.684210 26.184212 27.351351 26.973684 1.239131 1.891306
13:30:47 28.105263 26.000000 27.684210 26.184212 27.351351 26.973684 1.239131 1.782608
13:30:47 28.105263 26.000000 27.684210 26.184212 27.351351 26.973684 1.239131 1.782608
13:30:48 28.105263 26.000000 27.684210 26.184212 27.351351 26.973684 1.239131 1.804346
13:30:49 28.105263 26.000000 27.684210 26.184212 27.351351 26.973684 1.239131 1.804346
13:30:50 28.105263 26.000000 27.684210 26.184212 27.351351 27.000000 1.239131 1.695647
13:30:51 28.105263 26.000000 27.684210 26.184212 27.378378 27.000000 1.260869 1.652172
13:30:51 28.105263 26.000000 27.684210 26.184212 27.351351 27.000000 1.260869 1.652172
13:30:52 28.105263 26.000000 27.684210 26.184212 27.351351 27.000000 1.239131 1.673910
13:30:53 28.105263 26.000000 27.684210 26.157894 27.351351 27.000000 1.239131 1.717395
13:30:54 28.105263 26.000000 27.684210 26.157894 27.351351 27.000000 1.239131 1.673910
13:30:55 28.105263 26.000000 27.684210 26.184212 27.351351 27.000000 1.239131 1.695647
13:30:55 28.105263 26.000000 27.684210 26.157894 27.351351 27.000000 1.260869 1.717395
13:30:56 28.105263 26.000000 27.684210 26.157894 27.351351 27.000000 1.260869 1.717395
13:30:57 28.105263 26.000000 27.684210 26.157894 27.351351 27.000000 1.282606 1.673910
13:30:58 28.105263 26.000000 27.684210 26.157894 27.351351 27.000000 1.282606 1.695647
13:30:59 28.105263 26.000000 27.684210 26.157894 27.351351 27.000000 1.282606 1.695647
13:30:59 28.105263 26.000000 27.684210 26.157894 27.351351 27.000000 1.304344 1.652172
13:31:00 28.105263 26.000000 27.684210 26.157894 27.351351 27.000000 1.347829 1.695647
