18:45:50 26.078947 26.210527 25.736843 24.789474 27.594595 27.263157 1.086958 0.000004
18:45:51 26.078947 26.210527 25.736843 24.789474 27.594595 27.263157 1.086958 0.000004
18:45:51 26.078947 26.210527 25.736843 24.789474 27.594595 27.236841 1.086958 0.000004
18:45:52 26.078947 26.210527 25.736843 24.789474 27.594595 27.236841 1.086958 0.000004
18:45:52 26.078947 26.210527 25.736843 24.789474 27.594595 27.263157 1.086958 0.000004
18:45:52 26.078947 26.210527 25.736843 24.789474 27.594595 27.263157 1.086958 0.000004
18:45:53 26.078947 26.210527 25.736843 24.789474 27.594595 27.263157 1.108695 0.000004
18:45:53 26.078947 26.210527 25.736843 24.789474 27.594595 27.236841 1.108695 0.000004
18:45:54 26.078947 26.210527 25.736843 24.763157 27.594595 27.236841 1.108695 0.000004
18:45:54 26.078947 26.210527 25.736843 24.763157 27.594595 27.263157 1.108695 0.000004
18:45:54 26.078947 26.210527 25.736843 24.763157 27.594595 27.263157 1.108695 0.000004
18:45:55 26.078947 26.210527 25.736843 24.763157 27.594595 27.263157 1.130433 0.000004
18:45:55 26.078947 26.210527 25.736843 24.763157 27.594595 27.263157 1.130433 0.000004
