22:25:00 26.473682 26.447369 26.184212 25.684210 26.081081 26.131578 1.326092 -0.043481
22:25:02 26.473682 26.447369 26.184212 25.657896 26.081081 26.131578 1.391304 -0.043481
22:25:03 26.473682 26.447369 26.184212 25.684210 26.081081 26.131578 1.478265 -0.021744
22:25:04 26.473682 26.447369 26.184212 25.684210 26.081081 26.131578 3.739126 -0.043481
22:25:06 26.473682 26.447369 26.184212 25.684210 26.081081 26.131578 1.347829 -0.043481
22:25:07 26.473682 26.447369 26.184212 25.684210 26.081081 26.131578 1.326092 -0.043481
22:25:08 26.473682 26.447369 26.184212 25.684210 26.081081 26.131578 1.326092 -0.043481
22:25:09 26.473682 26.447369 26.184212 25.684210 26.081081 26.131578 1.304344 -0.043481
22:25:11 26.473682 26.447369 26.184212 25.684210 26.081081 26.131578 1.304344 -0.021744
22:25:12 26.473682 26.447369 26.184212 25.684210 26.081081 26.131578 1.304344 -0.021744
22:25:13 26.473682 26.447369 26.184212 25.684210 26.081081 26.131578 1.260869 -0.021744
22:25:14 26.473682 26.447369 26.184212 25.684210 26.081081 26.131578 1.326092 -0.021744
22:25:16 26.473682 26.447369 26.184212 25.684210 26.081081 26.131578 1.326092 -0.043481
22:25:17 26.473682 26.447369 26.184212 25.684210 26.081081 26.131578 1.260869 -0.043481
22:25:18 26.473682 26.447369 26.184212 25.684210 26.081081 26.131578 1.282606 -0.043481
22:25:19 26.473682 26.447369 26.184212 25.684210 26.081081 26.131578 1.282606 -0.043481
22:25:20 26.473682 26.447369 26.184212 25.684210 26.081081 26.131578 1.260869 -0.043481
22:25:22 26.473682 26.447369 26.184212 25.684210 26.081081 26.131578 1.304344 -0.043481
22:25:23 26.473682 26.447369 26.184212 25.684210 26.081081 26.131578 1.304344 -0.043481
22:25:24 26.473682 26.421055 26.184212 25.684210 26.081081 26.131578 1.304344 -0.043481
22:25:26 26.473682 26.447369 26.184212 25.684210 26.081081 26.131578 1.282606 -0.043481
22:25:27 26.473682 26.447369 26.184212 25.684210 26.081081 26.131578 1.282606 -0.043481
22:25:28 26.473682 26.447369 26.184212 25.684210 26.081081 26.131578 1.304344 -0.043481
22:25:29 26.473682 26.447369 26.184212 25.684210 26.081081 26.131578 1.304344 -0.043481
22:25:30 26.473682 26.447369 26.184212 25.684210 26.081081 26.131578 1.304344 -0.043481
22:25:32 26.473682 26.447369 26.184212 25.684210 26.081081 26.131578 1.347829 -0.043481
22:25:33 26.473682 26.447369 26.184212 25.657896 26.081081 26.131578 1.369567 -0.043481
22:25:34 26.473682 26.447369 26.184212 25.684210 26.081081 26.105263 1.521740 -0.043481
22:25:35 26.473682 26.447369 26.184212 25.684210 26.081081 26.131578 1.369567 -0.043481
22:25:37 26.473682 26.447369 26.184212 25.684210 26.081081 26.131578 1.369567 -0.043481
22:25:38 26.473682 26.447369 26.184212 25.684210 26.081081 26.131578 1.347829 -0.043481
22:25:39 26.473682 26.447369 26.184212 25.684210 26.081081 26.131578 1.326092 -0.043481
22:25:40 26.473682 26.447369 26.184212 25.684210 26.081081 26.131578 1.304344 -0.043481
22:25:42 26.473682 26.447369 26.184212 25.684210 26.081081 26.131578 1.282606 -0.043481
22:25:43 26.473682 26.447369 26.184212 25.684210 26.081081 26.131578 1.260869 -0.043481
22:25:44 26.473682 26.447369 26.184212 25.684210 26.081081 26.131578 1.326092 -0.043481
22:25:45 26.473682 26.447369 26.184212 25.684210 26.081081 26.131578 1.326092 -0.021744
22:25:47 26.473682 26.447369 26.184212 25.684210 26.081081 26.131578 1.260869 -0.021744
22:25:48 26.473682 26.447369 26.184212 25.684210 26.081081 26.131578 1.260869 -0.021744
22:25:49 26.473682 26.447369 26.184212 25.684210 26.081081 26.131578 1.260869 -0.043481
22:25:50 26.473682 26.447369 26.184212 25.684210 26.081081 26.131578 1.260869 -0.043481
22:25:51 26.473682 26.447369 26.184212 25.684210 26.081081 26.131578 1.260869 -0.043481
22:25:53 26.473682 26.447369 26.184212 25.684210 26.081081 26.131578 1.326092 -0.043481
22:25:55 26.473682 26.421055 26.184212 25.684210 26.081081 26.131578 1.304344 -0.043481
22:25:56 26.473682 26.447369 26.184212 25.684210 26.081081 26.131578 1.304344 -0.043481
22:25:57 26.473682 26.447369 26.184212 25.684210 26.081081 26.131578 1.282606 -0.043481
22:25:59 26.473682 26.447369 26.184212 25.684210 26.081081 26.131578 1.304344 -0.043481
22:26:00 26.473682 26.447369 26.184212 25.684210 26.081081 26.131578 1.304344 -0.043481
22:26:01 26.473682 26.447369 26.184212 25.684210 26.081081 26.131578 1.304344 -0.043481
22:26:03 26.473682 26.447369 26.184212 25.684210 26.081081 26.131578 1.326092 -0.043481
22:26:05 26.473682 26.447369 26.184212 25.631578 26.081081 26.131578 1.434779 -0.043481
22:26:06 26.473682 26.447369 26.184212 25.684210 26.081081 26.131578 1.369567 -0.043481
22:26:07 26.473682 26.447369 26.184212 25.684210 26.081081 26.131578 1.369567 -0.043481
22:26:08 26.473682 26.447369 26.184212 25.684210 26.081081 26.131578 1.369567 -0.043481
22:26:10 26.473682 26.447369 26.184212 25.684210 26.081081 26.131578 1.369567 -0.043481
22:26:11 26.473682 26.447369 26.184212 25.684210 26.081081 26.105263 1.304344 -0.043481
22:26:13 26.473682 26.447369 26.184212 25.684210 26.081081 26.131578 1.260869 -0.043481
22:26:15 26.473682 26.447369 26.184212 25.684210 26.081081 26.131578 1.282606 -0.043481
22:26:16 26.473682 26.447369 26.184212 25.684210 26.081081 26.131578 1.304344 -0.021744
22:26:17 26.473682 26.447369 26.184212 25.684210 26.081081 26.131578 1.260869 -0.021744
22:26:18 26.473682 26.447369 26.184212 25.684210 26.081081 26.131578 1.260869 -0.021744
22:26:20 26.473682 26.447369 26.184212 25.684210 26.081081 26.131578 1.260869 -0.043481
22:26:21 26.473682 26.447369 26.184212 25.684210 26.081081 26.105263 1.260869 -0.021744
22:26:22 26.473682 26.447369 26.184212 25.684210 26.081081 26.131578 1.260869 -0.021744
22:26:23 26.447369 26.447369 26.184212 25.684210 26.081081 26.131578 1.304344 -0.043481
22:26:25 26.447369 26.447369 26.184212 25.684210 26.081081 26.131578 1.326092 -0.043481
22:26:26 26.473682 26.447369 26.184212 25.684210 26.081081 26.131578 1.326092 -0.043481
22:26:27 26.473682 26.447369 26.184212 25.684210 26.081081 26.131578 1.260869 -0.043481
22:26:28 26.473682 26.447369 26.184212 25.684210 26.081081 26.131578 1.260869 -0.043481
22:26:29 26.473682 26.447369 26.184212 25.684210 26.081081 26.131578 1.260869 -0.043481
22:26:31 26.473682 26.447369 26.184212 25.684210 26.081081 26.131578 1.282606 -0.043481
22:26:32 26.473682 26.447369 26.184212 25.684210 26.081081 26.131578 1.282606 -0.043481
22:26:33 26.473682 26.447369 26.184212 25.684210 26.081081 26.131578 1.282606 -0.043481
22:26:34 26.473682 26.421055 26.184212 25.631578 26.081081 26.131578 1.326092 -0.021744
22:26:36 26.473682 26.447369 26.184212 25.684210 26.081081 26.131578 1.347829 -0.021744
22:26:37 26.473682 26.447369 26.184212 25.684210 26.081081 26.131578 1.347829 -0.043481
22:26:38 26.473682 26.447369 26.184212 25.684210 26.081081 26.131578 1.369567 -0.043481
22:26:39 26.473682 26.447369 26.184212 25.684210 26.081081 26.131578 1.369567 -0.043481
22:26:41 26.473682 26.447369 26.184212 25.684210 26.081081 26.131578 1.565215 -0.043481
22:26:42 26.473682 26.447369 26.184212 25.684210 26.081081 26.131578 1.347829 -0.043481
22:26:43 26.473682 26.447369 26.184212 25.684210 26.081081 26.131578 1.282606 -0.043481
22:26:44 26.473682 26.447369 26.184212 25.684210 26.081081 26.105263 1.304344 -0.043481
22:26:46 26.473682 26.447369 26.184212 25.684210 26.081081 26.131578 1.282606 -0.043481
22:26:47 26.473682 26.447369 26.184212 25.684210 26.081081 26.131578 1.260869 -0.021744
22:26:48 26.473682 26.447369 26.184212 25.684210 26.081081 26.131578 1.260869 -0.021744
22:26:49 26.473682 26.447369 26.184212 25.684210 26.081081 26.131578 1.260869 -0.021744
