18:01:08 26.157894 26.289474 25.763159 24.868422 27.621620 27.236841 1.217394 0.543474
18:01:08 26.157894 26.289474 25.763159 24.868422 27.621620 27.236841 1.217394 0.543474
18:01:09 26.157894 26.289474 25.763159 24.868422 27.540543 27.184212 1.304344 0.543474
18:01:09 26.157894 26.289474 25.763159 24.868422 27.540543 27.184212 1.304344 1.217390
18:01:10 26.157894 26.289474 25.763159 24.868422 27.540543 27.184212 1.369567 1.217390
18:01:10 26.157894 26.289474 25.763159 24.868422 27.540543 27.184212 1.369567 1.217390
18:01:10 26.157894 26.289474 25.763159 24.868422 27.540543 27.184212 1.369567 1.217390
18:01:11 26.157894 26.289474 25.763159 24.868422 27.540543 27.184212 1.347829 1.217390
18:01:11 26.157894 26.289474 25.763159 24.868422 27.540543 27.184212 1.347829 1.217390
18:01:12 26.157894 26.289474 25.763159 24.868422 27.540543 27.184212 1.282606 1.217390
18:01:12 26.157894 26.289474 25.763159 24.868422 27.540543 27.184212 1.282606 1.217390
18:01:12 26.157894 26.289474 25.763159 24.868422 27.540543 27.184212 1.217394 1.217390
18:01:13 26.157894 26.289474 25.763159 24.868422 27.540543 27.184212 1.217394 1.217390
18:01:13 26.157894 26.289474 25.763159 24.868422 27.540543 27.184212 1.217394 1.217390
18:01:14 26.157894 26.289474 25.763159 24.868422 27.540543 27.184212 1.152171 1.217390
18:01:14 26.157894 26.289474 25.763159 24.868422 27.540543 27.184212 1.152171 1.217390
18:01:14 26.157894 26.289474 25.763159 24.868422 27.540543 27.184212 1.130433 1.217390
18:01:15 26.157894 26.289474 25.763159 24.868422 27.540543 27.184212 1.130433 1.217390
18:01:15 26.157894 26.289474 25.763159 24.868422 27.540543 27.184212 1.130433 1.217390
18:01:16 26.157894 26.289474 25.763159 24.868422 27.540543 27.184212 1.130433 1.217390
18:01:16 26.157894 26.289474 25.763159 24.868422 27.540543 27.184212 1.130433 1.217390
18:01:16 26.157894 26.289474 25.763159 24.868422 27.540543 27.184212 1.108695 1.217390
18:01:17 26.157894 26.289474 25.763159 24.868422 27.540543 27.184212 1.108695 1.217390
18:01:17 26.157894 26.289474 25.763159 24.868422 27.540543 27.184212 1.108695 1.217390
18:01:18 26.157894 26.289474 25.763159 24.868422 27.540543 27.184212 1.108695 1.217390
18:01:18 26.157894 26.289474 25.763159 24.868422 27.540543 27.184212 1.108695 1.217390
18:01:18 26.157894 26.289474 25.763159 24.868422 27.540543 27.184212 1.108695 1.217390
18:01:19 26.157894 26.289474 25.763159 24.868422 27.540543 27.184212 1.108695 1.217390
18:01:19 26.157894 26.289474 25.763159 24.868422 27.540543 27.184212 1.130433 1.217390
18:01:20 26.157894 26.289474 25.763159 24.868422 27.540543 27.184212 1.130433 1.217390
18:01:20 26.157894 26.289474 25.763159 24.868422 27.540543 27.184212 1.130433 1.217390
18:01:20 26.157894 26.289474 25.763159 24.868422 27.540543 27.184212 1.130433 1.217390
18:01:21 26.157894 26.289474 25.763159 24.868422 27.540543 27.184212 1.130433 1.217390
18:01:21 26.157894 26.289474 25.789474 24.868422 27.540543 27.184212 1.108695 1.217390
18:01:22 26.157894 26.289474 25.789474 24.868422 27.540543 27.184212 1.108695 1.217390
18:01:22 26.157894 26.289474 25.789474 24.868422 27.540543 27.184212 1.108695 1.217390
18:01:22 26.157894 26.289474 25.789474 24.868422 27.540543 27.184212 1.108695 1.217390
18:01:23 26.157894 26.289474 25.789474 24.868422 27.540543 27.184212 1.108695 1.217390
18:01:23 26.157894 26.289474 25.789474 24.868422 27.540543 27.184212 1.108695 1.217390
18:01:24 26.157894 26.289474 25.789474 24.868422 27.540543 27.184212 1.108695 1.217390
18:01:24 26.157894 26.289474 25.789474 24.842106 27.540543 27.184212 1.108695 1.217390
18:01:24 26.157894 26.289474 25.789474 24.842106 27.540543 27.184212 1.108695 1.217390
18:01:25 26.157894 26.289474 25.789474 24.842106 27.540543 27.184212 1.108695 1.217390
18:01:25 26.157894 26.289474 25.789474 24.842106 27.540543 27.184212 1.108695 1.217390
18:01:26 26.157894 26.289474 25.789474 24.842106 27.540543 27.184212 1.108695 1.217390
18:01:26 26.157894 26.289474 25.789474 24.842106 27.540543 27.184212 1.130433 1.217390
18:01:26 26.157894 26.289474 25.789474 24.842106 27.540543 27.210527 1.130433 1.217390
18:01:27 26.157894 26.289474 25.789474 24.842106 27.540543 27.210527 1.130433 1.217390
18:01:27 26.157894 26.289474 25.789474 24.842106 27.540543 27.210527 1.108695 1.217390
18:01:28 26.184212 26.289474 25.789474 24.842106 27.540543 27.210527 1.108695 1.217390
18:01:28 26.184212 26.289474 25.789474 24.842106 27.540543 27.210527 1.130433 1.217390
18:01:28 26.184212 26.289474 25.789474 24.842106 27.540543 27.210527 1.130433 1.217390
18:01:29 26.184212 26.289474 25.789474 24.842106 27.540543 27.210527 1.130433 1.217390
18:01:29 26.184212 26.289474 25.789474 24.842106 27.540543 27.210527 1.130433 1.217390
18:01:30 26.184212 26.289474 25.789474 24.842106 27.540543 27.210527 1.130433 1.217390
18:01:30 26.184212 26.289474 25.789474 24.842106 27.540543 27.210527 1.130433 1.217390
18:01:30 26.184212 26.289474 25.789474 24.842106 27.540543 27.210527 1.130433 1.217390
18:01:31 26.184212 26.289474 25.789474 24.842106 27.540543 27.210527 1.130433 1.217390
18:01:31 26.184212 26.289474 25.789474 24.842106 27.567568 27.210527 1.130433 1.217390
18:01:32 26.184212 26.289474 25.789474 24.842106 27.567568 27.210527 1.130433 1.217390
18:01:32 26.184212 26.289474 25.789474 24.842106 27.567568 27.210527 1.130433 1.217390
18:01:32 26.184212 26.315788 25.789474 24.842106 27.567568 27.210527 1.130433 1.217390
18:01:33 26.184212 26.315788 25.789474 24.842106 27.567568 27.210527 1.108695 1.217390
18:01:33 26.184212 26.315788 25.789474 24.842106 27.567568 27.210527 1.108695 1.217390
18:01:34 26.184212 26.315788 25.789474 24.842106 27.567568 27.210527 1.108695 1.217390
18:01:34 26.184212 26.315788 25.789474 24.842106 27.567568 27.210527 1.108695 1.217390
18:01:34 26.184212 26.315788 25.789474 24.842106 27.567568 27.210527 1.108695 1.217390
18:01:35 26.184212 26.315788 25.789474 24.842106 27.567568 27.210527 1.108695 1.217390
18:01:35 26.184212 26.315788 25.789474 24.842106 27.567568 27.210527 1.108695 1.195653
18:01:36 26.184212 26.315788 25.789474 24.842106 27.567568 27.210527 1.108695 1.195653
18:01:36 26.184212 26.315788 25.789474 24.842106 27.567568 27.210527 1.173908 1.195653
18:01:36 26.184212 26.315788 25.789474 24.842106 27.567568 27.210527 1.173908 1.217390
18:01:37 26.184212 26.315788 25.789474 24.815790 27.567568 27.210527 1.130433 1.217390
18:01:37 26.184212 26.315788 25.789474 24.815790 27.567568 27.210527 1.130433 1.195653
18:01:38 26.184212 26.315788 25.789474 24.815790 27.567568 27.210527 1.152171 1.195653
18:01:38 26.184212 26.315788 25.789474 24.815790 27.567568 27.210527 1.152171 1.217390
18:01:38 26.184212 26.315788 25.789474 24.815790 27.567568 27.210527 1.152171 1.217390
18:01:39 26.184212 26.315788 25.789474 24.815790 27.567568 27.210527 1.173908 1.217390
18:01:39 26.184212 26.315788 25.789474 24.815790 27.567568 27.210527 1.173908 1.195653
18:01:40 26.184212 26.315788 25.789474 24.815790 27.567568 27.210527 1.260869 1.195653
18:01:40 26.184212 26.315788 25.789474 24.815790 27.567568 27.210527 1.260869 1.217390
18:01:40 26.184212 26.315788 25.789474 24.815790 27.567568 27.210527 1.260869 1.217390
18:01:41 26.184212 26.315788 25.789474 24.815790 27.567568 27.210527 1.326092 1.217390
18:01:41 26.184212 26.315788 25.789474 24.815790 27.567568 27.210527 1.326092 1.217390
18:01:42 26.184212 26.315788 25.789474 24.815790 27.567568 27.210527 1.391304 1.217390
18:01:42 26.184212 26.315788 25.789474 24.815790 27.567568 27.210527 1.391304 1.195653
18:01:42 26.184212 26.315788 25.789474 24.815790 27.567568 27.210527 1.391304 1.195653
18:01:43 26.184212 26.315788 25.789474 24.815790 27.567568 27.210527 1.347829 1.195653
18:01:43 26.184212 26.315788 25.789474 24.815790 27.567568 27.210527 1.347829 1.195653
18:01:44 26.184212 26.315788 25.789474 24.815790 27.567568 27.210527 1.260869 1.195653
18:01:44 26.184212 26.315788 25.789474 24.815790 27.567568 27.210527 1.260869 1.217390
18:01:44 26.184212 26.315788 25.789474 24.815790 27.567568 27.210527 1.195656 1.217390
18:01:45 26.184212 26.315788 25.789474 24.815790 27.567568 27.210527 1.195656 1.217390
18:01:45 26.184212 26.315788 25.789474 24.815790 27.567568 27.210527 1.195656 1.217390
18:01:46 26.184212 26.315788 25.789474 24.815790 27.567568 27.210527 1.152171 1.217390
18:01:46 26.184212 26.315788 25.789474 24.815790 27.567568 27.210527 1.152171 1.217390
18:01:46 26.184212 26.315788 25.789474 24.815790 27.567568 27.210527 1.130433 1.217390
18:01:47 26.184212 26.315788 25.789474 24.815790 27.567568 27.210527 1.130433 1.217390
18:01:47 26.184212 26.315788 25.789474 24.815790 27.567568 27.210527 1.130433 1.217390
18:01:48 26.184212 26.315788 25.789474 24.815790 27.567568 27.210527 1.130433 1.217390
18:01:48 26.184212 26.289474 25.789474 24.815790 27.567568 27.210527 1.130433 1.217390
18:01:48 26.184212 26.289474 25.789474 24.815790 27.540543 27.210527 1.130433 1.217390
18:01:49 26.184212 26.289474 25.789474 24.815790 27.540543 27.210527 1.130433 1.217390
18:01:49 26.184212 26.289474 25.789474 24.815790 27.540543 27.210527 1.130433 1.217390
18:01:50 26.184212 26.289474 25.789474 24.815790 27.540543 27.210527 1.108695 1.217390
18:01:50 26.184212 26.289474 25.789474 24.815790 27.540543 27.210527 1.108695 1.217390
18:01:50 26.184212 26.289474 25.789474 24.815790 27.540543 27.210527 1.130433 1.217390
18:01:51 26.184212 26.289474 25.789474 24.815790 27.540543 27.210527 1.130433 1.217390
18:01:51 26.184212 26.289474 25.789474 24.815790 27.540543 27.210527 1.152171 1.217390
18:01:52 26.184212 26.289474 25.789474 24.815790 27.540543 27.210527 1.152171 1.217390
18:01:52 26.184212 26.289474 25.789474 24.815790 27.540543 27.210527 1.152171 1.217390
18:01:52 26.184212 26.289474 25.789474 24.815790 27.540543 27.210527 1.130433 1.217390
18:01:53 26.184212 26.289474 25.789474 24.815790 27.540543 27.210527 1.130433 1.217390
18:01:53 26.184212 26.289474 25.789474 24.815790 27.540543 27.210527 1.130433 1.217390
18:01:54 26.184212 26.289474 25.789474 24.815790 27.540543 27.184212 1.130433 1.217390
18:01:54 26.184212 26.289474 25.789474 24.815790 27.540543 27.184212 1.130433 1.217390
18:01:54 26.184212 26.289474 25.789474 24.815790 27.540543 27.184212 1.108695 1.217390
18:01:55 26.157894 26.289474 25.789474 24.815790 27.540543 27.184212 1.108695 1.217390
18:01:55 26.157894 26.289474 25.789474 24.815790 27.540543 27.184212 1.130433 1.217390
18:01:56 26.157894 26.289474 25.789474 24.815790 27.540543 27.184212 1.130433 1.217390
18:01:56 26.157894 26.289474 25.789474 24.815790 27.540543 27.184212 1.130433 1.217390
18:01:56 26.157894 26.289474 25.789474 24.815790 27.540543 27.184212 1.130433 1.217390
18:01:57 26.157894 26.289474 25.763159 24.815790 27.540543 27.184212 1.130433 1.217390
18:01:57 26.157894 26.289474 25.763159 24.815790 27.540543 27.184212 1.130433 1.217390
18:01:58 26.157894 26.289474 25.763159 24.815790 27.540543 27.184212 1.130433 1.217390
18:01:58 26.157894 26.289474 25.763159 24.815790 27.540543 27.184212 1.130433 1.217390
18:01:58 26.157894 26.289474 25.763159 24.815790 27.540543 27.184212 1.130433 1.217390
18:01:59 26.157894 26.289474 25.763159 24.815790 27.540543 27.184212 1.130433 1.217390
18:01:59 26.157894 26.289474 25.763159 24.815790 27.540543 27.184212 1.130433 1.217390
18:02:00 26.157894 26.289474 25.763159 24.815790 27.540543 27.184212 1.130433 1.217390
18:02:00 26.157894 26.289474 25.763159 24.815790 27.540543 27.184212 1.152171 1.217390
18:02:00 26.157894 26.289474 25.763159 24.815790 27.540543 27.184212 1.152171 1.217390
18:02:01 26.157894 26.289474 25.763159 24.815790 27.540543 27.184212 1.152171 1.217390
18:02:01 26.157894 26.289474 25.763159 24.815790 27.540543 27.184212 1.130433 1.217390
18:02:02 26.157894 26.263159 25.763159 24.815790 27.540543 27.184212 1.130433 1.217390
18:02:02 26.157894 26.263159 25.763159 24.842106 27.540543 27.184212 1.152171 1.217390
18:02:02 26.157894 26.263159 25.763159 24.842106 27.540543 27.184212 1.152171 1.217390
18:02:03 26.157894 26.263159 25.763159 24.842106 27.540543 27.184212 1.130433 1.217390
18:02:03 26.157894 26.263159 25.763159 24.842106 27.513514 27.184212 1.130433 1.217390
18:02:04 26.157894 26.263159 25.763159 24.842106 27.513514 27.184212 1.130433 1.217390
18:02:04 26.157894 26.263159 25.763159 24.842106 27.513514 27.184212 1.130433 1.217390
18:02:04 26.157894 26.263159 25.763159 24.842106 27.513514 27.184212 1.130433 1.217390
18:02:05 26.157894 26.263159 25.763159 24.842106 27.513514 27.184212 1.130433 1.217390
18:02:05 26.157894 26.263159 25.763159 24.842106 27.513514 27.184212 1.130433 1.217390
18:02:06 26.157894 26.263159 25.763159 24.842106 27.513514 27.184212 1.130433 1.217390
18:02:06 26.157894 26.263159 25.763159 24.842106 27.513514 27.184212 1.130433 1.217390
18:02:06 26.157894 26.263159 25.763159 24.842106 27.513514 27.184212 1.130433 1.217390
18:02:07 26.157894 26.263159 25.763159 24.842106 27.513514 27.184212 1.130433 1.217390
18:02:07 26.131578 26.263159 25.763159 24.842106 27.513514 27.184212 1.130433 1.217390
18:02:08 26.131578 26.263159 25.763159 24.842106 27.513514 27.184212 1.130433 1.217390
