19:24:36 26.026316 26.131578 25.657894 24.736841 27.567568 27.210527 1.086958 0.000004
19:24:36 26.026316 26.131578 25.657894 24.736841 27.216215 26.973684 1.086958 0.826083
19:24:37 26.026316 26.131578 25.657894 24.736841 27.216215 26.973684 1.086958 0.826083
19:24:37 26.026316 26.131578 25.657894 24.736841 27.540543 27.184212 1.086958 0.826083
19:24:38 26.026316 26.131578 25.657894 24.736841 27.540543 27.184212 1.086958 0.282613
19:24:38 26.026316 26.131578 25.657894 24.736841 27.540543 27.184212 1.086958 0.282613
19:24:38 26.026316 26.131578 25.657894 24.736841 27.540543 27.184212 1.086958 0.282613
19:24:39 26.026316 26.131578 25.657894 24.736841 27.540543 27.184212 1.086958 0.282613
19:24:39 26.026316 26.131578 25.657894 24.736841 27.540543 27.184212 1.086958 0.282613
19:24:40 26.026316 26.131578 25.657894 24.736841 27.540543 27.184212 1.086958 0.282613
19:24:40 26.026316 26.131578 25.657894 24.736841 27.540543 27.184212 1.086958 0.282613
19:24:40 26.026316 26.131578 25.657894 24.736841 27.540543 27.184212 1.086958 0.282613
19:24:41 26.026316 26.131578 25.657894 24.736841 27.540543 27.184212 1.086958 0.282613
19:24:41 26.026316 26.131578 25.657894 24.736841 27.540543 27.184212 1.086958 0.282613
19:24:42 26.026316 26.131578 25.657894 24.736841 27.540543 27.184212 1.086958 0.282613
19:24:42 26.026316 26.131578 25.657894 24.736841 27.540543 27.184212 1.086958 0.282613
19:24:42 26.026316 26.131578 25.657894 24.736841 27.540543 27.184212 1.086958 0.282613
19:24:43 26.026316 26.131578 25.657894 24.736841 27.540543 27.184212 1.108695 0.282613
19:24:43 26.026316 26.131578 25.657894 24.736841 27.540543 27.184212 1.108695 0.282613
19:24:44 26.026316 26.131578 25.657894 24.736841 27.540543 27.184212 1.108695 0.282613
19:24:44 26.026316 26.131578 25.657894 24.736841 27.540543 27.184212 1.108695 0.282613
19:24:44 26.026316 26.131578 25.657894 24.736841 27.540543 27.184212 1.108695 0.282613
19:24:45 26.026316 26.131578 25.657894 24.736841 27.540543 27.184212 1.108695 0.282613
19:24:45 26.026316 26.131578 25.657894 24.736841 27.540543 27.184212 1.108695 0.282613
19:24:46 26.026316 26.131578 25.657894 24.736841 27.540543 27.184212 1.108695 0.282613
19:24:46 26.026316 26.131578 25.657894 24.736841 27.540543 27.184212 1.130433 0.282613
19:24:46 26.026316 26.131578 25.657894 24.736841 27.540543 27.184212 1.130433 0.347826
19:24:47 26.026316 26.131578 25.657894 24.736841 27.540543 27.184212 1.108695 0.347826
19:24:47 26.026316 26.131578 25.657894 24.736841 27.540543 27.184212 1.108695 0.347826
19:24:48 26.026316 26.131578 25.657894 24.736841 27.540543 27.184212 1.086958 0.347826
19:24:48 26.026316 26.131578 25.657894 24.736841 27.513514 27.184212 1.086958 0.347826
19:24:48 26.026316 26.131578 25.657894 24.736841 27.513514 27.184212 1.086958 0.347826
19:24:49 26.026316 26.131578 25.657894 24.736841 27.513514 27.184212 1.086958 0.347826
19:24:49 26.026316 26.131578 25.657894 24.736841 27.513514 27.184212 1.086958 0.347826
19:24:50 26.026316 26.131578 25.657894 24.736841 27.513514 27.184212 1.086958 0.347826
19:24:50 26.026316 26.131578 25.657894 24.736841 27.513514 27.184212 1.086958 0.347826
19:24:50 26.026316 26.131578 25.657894 24.736841 27.513514 27.184212 1.086958 0.347826
19:24:51 26.026316 26.131578 25.657894 24.736841 27.513514 27.184212 1.086958 0.347826
19:24:51 26.026316 26.131578 25.657894 24.736841 27.513514 27.184212 1.086958 0.347826
19:24:52 26.026316 26.131578 25.657894 24.736841 27.513514 27.184212 1.086958 0.347826
19:24:52 26.026316 26.131578 25.657894 24.736841 27.513514 27.184212 1.086958 0.347826
19:24:52 26.026316 26.131578 25.657894 24.736841 27.513514 27.184212 1.086958 0.347826
19:24:53 26.026316 26.131578 25.657894 24.736841 27.513514 27.184212 1.086958 0.347826
19:24:53 26.026316 26.131578 25.657894 24.736841 27.513514 27.184212 1.086958 0.347826
19:24:54 26.026316 26.131578 25.657894 24.736841 27.513514 27.184212 1.108695 0.347826
19:24:54 26.026316 26.131578 25.657894 24.736841 27.513514 27.184212 1.108695 0.347826
19:24:54 26.026316 26.131578 25.657894 24.710526 27.513514 27.184212 1.108695 0.347826
19:24:55 26.026316 26.131578 25.657894 24.710526 27.540543 27.184212 1.108695 0.347826
19:24:55 26.026316 26.131578 25.657894 24.710526 27.540543 27.184212 1.108695 0.347826
19:24:56 26.026316 26.131578 25.657894 24.710526 27.540543 27.184212 1.152171 0.347826
19:24:56 26.026316 26.131578 25.657894 24.710526 27.540543 27.184212 1.152171 0.260865
19:24:56 26.026316 26.131578 25.657894 24.736841 27.540543 27.184212 1.195656 0.260865
19:24:57 26.026316 26.131578 25.657894 24.736841 27.540543 27.184212 1.195656 0.282613
19:24:57 26.026316 26.131578 25.657894 24.736841 27.540543 27.184212 1.195656 0.282613
19:24:58 26.026316 26.131578 25.657894 24.736841 27.540543 27.184212 1.282606 0.282613
19:24:58 26.026316 26.131578 25.657894 24.736841 27.540543 27.184212 1.282606 0.282613
19:24:58 26.026316 26.131578 25.657894 24.736841 27.540543 27.184212 1.326092 0.282613
19:24:59 26.026316 26.131578 25.657894 24.736841 27.540543 27.184212 1.326092 0.282613
19:24:59 26.026316 26.131578 25.657894 24.736841 27.540543 27.184212 1.326092 0.282613
19:25:00 26.026316 26.131578 25.657894 24.736841 27.540543 27.184212 1.304344 0.282613
19:25:00 26.026316 26.131578 25.657894 24.736841 27.540543 27.184212 1.304344 0.282613
19:25:00 26.026316 26.131578 25.657894 24.736841 27.540543 27.184212 1.239131 0.282613
19:25:01 26.026316 26.131578 25.657894 24.736841 27.540543 27.184212 1.239131 0.282613
19:25:01 26.026316 26.131578 25.657894 24.736841 27.540543 27.184212 1.173908 0.282613
19:25:02 26.026316 26.131578 25.657894 24.736841 27.540543 27.184212 1.173908 0.282613
19:25:02 26.026316 26.131578 25.657894 24.736841 27.540543 27.184212 1.173908 0.282613
19:25:02 26.026316 26.131578 25.657894 24.736841 27.540543 27.184212 1.108695 0.282613
19:25:03 26.026316 26.131578 25.657894 24.736841 27.540543 27.184212 1.108695 0.282613
19:25:03 26.026316 26.131578 25.657894 24.736841 27.540543 27.184212 1.108695 0.282613
19:25:04 26.026316 26.131578 25.657894 24.736841 27.513514 27.184212 1.108695 0.347826
19:25:04 26.026316 26.131578 25.657894 24.736841 27.513514 27.184212 1.108695 0.347826
19:25:04 26.026316 26.131578 25.657894 24.736841 27.513514 27.184212 1.108695 0.347826
19:25:05 26.026316 26.131578 25.657894 24.736841 27.513514 27.184212 1.108695 0.347826
19:25:05 26.026316 26.131578 25.657894 24.736841 27.513514 27.184212 1.086958 0.347826
19:25:06 26.026316 26.131578 25.657894 24.736841 27.513514 27.184212 1.086958 0.347826
19:25:06 26.026316 26.131578 25.657894 24.736841 27.513514 27.184212 1.086958 0.347826
19:25:07 26.026316 26.131578 25.657894 24.736841 27.540543 27.184212 1.086958 0.239128
19:25:07 26.026316 26.131578 25.578947 24.447369 27.540543 27.184212 6.717389 0.239128
19:25:07 26.026316 26.131578 25.578947 24.447369 27.513514 27.184212 6.717389 0.282613
19:25:08 25.921053 26.026314 25.578947 24.447369 27.513514 27.184212 6.717389 0.282613
19:25:08 25.921053 26.026314 25.578947 24.473684 27.513514 27.184212 6.586953 0.282613
19:25:09 25.921053 26.026314 25.578947 24.473684 27.513514 27.184212 6.586953 0.282613
19:25:09 25.921053 26.026314 25.578947 24.473684 27.513514 27.184212 6.478265 0.282613
19:25:09 25.921053 26.026314 25.578947 24.473684 27.513514 27.184212 6.478265 0.282613
19:25:10 25.921053 26.026314 25.578947 24.473684 27.513514 27.184212 6.478265 0.282613
19:25:10 25.921053 26.026314 25.578947 24.473684 27.513514 27.184212 6.521740 0.282613
19:25:11 25.921053 26.026314 25.578947 24.473684 27.513514 27.184212 6.521740 0.282613
19:25:11 25.921053 26.026314 25.578947 24.473684 27.513514 27.184212 6.500003 0.282613
19:25:11 25.921053 26.026314 25.578947 24.473684 27.513514 27.184212 6.500003 0.282613
19:25:12 25.921053 26.026314 25.578947 24.473684 27.513514 27.184212 6.500003 0.282613
19:25:12 25.921053 26.026314 25.578947 24.473684 27.513514 27.184212 6.434780 0.282613
19:25:13 25.921053 26.026314 25.578947 24.473684 27.513514 27.184212 6.434780 0.282613
19:25:13 25.921053 26.026314 25.578947 24.473684 27.513514 27.184212 6.456517 0.282613
19:25:13 25.894737 26.026314 25.578947 24.473684 27.513514 27.184212 6.456517 0.282613
19:25:14 25.894737 26.026314 25.578947 24.473684 27.513514 27.184212 6.413043 0.282613
19:25:14 25.894737 26.026314 25.578947 24.473684 27.513514 27.184212 6.413043 0.282613
19:25:15 25.894737 26.026314 25.578947 24.473684 27.513514 27.184212 6.413043 0.282613
19:25:15 25.894737 26.026314 25.578947 24.473684 27.513514 27.184212 6.521740 0.282613
19:25:15 25.894737 26.026314 25.578947 24.473684 27.513514 27.184212 6.521740 0.282613
19:25:16 25.894737 26.026314 25.578947 24.473684 27.513514 27.184212 6.478265 0.282613
19:25:16 25.894737 26.026314 25.578947 24.473684 27.513514 27.184212 6.478265 0.282613
19:25:17 25.894737 26.026314 25.578947 24.473684 27.513514 27.184212 6.478265 0.282613
19:25:17 25.894737 26.026314 25.578947 24.473684 27.513514 27.184212 6.456517 0.282613
19:25:17 25.894737 26.026314 25.578947 24.473684 27.513514 27.184212 6.456517 0.282613
19:25:18 25.894737 26.026314 25.578947 24.473684 27.513514 27.184212 6.521740 0.282613
19:25:18 25.894737 26.026314 25.578947 24.473684 27.513514 27.184212 6.521740 0.282613
19:25:19 25.894737 26.026314 25.578947 24.473684 27.513514 27.184212 6.521740 0.282613
19:25:19 25.894737 26.026314 25.578947 24.473684 27.513514 27.184212 6.456517 0.282613
19:25:19 25.894737 26.026314 25.578947 24.473684 27.513514 27.184212 6.456517 0.282613
19:25:20 25.894737 26.026314 25.578947 24.473684 27.540543 27.184212 6.478265 0.282613
19:25:20 25.894737 26.026314 25.578947 24.473684 27.540543 27.184212 6.478265 0.326088
19:25:21 25.894737 26.026314 25.578947 24.473684 27.540543 27.184212 6.521740 0.326088
19:25:21 25.894737 26.026314 25.578947 24.473684 27.513514 27.184212 6.521740 0.347826
19:25:21 25.894737 26.026314 25.578947 24.447369 27.513514 27.184212 6.521740 0.347826
19:25:22 25.894737 26.026314 25.578947 24.447369 27.513514 27.184212 6.456517 0.347826
19:25:22 25.973684 26.078949 25.578947 24.447369 27.513514 27.184212 6.456517 0.347826
19:25:23 25.973684 26.078949 25.631578 24.631578 27.513514 27.184212 2.673913 0.347826
19:25:23 25.973684 26.078949 25.631578 24.631578 27.513514 27.184212 2.673913 0.347826
19:25:23 25.973684 26.078949 25.631578 24.631578 27.513514 27.184212 2.673913 0.347826
19:25:24 25.973684 26.078949 25.631578 24.631578 27.513514 27.184212 2.630438 0.347826
19:25:24 25.973684 26.078949 25.631578 24.631578 27.513514 27.184212 2.630438 0.347826
19:25:25 25.973684 26.078949 25.631578 24.631578 27.513514 27.184212 2.586953 0.347826
19:25:25 25.973684 26.078949 25.631578 24.631578 27.513514 27.184212 2.586953 0.347826
19:25:25 25.973684 26.078949 25.631578 24.631578 27.513514 27.184212 2.586953 0.347826
19:25:26 25.973684 26.078949 25.631578 24.631578 27.513514 27.184212 2.586953 0.347826
19:25:26 25.973684 26.078949 25.631578 24.631578 27.513514 27.184212 2.586953 0.347826
19:25:27 25.973684 26.078949 25.631578 24.631578 27.540543 27.184212 2.586953 0.347826
19:25:27 25.973684 26.078949 25.631578 24.631578 27.540543 27.210527 2.586953 0.239128
19:25:27 25.973684 26.078949 25.631578 24.631578 27.540543 27.210527 2.608701 0.239128
19:25:28 25.973684 26.078949 25.631578 24.631578 27.540543 27.184212 2.608701 0.282613
19:25:28 25.973684 26.078949 25.631578 24.631578 27.540543 27.184212 2.608701 0.282613
19:25:29 25.973684 26.078949 25.631578 24.631578 27.540543 27.184212 2.652176 0.282613
19:25:29 25.973684 26.078949 25.631578 24.631578 27.540543 27.184212 2.652176 0.282613
19:25:29 25.973684 26.078949 25.631578 24.657894 27.540543 27.184212 2.717388 0.282613
19:25:30 25.973684 26.078949 25.631578 24.657894 27.540543 27.184212 2.717388 0.282613
19:25:30 25.973684 26.078949 25.631578 24.657894 27.540543 27.184212 2.717388 0.282613
19:25:31 25.973684 26.078949 25.631578 24.657894 27.540543 27.184212 2.760874 0.282613
19:25:31 25.973684 26.078949 25.631578 24.657894 27.540543 27.184212 2.760874 0.282613
19:25:31 25.973684 26.078949 25.631578 24.657894 27.540543 27.184212 2.739126 0.282613
19:25:32 25.973684 26.078949 25.631578 24.657894 27.540543 27.184212 2.739126 0.282613
19:25:32 25.973684 26.078949 25.631578 24.657894 27.540543 27.184212 2.652176 0.282613
19:25:33 25.973684 26.078949 25.631578 24.657894 27.540543 27.184212 2.652176 0.260865
19:25:33 25.973684 26.078949 25.631578 24.657894 27.540543 27.184212 2.652176 0.260865
19:25:33 25.973684 26.078949 25.631578 24.657894 27.540543 27.184212 2.565215 0.260865
19:25:34 25.973684 26.078949 25.631578 24.657894 27.540543 27.184212 2.565215 0.282613
19:25:34 25.973684 26.078949 25.631578 24.657894 27.540543 27.184212 2.521740 0.282613
19:25:35 25.973684 26.078949 25.631578 24.657894 27.540543 27.184212 2.521740 0.260865
19:25:35 25.973684 26.078949 25.631578 24.657894 27.540543 27.184212 2.521740 0.260865
19:25:35 25.973684 26.078949 25.631578 24.657894 27.540543 27.184212 2.521740 0.260865
19:25:36 25.973684 26.078949 25.631578 24.657894 27.540543 27.184212 2.521740 0.282613
19:25:36 25.973684 26.078949 25.631578 24.657894 27.540543 27.184212 2.500003 0.282613
19:25:37 25.973684 26.078949 25.631578 24.657894 27.540543 27.184212 2.500003 0.282613
19:25:37 25.973684 26.078949 25.631578 24.657894 27.540543 27.184212 2.500003 0.282613
19:25:37 25.973684 26.078949 25.631578 24.657894 27.540543 27.184212 2.500003 0.282613
19:25:38 25.973684 26.078949 25.631578 24.657894 27.540543 27.184212 2.500003 0.282613
19:25:38 25.973684 26.078949 25.631578 24.657894 27.540543 27.184212 2.500003 0.282613
