19:05:20 26.052631 26.157894 25.684210 24.763157 27.567568 27.236841 1.086958 0.000004
19:05:20 26.052631 26.157894 25.684210 24.763157 27.540543 27.184212 1.108695 0.347826
19:05:20 26.052631 26.157894 25.684210 24.763157 27.540543 27.184212 1.108695 0.347826
19:05:21 26.052631 26.157894 25.684210 24.763157 27.540543 27.184212 1.086958 0.347826
19:05:21 26.052631 26.157894 25.684210 24.763157 27.540543 27.184212 1.086958 0.347826
19:05:22 26.052631 26.157894 25.684210 24.763157 27.540543 27.184212 1.086958 0.347826
19:05:22 26.052631 26.157894 25.684210 24.763157 27.540543 27.184212 1.086958 0.347826
19:05:22 26.052631 26.157894 25.684210 24.763157 27.540543 27.184212 1.086958 0.347826
19:05:23 26.052631 26.157894 25.684210 24.763157 27.540543 27.210527 1.086958 0.195653
19:05:23 26.052631 26.157894 25.684210 24.763157 27.540543 27.210527 1.086958 0.195653
19:05:24 26.052631 26.157894 25.684210 24.763157 27.540543 27.210527 1.108695 0.195653
19:05:24 26.052631 26.157894 25.684210 24.763157 27.540543 27.210527 1.108695 0.282613
19:05:24 26.052631 26.157894 25.684210 24.763157 27.540543 27.210527 1.130433 0.282613
19:05:25 26.052631 26.157894 25.684210 24.763157 27.540543 27.210527 1.130433 0.282613
19:05:25 26.052631 26.157894 25.684210 24.763157 27.540543 27.210527 1.130433 0.282613
19:05:26 26.052631 26.157894 25.684210 24.763157 27.540543 27.210527 1.152171 0.282613
19:05:26 26.052631 26.157894 25.684210 24.763157 27.540543 27.210527 1.152171 0.282613
19:05:26 26.052631 26.157894 25.684210 24.763157 27.540543 27.210527 1.217394 0.282613
19:05:27 26.052631 26.157894 25.684210 24.763157 27.540543 27.210527 1.217394 0.282613
19:05:27 26.052631 26.157894 25.684210 24.763157 27.540543 27.210527 1.217394 0.282613
19:05:28 26.052631 26.157894 25.684210 24.763157 27.540543 27.210527 1.282606 0.282613
19:05:28 26.052631 26.157894 25.684210 24.763157 27.540543 27.210527 1.282606 0.260865
19:05:28 26.052631 26.157894 25.684210 24.763157 27.540543 27.210527 1.347829 0.260865
19:05:29 26.052631 26.157894 25.684210 24.763157 27.540543 27.210527 1.347829 0.282613
19:05:29 26.052631 26.157894 25.684210 24.763157 27.540543 27.210527 1.347829 0.282613
19:05:30 26.052631 26.157894 25.684210 24.763157 27.540543 27.210527 1.326092 0.260865
19:05:30 26.052631 26.157894 25.684210 24.763157 27.540543 27.210527 1.326092 0.260865
19:05:30 26.052631 26.157894 25.684210 24.763157 27.540543 27.210527 1.239131 0.260865
19:05:31 26.052631 26.157894 25.684210 24.763157 27.540543 27.210527 1.239131 0.260865
19:05:31 26.052631 26.157894 25.684210 24.763157 27.540543 27.210527 1.173908 0.260865
19:05:32 26.052631 26.157894 25.684210 24.763157 27.540543 27.210527 1.173908 0.260865
19:05:32 26.052631 26.157894 25.684210 24.763157 27.540543 27.210527 1.173908 0.260865
19:05:32 26.052631 26.157894 25.684210 24.763157 27.540543 27.184212 1.108695 0.260865
19:05:33 26.052631 26.157894 25.684210 24.763157 27.540543 27.184212 1.108695 0.347826
19:05:33 26.052631 26.157894 25.684210 24.763157 27.540543 27.184212 1.108695 0.347826
19:05:34 26.052631 26.157894 25.684210 24.763157 27.540543 27.184212 1.108695 0.347826
19:05:34 26.052631 26.157894 25.684210 24.763157 27.540543 27.184212 1.108695 0.347826
19:05:34 26.052631 26.157894 25.684210 24.763157 27.540543 27.210527 1.108695 0.347826
19:05:35 26.052631 26.157894 25.684210 24.763157 27.540543 27.210527 1.108695 0.195653
19:05:35 26.052631 26.157894 25.684210 24.763157 27.540543 27.210527 1.086958 0.195653
19:05:36 26.052631 26.157894 25.684210 24.763157 27.540543 27.210527 1.086958 0.260865
19:05:36 26.052631 26.157894 25.684210 24.763157 27.540543 27.210527 1.086958 0.260865
19:05:36 26.052631 26.157894 25.684210 24.763157 27.540543 27.210527 1.086958 0.282613
19:05:37 26.052631 26.157894 25.684210 24.763157 27.540543 27.210527 1.086958 0.282613
19:05:37 26.052631 26.157894 25.684210 24.763157 27.540543 27.210527 1.086958 0.282613
19:05:38 26.052631 26.157894 25.684210 24.763157 27.540543 27.210527 1.086958 0.282613
19:05:38 26.052631 26.157894 25.684210 24.763157 27.540543 27.210527 1.086958 0.282613
19:05:38 26.052631 26.157894 25.684210 24.763157 27.540543 27.210527 1.086958 0.282613
19:05:39 26.052631 26.157894 25.684210 24.763157 27.540543 27.210527 1.086958 0.282613
19:05:39 26.052631 26.157894 25.684210 24.763157 27.540543 27.210527 1.086958 0.282613
19:05:40 26.052631 26.157894 25.684210 24.763157 27.540543 27.210527 1.086958 0.282613
19:05:40 26.052631 26.157894 25.684210 24.763157 27.540543 27.210527 1.086958 0.282613
19:05:40 26.052631 26.157894 25.684210 24.763157 27.540543 27.184212 1.086958 0.347826
19:05:41 26.052631 26.157894 25.684210 24.763157 27.540543 27.184212 1.086958 0.347826
19:05:41 26.052631 26.157894 25.684210 24.763157 27.540543 27.184212 1.108695 0.347826
19:05:42 26.052631 26.157894 25.684210 24.763157 27.540543 27.184212 1.108695 0.347826
19:05:42 26.052631 26.157894 25.684210 24.763157 27.540543 27.184212 1.086958 0.347826
19:05:42 26.052631 26.157894 25.684210 24.763157 27.540543 27.184212 1.086958 0.347826
19:05:43 26.052631 26.157894 25.684210 24.763157 27.540543 27.184212 1.108695 0.347826
19:05:43 26.052631 26.157894 25.684210 24.763157 27.540543 27.210527 1.108695 0.260865
19:05:44 26.052631 26.157894 25.684210 24.763157 27.540543 27.210527 1.108695 0.260865
19:05:44 26.052631 26.157894 25.684210 24.763157 27.540543 27.210527 1.108695 0.260865
19:05:44 26.052631 26.157894 25.684210 24.763157 27.540543 27.210527 1.108695 0.282613
19:05:45 26.052631 26.157894 25.684210 24.763157 27.540543 27.210527 1.108695 0.282613
19:05:45 26.052631 26.157894 25.684210 24.763157 27.540543 27.210527 1.108695 0.260865
19:05:46 26.052631 26.157894 25.684210 24.763157 27.540543 27.210527 1.108695 0.260865
19:05:46 26.052631 26.157894 25.684210 24.763157 27.540543 27.210527 1.086958 0.260865
19:05:46 26.052631 26.157894 25.684210 24.763157 27.540543 27.210527 1.086958 0.260865
19:05:47 26.052631 26.157894 25.684210 24.763157 27.540543 27.210527 1.108695 0.260865
19:05:47 26.052631 26.157894 25.684210 24.763157 27.540543 27.210527 1.108695 0.260865
19:05:48 26.052631 26.157894 25.684210 24.763157 27.540543 27.210527 1.108695 0.260865
19:05:48 26.052631 26.157894 25.684210 24.763157 27.540543 27.210527 1.086958 0.260865
19:05:48 26.052631 26.157894 25.684210 24.763157 27.540543 27.210527 1.086958 0.260865
19:05:49 26.052631 26.157894 25.684210 24.763157 27.540543 27.210527 1.086958 0.260865
19:05:49 26.052631 26.157894 25.684210 24.763157 27.540543 27.184212 1.086958 0.347826
19:05:50 26.052631 26.157894 25.684210 24.763157 27.540543 27.184212 1.086958 0.347826
19:05:50 26.052631 26.157894 25.684210 24.763157 27.540543 27.184212 1.086958 0.347826
19:05:50 26.052631 26.157894 25.684210 24.763157 27.540543 27.184212 1.086958 0.347826
19:05:51 26.052631 26.157894 25.684210 24.763157 27.540543 27.184212 1.086958 0.347826
19:05:51 26.052631 26.157894 25.684210 24.763157 27.540543 27.184212 1.086958 0.347826
19:05:52 26.052631 26.157894 25.684210 24.763157 27.540543 27.184212 1.086958 0.347826
19:05:52 26.052631 26.157894 25.684210 24.763157 27.540543 27.210527 1.086958 0.260865
19:05:52 26.052631 26.157894 25.684210 24.763157 27.540543 27.210527 1.086958 0.260865
19:05:53 26.052631 26.157894 25.684210 24.763157 27.540543 27.210527 1.086958 0.260865
19:05:53 26.052631 26.157894 25.684210 24.763157 27.540543 27.210527 1.086958 0.282613
19:05:54 26.052631 26.157894 25.684210 24.763157 27.540543 27.210527 1.086958 0.282613
19:05:54 26.052631 26.157894 25.684210 24.763157 27.540543 27.210527 1.086958 0.282613
19:05:54 26.052631 26.157894 25.684210 24.763157 27.540543 27.210527 1.086958 0.282613
19:05:55 26.052631 26.157894 25.684210 24.763157 27.540543 27.210527 1.108695 0.260865
19:05:55 26.052631 26.157894 25.684210 24.763157 27.540543 27.210527 1.108695 0.260865
19:05:56 26.052631 26.157894 25.684210 24.763157 27.540543 27.210527 1.108695 0.260865
19:05:56 26.052631 26.157894 25.684210 24.763157 27.540543 27.210527 1.108695 0.260865
19:05:56 26.052631 26.157894 25.684210 24.763157 27.540543 27.210527 1.130433 0.260865
19:05:57 26.052631 26.157894 25.684210 24.763157 27.540543 27.210527 1.130433 0.260865
19:05:57 26.052631 26.157894 25.684210 24.763157 27.540543 27.210527 1.130433 0.260865
19:05:58 26.052631 26.157894 25.684210 24.763157 27.540543 27.210527 1.152171 0.260865
19:05:58 26.052631 26.157894 25.684210 24.763157 27.540543 27.210527 1.152171 0.282613
19:05:58 26.052631 26.157894 25.684210 24.763157 27.540543 27.210527 1.239131 0.282613
19:05:59 26.052631 26.157894 25.684210 24.763157 27.540543 27.184212 1.239131 0.347826
19:05:59 26.052631 26.157894 25.684210 24.763157 27.540543 27.184212 1.239131 0.347826
19:06:00 26.052631 26.157894 25.684210 24.763157 27.540543 27.184212 1.282606 0.347826
19:06:00 26.052631 26.157894 25.684210 24.763157 27.540543 27.184212 1.282606 0.347826
19:06:00 26.052631 26.157894 25.684210 24.763157 27.540543 27.184212 1.326092 0.347826
19:06:01 26.052631 26.157894 25.684210 24.763157 27.540543 27.184212 1.326092 0.347826
19:06:01 26.052631 26.157894 25.684210 24.763157 27.540543 27.184212 1.326092 0.347826
19:06:02 26.052631 26.157894 25.684210 24.763157 27.540543 27.184212 1.282606 0.260865
19:06:02 26.052631 26.157894 25.684210 24.763157 27.540543 27.184212 1.282606 0.260865
19:06:02 26.052631 26.157894 25.684210 24.763157 27.540543 27.184212 1.195656 0.260865
19:06:03 26.052631 26.157894 25.684210 24.763157 27.540543 27.210527 1.195656 0.282613
19:06:03 26.052631 26.157894 25.684210 24.763157 27.540543 27.210527 1.130433 0.282613
19:06:04 26.052631 26.157894 25.684210 24.763157 27.540543 27.210527 1.130433 0.282613
19:06:04 26.052631 26.157894 25.684210 24.763157 27.540543 27.210527 1.130433 0.282613
19:06:04 26.052631 26.157894 25.684210 24.763157 27.540543 27.210527 1.108695 0.282613
19:06:05 26.052631 26.157894 25.684210 24.763157 27.540543 27.210527 1.108695 0.282613
19:06:05 26.052631 26.157894 25.684210 24.763157 27.540543 27.210527 1.086958 0.282613
19:06:06 26.052631 26.157894 25.684210 24.763157 27.540543 27.210527 1.086958 0.282613
19:06:06 26.052631 26.157894 25.684210 24.763157 27.540543 27.210527 1.086958 0.282613
19:06:06 26.052631 26.157894 25.684210 24.763157 27.540543 27.210527 1.065220 0.282613
19:06:07 26.052631 26.157894 25.684210 24.763157 27.540543 27.210527 1.065220 0.260865
19:06:07 26.052631 26.157894 25.684210 24.763157 27.540543 27.210527 1.086958 0.260865
19:06:08 26.052631 26.157894 25.684210 24.763157 27.540543 27.210527 1.086958 0.282613
19:06:08 26.052631 26.157894 25.684210 24.763157 27.540543 27.210527 1.065220 0.282613
19:06:08 26.052631 26.157894 25.684210 24.763157 27.540543 27.210527 1.065220 0.282613
19:06:09 26.052631 26.157894 25.684210 24.763157 27.540543 27.210527 1.065220 0.282613
19:06:09 26.052631 26.157894 25.684210 24.763157 27.540543 27.210527 1.086958 0.282613
19:06:10 26.052631 26.157894 25.684210 24.763157 27.540543 27.210527 1.086958 0.304351
19:06:10 26.052631 26.157894 25.684210 24.763157 27.540543 27.210527 1.065220 0.304351
19:06:10 26.052631 26.157894 25.684210 24.763157 27.540543 27.184212 1.065220 0.347826
19:06:11 26.052631 26.157894 25.684210 24.763157 27.540543 27.184212 1.065220 0.347826
19:06:11 26.052631 26.157894 25.684210 24.763157 27.540543 27.184212 1.086958 0.347826
19:06:12 26.052631 26.157894 25.684210 24.763157 27.540543 27.184212 1.086958 0.347826
19:06:12 26.052631 26.157894 25.684210 24.763157 27.540543 27.184212 1.086958 0.347826
19:06:12 26.052631 26.157894 25.684210 24.763157 27.540543 27.210527 1.086958 0.260865
19:06:13 26.052631 26.157894 25.684210 24.763157 27.540543 27.210527 1.086958 0.260865
19:06:13 26.052631 26.157894 25.684210 24.763157 27.540543 27.210527 1.086958 0.282613
19:06:14 26.052631 26.157894 25.684210 24.763157 27.540543 27.210527 1.086958 0.282613
19:06:14 26.052631 26.157894 25.684210 24.763157 27.540543 27.210527 1.086958 0.282613
19:06:14 26.052631 26.157894 25.684210 24.763157 27.540543 27.210527 1.086958 0.282613
19:06:15 26.052631 26.157894 25.684210 24.763157 27.540543 27.210527 1.108695 0.282613
19:06:15 26.052631 26.157894 25.684210 24.763157 27.540543 27.210527 1.108695 0.260865
19:06:16 26.052631 26.157894 25.684210 24.763157 27.540543 27.210527 1.108695 0.260865
19:06:16 26.052631 26.157894 25.684210 24.763157 27.540543 27.210527 1.086958 0.260865
19:06:16 26.052631 26.157894 25.684210 24.763157 27.540543 27.210527 1.086958 0.260865
19:06:17 26.052631 26.157894 25.684210 24.763157 27.540543 27.210527 1.086958 0.260865
19:06:17 26.052631 26.157894 25.684210 24.763157 27.540543 27.210527 1.086958 0.260865
19:06:18 26.052631 26.157894 25.684210 24.763157 27.540543 27.210527 1.086958 0.260865
19:06:18 26.052631 26.157894 25.684210 24.763157 27.540543 27.210527 1.086958 0.260865
19:06:18 26.052631 26.157894 25.684210 24.763157 27.540543 27.210527 1.086958 0.282613
19:06:19 26.052631 26.157894 25.684210 24.763157 27.540543 27.210527 1.086958 0.282613
19:06:19 26.052631 26.157894 25.684210 24.763157 27.540543 27.184212 1.086958 0.347826
19:06:20 26.052631 26.157894 25.684210 24.763157 27.540543 27.184212 1.086958 0.347826
19:06:21 26.052631 26.157894 25.684210 24.763157 27.540543 27.184212 1.086958 0.347826
19:06:21 26.052631 26.157894 25.684210 24.763157 27.297297 26.973684 1.108695 3.195653
19:06:21 26.052631 26.157894 25.684210 24.763157 27.297297 26.973684 1.108695 3.195653
19:06:22 26.052631 26.157894 25.684210 24.763157 27.324326 27.000000 1.086958 3.195653
19:06:22 26.052631 26.157894 25.684210 24.763157 27.324326 27.000000 1.086958 3.108692
19:06:23 26.052631 26.157894 25.684210 24.763157 27.324326 27.000000 1.086958 3.108692
19:06:23 26.052631 26.157894 25.684210 24.763157 27.324326 27.000000 1.086958 3.065217
19:06:23 26.052631 26.157894 25.684210 24.763157 27.324326 27.000000 1.086958 3.065217
19:06:24 26.052631 26.157894 25.684210 24.763157 27.324326 27.000000 1.086958 3.065217
19:06:24 26.052631 26.157894 25.684210 24.763157 27.324326 27.000000 1.086958 3.108692
19:06:25 26.052631 26.157894 25.684210 24.763157 27.324326 27.000000 1.086958 3.108692
19:06:25 26.052631 26.157894 25.684210 24.763157 27.324326 27.000000 1.086958 3.065217
19:06:25 26.052631 26.157894 25.684210 24.763157 27.324326 27.000000 1.086958 3.065217
19:06:26 26.052631 26.157894 25.684210 24.763157 27.324326 27.000000 1.086958 3.108692
19:06:26 26.052631 26.157894 25.684210 24.763157 27.324326 27.000000 1.086958 3.108692
19:06:27 26.052631 26.157894 25.684210 24.763157 27.324326 27.000000 1.086958 3.108692
19:06:27 26.052631 26.157894 25.684210 24.763157 27.324326 27.000000 1.086958 3.043480
19:06:27 26.052631 26.157894 25.710526 24.763157 27.324326 27.000000 1.108695 3.043480
19:06:28 26.052631 26.157894 25.710526 24.763157 27.324326 26.973684 1.108695 3.108692
19:06:28 26.052631 26.157894 25.710526 24.763157 27.324326 26.973684 1.108695 3.108692
19:06:29 26.052631 26.157894 25.710526 24.763157 27.324326 26.973684 1.130433 3.108692
19:06:29 26.052631 26.157894 25.710526 24.763157 27.324326 26.973684 1.130433 3.130430
19:06:29 26.052631 26.157894 25.710526 24.763157 27.324326 26.973684 1.173908 3.130430
19:06:30 26.052631 26.157894 25.710526 24.763157 27.324326 27.000000 1.173908 3.152178
19:06:30 26.052631 26.184210 25.710526 24.763157 27.324326 27.000000 1.173908 3.152178
19:06:31 26.052631 26.184210 25.710526 24.763157 27.324326 27.000000 1.260869 3.152178
19:06:31 26.052631 26.184210 25.710526 24.763157 27.324326 27.000000 1.260869 3.130430
19:06:31 26.052631 26.184210 25.710526 24.763157 27.351351 27.000000 1.326092 3.130430
19:06:32 26.052631 26.184210 25.710526 24.763157 27.351351 27.000000 1.326092 3.152178
19:06:32 26.052631 26.184210 25.710526 24.763157 27.351351 27.000000 1.326092 3.152178
19:06:33 26.052631 26.184210 25.710526 24.763157 27.324326 27.000000 1.304344 3.065217
19:06:33 26.052631 26.184210 25.710526 24.763157 27.324326 27.000000 1.304344 3.065217
19:06:33 26.052631 26.184210 25.710526 24.763157 27.351351 27.000000 1.239131 3.065217
19:06:34 26.078947 26.184210 25.710526 24.763157 27.351351 27.000000 1.239131 3.130430
19:06:34 26.078947 26.184210 25.710526 24.763157 27.351351 27.000000 1.152171 3.130430
19:06:35 26.078947 26.184210 25.710526 24.763157 27.351351 27.000000 1.152171 3.108692
19:06:35 26.078947 26.184210 25.736843 24.763157 27.351351 27.000000 1.152171 3.108692
19:06:35 26.078947 26.184210 25.736843 24.763157 27.351351 27.026316 1.108695 3.108692
19:06:36 26.078947 26.184210 25.736843 24.763157 27.351351 27.026316 1.108695 3.108692
19:06:36 26.078947 26.184210 25.736843 24.736841 27.351351 27.026316 1.086958 3.108692
19:06:37 26.078947 26.184210 25.736843 24.736841 27.351351 27.000000 1.086958 3.130430
19:06:37 26.078947 26.184210 25.736843 24.736841 27.351351 27.000000 1.086958 3.130430
19:06:37 26.078947 26.184210 25.736843 24.736841 27.351351 27.000000 1.086958 3.130430
19:06:38 26.078947 26.184210 25.736843 24.736841 27.351351 27.000000 1.086958 3.130430
19:06:38 26.078947 26.184210 25.736843 24.736841 27.351351 27.000000 1.065220 3.130430
19:06:39 26.078947 26.184210 25.736843 24.736841 27.351351 27.000000 1.065220 3.086955
19:06:39 26.078947 26.210527 25.736843 24.736841 27.351351 27.000000 1.065220 3.086955
19:06:39 26.078947 26.210527 25.736843 24.736841 27.351351 27.026316 1.086958 3.108692
19:06:40 26.078947 26.184210 25.736843 24.736841 27.351351 27.026316 1.086958 3.108692
19:06:40 26.078947 26.184210 25.736843 24.736841 27.378378 27.026316 1.065220 3.108692
19:06:41 26.078947 26.210527 25.736843 24.736841 27.378378 27.026316 1.065220 2.826083
19:06:41 26.078947 26.210527 25.736843 24.736841 27.378378 27.026316 1.065220 2.826083
19:06:41 26.078947 26.210527 25.736843 24.736841 27.432432 27.105263 1.065220 1.717395
19:06:42 26.105263 26.210527 25.736843 24.736841 27.432432 27.105263 1.065220 1.717395
19:06:42 26.105263 26.210527 25.736843 24.736841 27.486486 27.157894 1.065220 1.717395
19:06:43 26.105263 26.210527 25.736843 24.736841 27.486486 27.157894 1.065220 1.369563
19:06:43 26.105263 26.210527 25.736843 24.736841 27.486486 27.157894 1.086958 1.369563
19:06:43 26.105263 26.210527 25.736843 24.736841 27.513514 27.157894 1.086958 1.065217
19:06:44 26.105263 26.210527 25.736843 24.736841 27.513514 27.157894 1.086958 1.065217
19:06:44 26.105263 26.210527 25.736843 24.736841 27.540543 27.184212 1.065220 1.065217
19:06:45 26.105263 26.210527 25.736843 24.736841 27.540543 27.184212 1.065220 0.891306
19:06:45 26.105263 26.210527 25.736843 24.736841 27.540543 27.184212 1.086958 0.891306
19:06:45 26.105263 26.210527 25.736843 24.736841 27.540543 27.184212 1.086958 0.760870
19:06:46 26.105263 26.210527 25.736843 24.736841 27.540543 27.184212 1.086958 0.760870
19:06:46 26.105263 26.210527 25.736843 24.736841 27.540543 27.210527 1.086958 0.630435
19:06:47 26.105263 26.210527 25.736843 24.736841 27.540543 27.210527 1.086958 0.630435
19:06:47 26.105263 26.210527 25.736843 24.736841 27.567568 27.210527 1.086958 0.630435
19:06:47 26.078947 26.210527 25.736843 24.736841 27.567568 27.210527 1.086958 0.543474
19:06:48 26.078947 26.210527 25.736843 24.736841 27.567568 27.210527 1.086958 0.543474
19:06:48 26.078947 26.210527 25.736843 24.736841 27.567568 27.210527 1.086958 0.456524
19:06:49 26.078947 26.210527 25.736843 24.736841 27.567568 27.210527 1.086958 0.456524
19:06:49 26.078947 26.210527 25.736843 24.736841 27.567568 27.210527 1.086958 0.456524
19:06:49 26.105263 26.210527 25.736843 24.736841 27.567568 27.210527 1.086958 0.391301
19:06:50 26.105263 26.210527 25.736843 24.736841 27.567568 27.210527 1.086958 0.391301
19:06:50 26.105263 26.210527 25.736843 24.736841 27.567568 27.236841 1.086958 0.369563
19:06:51 26.105263 26.210527 25.736843 24.710526 27.567568 27.236841 1.086958 0.369563
19:06:51 26.105263 26.210527 25.736843 24.710526 27.567568 27.236841 1.086958 0.369563
19:06:51 26.105263 26.184210 25.736843 24.710526 27.567568 27.236841 1.086958 0.369563
19:06:52 26.105263 26.184210 25.736843 24.736841 27.567568 27.236841 1.086958 0.369563
19:06:52 26.105263 26.184210 25.736843 24.736841 27.567568 27.236841 1.086958 0.369563
19:06:53 26.105263 26.184210 25.736843 24.710526 27.567568 27.236841 1.086958 0.369563
19:06:53 26.105263 26.184210 25.736843 24.710526 27.567568 27.236841 1.086958 0.369563
19:06:53 26.105263 26.184210 25.736843 24.710526 27.567568 27.236841 1.086958 0.369563
19:06:54 26.105263 26.184210 25.736843 24.710526 27.567568 27.236841 1.086958 0.369563
19:06:54 26.105263 26.210527 25.736843 24.710526 27.567568 27.236841 1.086958 0.369563
19:06:55 26.105263 26.210527 25.736843 24.710526 27.567568 27.236841 1.086958 0.369563
19:06:55 26.105263 26.210527 25.736843 24.710526 27.567568 27.236841 1.086958 0.369563
19:06:55 26.105263 26.210527 25.736843 24.710526 27.567568 27.236841 1.086958 0.369563
19:06:56 26.105263 26.210527 25.736843 24.710526 27.567568 27.236841 1.086958 0.369563
19:06:56 26.078947 26.210527 25.736843 24.710526 27.567568 27.236841 1.086958 0.369563
19:06:57 26.078947 26.210527 25.736843 24.710526 27.567568 27.236841 1.086958 0.369563
19:06:57 26.105263 26.210527 25.736843 24.710526 27.567568 27.236841 1.086958 0.369563
19:06:57 26.105263 26.210527 25.736843 24.710526 27.567568 27.236841 1.086958 0.369563
19:06:58 26.105263 26.210527 25.736843 24.710526 27.567568 27.236841 1.086958 0.369563
19:06:58 26.105263 26.210527 25.736843 24.710526 27.567568 27.236841 1.086958 0.369563
19:06:59 26.105263 26.210527 25.736843 24.710526 27.567568 27.236841 1.086958 0.369563
19:06:59 26.078947 26.210527 25.736843 24.710526 27.567568 27.236841 1.086958 0.369563
19:06:59 26.078947 26.210527 25.736843 24.710526 27.567568 27.236841 1.130433 0.369563
19:07:00 26.078947 26.210527 25.736843 24.710526 27.567568 27.236841 1.130433 0.369563
19:07:00 26.105263 26.210527 25.736843 24.710526 27.567568 27.236841 1.130433 0.369563
19:07:01 26.105263 26.210527 25.736843 24.710526 27.567568 27.236841 1.152171 0.369563
19:07:01 26.105263 26.210527 25.736843 24.710526 27.567568 27.236841 1.152171 0.369563
19:07:01 26.105263 26.210527 25.736843 24.710526 27.567568 27.236841 1.217394 0.369563
19:07:02 26.105263 26.210527 25.736843 24.710526 27.567568 27.236841 1.217394 0.369563
19:07:02 26.105263 26.210527 25.736843 24.710526 27.567568 27.236841 1.217394 0.369563
19:07:03 26.105263 26.210527 25.736843 24.710526 27.567568 27.236841 1.260869 0.369563
19:07:03 26.078947 26.210527 25.736843 24.710526 27.567568 27.236841 1.260869 0.369563
19:07:03 26.078947 26.210527 25.736843 24.710526 27.567568 27.236841 1.347829 0.369563
19:07:04 26.105263 26.210527 25.736843 24.710526 27.567568 27.236841 1.347829 0.369563
19:07:04 26.105263 26.210527 25.736843 24.710526 27.567568 27.236841 1.347829 0.369563
19:07:05 26.105263 26.210527 25.736843 24.710526 27.567568 27.236841 1.304344 0.369563
19:07:05 26.105263 26.210527 25.736843 24.710526 27.567568 27.236841 1.304344 0.369563
19:07:05 26.105263 26.210527 25.736843 24.710526 27.567568 27.236841 1.217394 0.369563
19:07:06 26.078947 26.210527 25.736843 24.710526 27.567568 27.236841 1.217394 0.369563
19:07:06 26.078947 26.210527 25.736843 24.710526 27.567568 27.236841 1.152171 0.369563
19:07:07 26.078947 26.210527 25.736843 24.710526 27.567568 27.236841 1.152171 0.369563
19:07:07 26.078947 26.210527 25.736843 24.710526 27.567568 27.236841 1.152171 0.369563
19:07:07 26.078947 26.210527 25.736843 24.710526 27.567568 27.236841 1.108695 0.369563
19:07:08 26.078947 26.210527 25.736843 24.710526 27.567568 27.236841 1.108695 0.369563
19:07:08 26.078947 26.210527 25.736843 24.710526 27.567568 27.236841 1.108695 0.369563
19:07:09 26.078947 26.210527 25.736843 24.710526 27.567568 27.236841 1.108695 0.369563
19:07:09 26.078947 26.210527 25.736843 24.710526 27.567568 27.236841 1.108695 0.369563
19:07:09 26.078947 26.210527 25.736843 24.710526 27.567568 27.236841 1.086958 0.369563
19:07:10 26.105263 26.210527 25.736843 24.710526 27.567568 27.236841 1.086958 0.369563
19:07:10 26.105263 26.210527 25.736843 24.710526 27.567568 27.236841 1.086958 0.369563
19:07:11 26.078947 26.210527 25.736843 24.710526 27.567568 27.236841 1.086958 0.369563
19:07:11 26.078947 26.210527 25.736843 24.710526 27.567568 27.236841 1.086958 0.369563
19:07:11 26.078947 26.210527 25.736843 24.710526 27.567568 27.236841 1.065220 0.369563
19:07:12 26.078947 26.210527 25.736843 24.710526 27.567568 27.236841 1.065220 0.369563
19:07:12 26.078947 26.210527 25.736843 24.710526 27.567568 27.236841 1.065220 0.369563
19:07:13 26.078947 26.210527 25.736843 24.710526 27.567568 27.236841 1.065220 0.369563
19:07:13 26.078947 26.210527 25.736843 24.710526 27.567568 27.236841 1.086958 0.369563
19:07:13 26.078947 26.210527 25.736843 24.710526 27.567568 27.236841 1.086958 0.369563
19:07:14 26.078947 26.210527 25.736843 24.710526 27.567568 27.236841 1.086958 0.369563
19:07:14 26.078947 26.210527 25.736843 24.710526 27.567568 27.236841 1.065220 0.369563
19:07:15 26.078947 26.210527 25.736843 24.710526 27.567568 27.236841 1.065220 0.369563
19:07:15 26.078947 26.210527 25.736843 24.710526 27.567568 27.236841 1.086958 0.369563
19:07:15 26.078947 26.210527 25.736843 24.710526 27.567568 27.236841 1.086958 0.369563
19:07:16 26.078947 26.184210 25.736843 24.710526 27.567568 27.236841 1.086958 0.369563
19:07:16 26.078947 26.184210 25.736843 24.710526 27.567568 27.236841 1.086958 0.369563
19:07:17 26.078947 26.210527 25.736843 24.710526 27.567568 27.236841 1.086958 0.369563
19:07:17 26.078947 26.210527 25.736843 24.710526 27.567568 27.236841 1.086958 0.369563
19:07:17 26.078947 26.210527 25.736843 24.710526 27.567568 27.236841 1.086958 0.369563
19:07:18 26.078947 26.210527 25.736843 24.710526 27.567568 27.236841 1.086958 0.369563
19:07:18 26.078947 26.210527 25.736843 24.710526 27.567568 27.236841 1.086958 0.369563
19:07:19 26.078947 26.210527 25.736843 24.710526 27.567568 27.236841 1.086958 0.369563
19:07:19 26.078947 26.210527 25.736843 24.710526 27.567568 27.236841 1.086958 0.369563
19:07:19 26.078947 26.210527 25.736843 24.710526 27.567568 27.236841 1.086958 0.369563
19:07:20 26.078947 26.210527 25.736843 24.710526 27.567568 27.236841 1.086958 0.369563
19:07:20 26.078947 26.210527 25.736843 24.710526 27.567568 27.236841 1.086958 0.369563
