12:56:44 28.236841 26.052631 27.763157 26.315790 27.540543 27.157894 1.369567 0.326088
12:56:45 28.236841 26.052631 27.763157 26.342104 27.540543 27.157894 1.434779 0.326088
12:56:46 28.236841 26.052631 27.763157 26.342104 27.540543 27.157894 1.478265 0.326088
12:56:47 28.236841 26.052631 27.763157 26.342104 27.540543 27.157894 1.434779 0.326088
12:56:48 28.236841 26.052631 27.763157 26.342104 27.540543 27.157894 1.434779 0.326088
12:56:48 28.236841 26.052631 27.763157 26.342104 27.540543 27.157894 1.369567 0.326088
12:56:49 28.236841 26.052631 27.763157 26.342104 27.540543 27.157894 1.282606 0.326088
12:56:50 28.236841 26.052631 27.763157 26.342104 27.540543 27.157894 1.260869 0.326088
12:56:51 28.236841 26.052631 27.763157 26.342104 27.540543 27.157894 1.239131 0.326088
12:56:52 28.236841 26.052631 27.763157 26.342104 27.540543 27.157894 1.239131 0.326088
12:56:52 28.236841 26.052631 27.763157 26.342104 27.540543 27.157894 1.239131 0.326088
12:56:53 28.236841 26.052631 27.763157 26.342104 27.540543 27.157894 1.239131 0.326088
12:56:54 28.236841 26.052631 27.763157 26.342104 27.540543 27.157894 1.239131 0.326088
12:56:55 28.236841 26.052631 27.763157 26.342104 27.540543 27.157894 1.239131 0.326088
12:56:56 28.236841 26.052631 27.763157 26.342104 27.540543 27.157894 1.217394 0.326088
12:56:56 28.236841 26.052631 27.763157 26.342104 27.540543 27.157894 1.217394 0.347826
12:56:57 28.236841 26.052631 27.763157 26.342104 27.540543 27.157894 1.217394 0.347826
12:56:58 28.236841 26.052631 27.763157 26.342104 27.540543 27.157894 1.239131 0.347826
12:56:59 28.236841 26.052631 27.763157 26.342104 27.540543 27.157894 1.239131 0.347826
12:57:00 28.236841 26.052631 27.763157 26.342104 27.540543 27.157894 1.239131 0.347826
12:57:00 28.236841 26.052631 27.763157 26.342104 27.540543 27.157894 1.239131 0.347826
12:57:01 28.236841 26.052631 27.763157 26.342104 27.540543 27.157894 1.239131 0.326088
12:57:02 28.236841 26.052631 27.763157 26.342104 27.540543 27.157894 1.239131 0.326088
12:57:03 28.236841 26.052631 27.763157 26.342104 27.540543 27.157894 1.239131 0.326088
12:57:04 28.236841 26.052631 27.763157 26.342104 27.540543 27.157894 1.239131 0.326088
12:57:04 28.236841 26.052631 27.763157 26.342104 27.540543 27.157894 1.239131 0.326088
12:57:05 28.236841 26.052631 27.763157 26.315790 27.540543 27.157894 1.260869 0.326088
12:57:06 28.236841 26.052631 27.763157 26.315790 27.540543 27.157894 1.260869 0.326088
12:57:07 28.236841 26.052631 27.763157 26.315790 27.540543 27.157894 1.239131 0.326088
12:57:08 28.236841 26.052631 27.763157 26.342104 27.540543 27.157894 1.260869 0.326088
12:57:08 28.236841 26.052631 27.763157 26.315790 27.540543 27.157894 1.239131 0.326088
12:57:09 28.236841 26.052631 27.763157 26.315790 27.540543 27.157894 1.239131 0.326088
12:57:10 28.236841 26.052631 27.763157 26.315790 27.540543 27.157894 1.239131 0.326088
12:57:11 28.236841 26.052631 27.763157 26.315790 27.540543 27.157894 1.239131 0.326088
12:57:12 28.236841 26.052631 27.763157 26.315790 27.540543 27.157894 1.282606 0.326088
12:57:12 28.236841 26.052631 27.763157 26.315790 27.540543 27.157894 1.260869 0.326088
12:57:13 28.236841 26.052631 27.763157 26.315790 27.540543 27.157894 1.282606 0.326088
12:57:14 28.236841 26.052631 27.763157 26.315790 27.540543 27.157894 1.304344 0.391301
12:57:15 28.236841 26.052631 27.763157 26.315790 27.540543 27.157894 1.347829 0.195653
12:57:16 28.236841 26.052631 27.657896 26.026316 27.540543 27.157894 7.608691 0.326088
12:57:17 28.131580 25.947371 27.684210 26.052629 27.540543 27.157894 7.500003 0.326088
12:57:18 28.131580 25.947371 27.684210 26.052629 27.540543 27.157894 7.565216 0.326088
12:57:19 28.131580 25.947371 27.684210 26.052629 27.540543 27.157894 7.565216 0.326088
12:57:19 28.131580 25.921053 27.684210 26.052629 27.540543 27.157894 7.456518 0.326088
12:57:20 28.131580 25.921053 27.684210 26.052629 27.540543 27.157894 7.347830 0.326088
12:57:21 28.131580 25.921053 27.684210 26.052629 27.540543 27.157894 7.239131 0.326088
12:57:22 28.131580 25.921053 27.684210 26.052629 27.540543 27.157894 7.326082 0.326088
12:57:23 28.184210 26.000000 27.736843 26.263157 27.540543 27.157894 2.804349 0.347826
12:57:23 28.184210 26.000000 27.736843 26.263157 27.540543 27.157894 2.804349 0.347826
12:57:24 28.184210 26.000000 27.736843 26.263157 27.540543 27.157894 2.782612 0.347826
12:57:25 28.184210 26.000000 27.736843 26.263157 27.540543 27.157894 2.760874 0.391301
12:57:26 28.184210 26.000000 27.736843 26.263157 27.540543 27.157894 2.760874 0.391301
12:57:27 28.184210 26.026314 27.736843 26.263157 27.540543 27.157894 2.739126 0.413038
12:57:27 28.184210 26.026314 27.736843 26.263157 27.540543 27.157894 2.739126 0.391301
12:57:28 28.184210 26.026314 27.736843 26.263157 27.540543 27.157894 2.739126 0.413038
12:57:29 28.184210 26.026314 27.736843 26.263157 27.540543 27.157894 2.739126 0.347826
12:57:30 28.184210 26.026314 27.736843 26.263157 27.540543 27.157894 2.739126 0.347826
12:57:30 28.184210 26.000000 27.736843 26.263157 27.540543 27.157894 2.717388 0.347826
12:57:31 28.184210 26.000000 27.736843 26.263157 27.540543 27.157894 2.717388 0.347826
12:57:32 28.184210 26.000000 27.736843 26.263157 27.540543 27.157894 2.739126 0.347826
12:57:33 28.184210 26.000000 27.736843 26.263157 27.540543 27.157894 2.717388 0.326088
12:57:34 28.184210 26.000000 27.736843 26.263157 27.540543 27.157894 2.717388 0.326088
12:57:34 28.184210 26.000000 27.736843 26.263157 27.540543 27.157894 2.717388 0.326088
12:57:35 28.184210 26.000000 27.736843 26.263157 27.540543 27.157894 2.717388 0.326088
12:57:36 28.184210 26.000000 27.736843 26.263157 27.540543 27.157894 2.717388 0.326088
12:57:37 28.184210 26.000000 27.736843 26.263157 27.540543 27.157894 2.717388 0.326088
12:57:37 28.184210 26.000000 27.736843 26.263157 27.540543 27.157894 2.739126 0.326088
12:57:38 28.184210 26.000000 27.736843 26.263157 27.540543 27.157894 2.695651 0.326088
12:57:39 28.184210 26.000000 27.736843 26.263157 27.540543 27.157894 2.695651 0.391301
12:57:40 28.184210 26.000000 27.736843 26.263157 27.540543 27.157894 2.717388 0.391301
12:57:41 28.184210 26.000000 27.736843 26.263157 27.540543 27.157894 2.695651 0.391301
12:57:41 28.184210 26.000000 27.736843 26.263157 27.540543 27.157894 2.717388 0.391301
12:57:42 28.184210 26.000000 27.736843 26.263157 27.540543 27.157894 2.695651 0.391301
12:57:43 28.184210 26.000000 27.736843 26.263157 27.540543 27.157894 2.673913 0.326088
12:57:44 28.184210 26.026314 27.736843 26.263157 27.540543 27.157894 2.673913 0.326088
12:57:45 28.184210 26.026314 27.736843 26.263157 27.540543 27.157894 2.695651 0.326088
12:57:45 28.184210 26.000000 27.736843 26.263157 27.540543 27.157894 2.717388 0.326088
12:57:46 28.184210 26.026314 27.736843 26.263157 27.540543 27.157894 2.739126 0.326088
12:57:47 28.184210 26.000000 27.736843 26.263157 27.540543 27.157894 2.804349 0.326088
12:57:48 28.184210 26.026314 27.736843 26.263157 27.540543 27.157894 2.804349 0.326088
12:57:48 28.184210 26.000000 27.736843 26.263157 27.540543 27.157894 2.847824 0.347826
