13:32:57 28.105263 26.000000 27.684210 26.157894 27.243244 26.868422 1.282606 3.413039
13:32:58 28.105263 26.000000 27.684210 26.157894 27.243244 26.868422 1.260869 3.391301
13:32:58 28.105263 26.000000 27.657896 26.157894 27.243244 26.842106 1.260869 2.913044
13:32:59 28.105263 26.000000 27.657896 26.157894 27.270269 26.842106 1.260869 2.913044
13:33:00 28.105263 26.000000 27.657896 26.157894 27.270269 26.894737 1.260869 3.000005
13:33:01 28.105263 26.000000 27.657896 26.157894 27.270269 26.894737 1.260869 3.000005
13:33:02 28.105263 26.000000 27.657896 26.157894 27.270269 26.894737 1.260869 3.000005
13:33:02 28.105263 26.000000 27.657896 26.157894 27.270269 26.894737 1.260869 3.043480
13:33:03 28.105263 26.000000 27.657896 26.157894 27.270269 26.894737 1.282606 3.043480
13:33:04 28.105263 26.000000 27.684210 26.157894 27.270269 26.894737 1.282606 2.847831
13:33:05 28.105263 26.000000 27.684210 26.157894 27.270269 26.894737 1.282606 2.847831
13:33:06 28.105263 26.000000 27.684210 26.157894 27.270269 26.894737 1.326092 2.826083
13:33:06 28.105263 26.000000 27.684210 26.157894 27.270269 26.894737 1.347829 2.782608
13:33:07 28.105263 26.000000 27.684210 26.157894 27.297297 26.921051 1.369567 2.739133
13:33:08 28.105263 26.000000 27.684210 26.184212 27.297297 26.921051 1.391304 2.739133
13:33:09 28.105263 26.000000 27.684210 26.184212 27.297297 26.921051 1.369567 2.413039
13:33:10 28.105263 26.000000 27.684210 26.184212 27.297297 26.921051 1.369567 2.499999
13:33:10 28.105263 26.000000 27.684210 26.184212 27.297297 26.921051 1.326092 2.478262
13:33:11 28.105263 26.000000 27.684210 26.157894 27.324326 26.947369 1.282606 2.304351
13:33:12 28.105263 26.000000 27.684210 26.184212 27.324326 26.947369 1.260869 2.260865
13:33:13 28.105263 26.000000 27.684210 26.157894 27.324326 26.947369 1.239131 2.260865
13:33:14 28.105263 26.000000 27.684210 26.157894 27.324326 26.947369 1.239131 2.282613
13:33:14 28.105263 26.000000 27.684210 26.184212 27.324326 26.947369 1.239131 2.304351
13:33:15 28.105263 26.000000 27.684210 26.184212 27.324326 26.947369 1.239131 2.173915
13:33:16 28.105263 26.000000 27.684210 26.157894 27.324326 26.947369 1.239131 2.152178
13:33:17 28.105263 26.000000 27.684210 26.157894 27.324326 26.947369 1.260869 2.130430
13:33:18 28.105263 26.000000 27.684210 26.157894 27.324326 26.947369 1.239131 2.130430
13:33:18 28.105263 26.000000 27.684210 26.184212 27.324326 26.947369 1.239131 2.152178
13:33:19 28.105263 26.000000 27.684210 26.184212 27.324326 26.947369 1.239131 2.239128
13:33:20 28.105263 26.000000 27.684210 26.157894 27.324326 26.947369 1.239131 2.282613
13:33:21 28.105263 26.000000 27.684210 26.157894 27.324326 26.947369 1.239131 2.130430
13:33:22 28.105263 26.000000 27.684210 26.157894 27.324326 26.947369 1.239131 2.130430
13:33:22 28.105263 26.000000 27.657896 26.157894 27.324326 26.947369 1.239131 2.152178
13:33:23 28.105263 26.000000 27.684210 26.157894 27.324326 26.947369 1.239131 2.152178
13:33:24 28.105263 26.000000 27.684210 26.157894 27.324326 26.947369 1.239131 2.130430
13:33:25 28.105263 26.000000 27.684210 26.157894 27.324326 26.947369 1.239131 2.152178
13:33:26 28.105263 26.000000 27.684210 26.157894 27.324326 26.947369 1.239131 2.173915
13:33:26 28.105263 26.000000 27.684210 26.157894 27.324326 26.947369 1.239131 2.173915
13:33:27 28.105263 26.000000 27.684210 26.157894 27.324326 26.947369 1.239131 2.152178
13:33:28 28.105263 26.000000 27.684210 26.157894 27.324326 26.947369 1.239131 2.173915
13:33:29 28.105263 26.000000 27.684210 26.157894 27.324326 26.947369 1.239131 2.130430
13:33:30 28.105263 26.000000 27.684210 26.157894 27.324326 26.947369 1.260869 2.065217
13:33:30 28.105263 26.000000 27.684210 26.157894 27.324326 26.947369 1.260869 2.086955
13:33:31 28.105263 26.000000 27.684210 26.157894 27.324326 26.947369 1.260869 2.086955
13:33:32 28.105263 26.000000 27.684210 26.157894 27.324326 26.947369 1.260869 2.065217
13:33:33 28.105263 26.000000 27.684210 26.157894 27.324326 26.947369 1.260869 2.065217
13:33:34 28.105263 26.000000 27.684210 26.157894 27.324326 26.947369 1.260869 2.065217
13:33:34 28.105263 26.000000 27.684210 26.157894 27.324326 26.947369 1.260869 2.065217
13:33:35 28.105263 26.000000 27.684210 26.157894 27.324326 26.947369 1.282606 2.065217
13:33:36 28.105263 26.000000 27.684210 26.157894 27.324326 26.947369 1.282606 2.065217
13:33:37 28.105263 26.000000 27.684210 26.157894 27.324326 26.947369 1.304344 2.043479
13:33:38 28.105263 26.000000 27.684210 26.157894 27.324326 26.947369 1.304344 2.130430
13:33:38 28.105263 26.000000 27.684210 26.157894 27.324326 26.947369 1.326092 2.130430
13:33:39 28.105263 26.000000 27.684210 26.157894 27.324326 26.947369 1.347829 2.152178
13:33:40 28.105263 26.000000 27.684210 26.157894 27.324326 26.947369 1.347829 2.152178
13:33:41 28.105263 26.000000 27.684210 26.157894 27.324326 26.947369 1.326092 2.152178
13:33:42 28.105263 26.000000 27.684210 26.157894 27.324326 26.947369 1.326092 2.130430
13:33:42 28.105263 26.000000 27.684210 26.157894 27.324326 26.947369 1.282606 2.130430
13:33:43 28.105263 26.000000 27.684210 26.157894 27.324326 26.947369 1.260869 2.173915
13:33:44 28.105263 26.000000 27.684210 26.157894 27.324326 26.947369 1.239131 2.130430
13:33:45 28.105263 26.000000 27.684210 26.157894 27.324326 26.947369 1.239131 2.130430
13:33:46 28.105263 26.000000 27.684210 26.157894 27.324326 26.947369 1.239131 2.130430
13:33:46 28.105263 26.000000 27.684210 26.157894 27.324326 26.947369 1.239131 2.173915
13:33:47 28.105263 26.000000 27.684210 26.157894 27.324326 26.947369 1.239131 2.173915
13:33:48 28.105263 26.000000 27.684210 26.157894 27.324326 26.947369 1.239131 2.173915
13:33:49 28.105263 26.000000 27.684210 26.157894 27.324326 26.947369 1.239131 2.065217
13:33:50 28.105263 26.000000 27.684210 26.157894 27.324326 26.947369 1.239131 2.065217
13:33:50 28.105263 26.000000 27.684210 26.157894 27.324326 26.947369 1.239131 2.043479
13:33:51 28.105263 26.000000 27.684210 26.157894 27.324326 26.947369 1.239131 2.086955
13:33:52 28.105263 26.000000 27.684210 26.157894 27.324326 26.947369 1.239131 2.086955
13:33:53 28.105263 26.000000 27.684210 26.157894 27.324326 26.947369 1.239131 2.065217
13:33:54 28.105263 26.000000 27.684210 26.157894 27.324326 26.947369 1.239131 2.065217
13:33:54 28.105263 26.000000 27.684210 26.157894 27.324326 26.947369 1.239131 2.108692
13:33:55 28.105263 26.000000 27.684210 26.157894 27.324326 26.947369 1.239131 2.086955
13:33:56 28.105263 26.000000 27.684210 26.157894 27.324326 26.947369 1.239131 2.086955
13:33:57 28.105263 26.000000 27.684210 26.157894 27.324326 26.947369 1.239131 2.065217
