18:27:46 26.105263 26.236841 25.736843 24.815790 27.594595 27.236841 1.108695 0.000004
18:27:47 26.105263 26.236841 25.736843 24.815790 27.594595 27.236841 1.108695 0.000004
18:27:47 26.105263 26.236841 25.736843 24.815790 27.594595 27.236841 1.108695 0.000004
18:27:48 26.105263 26.236841 25.736843 24.815790 27.594595 27.236841 1.108695 0.000004
18:27:48 26.105263 26.236841 25.736843 24.815790 27.594595 27.236841 1.108695 0.000004
18:27:48 26.105263 26.236841 25.736843 24.815790 27.594595 27.236841 1.108695 0.000004
18:27:49 26.105263 26.236841 25.736843 24.815790 27.594595 27.236841 1.108695 0.000004
18:27:49 26.105263 26.236841 25.736843 24.815790 27.594595 27.236841 1.108695 0.000004
18:27:50 26.105263 26.236841 25.736843 24.815790 27.594595 27.236841 1.108695 0.000004
18:27:50 26.105263 26.236841 25.736843 24.815790 27.594595 27.236841 1.108695 0.000004
18:27:50 26.105263 26.236841 25.736843 24.815790 27.594595 27.236841 1.108695 0.000004
18:27:51 26.105263 26.236841 25.736843 24.815790 27.594595 27.236841 1.108695 0.000004
18:27:51 26.105263 26.236841 25.736843 24.815790 27.594595 27.236841 1.108695 0.000004
18:27:52 26.105263 26.236841 25.736843 24.815790 27.594595 27.236841 1.108695 0.000004
18:27:52 26.105263 26.236841 25.736843 24.815790 27.594595 27.236841 1.108695 0.000004
18:27:52 26.105263 26.236841 25.736843 24.815790 27.594595 27.236841 1.108695 0.000004
18:27:53 26.105263 26.236841 25.736843 24.815790 27.594595 27.236841 1.108695 0.000004
18:27:53 26.105263 26.236841 25.736843 24.815790 27.594595 27.236841 1.108695 0.000004
18:27:54 26.105263 26.236841 25.736843 24.815790 27.594595 27.236841 1.108695 0.000004
18:27:54 26.105263 26.236841 25.736843 24.815790 27.594595 27.236841 1.108695 0.000004
18:27:54 26.105263 26.236841 25.736843 24.815790 27.594595 27.236841 1.108695 0.000004
18:27:55 26.105263 26.236841 25.736843 24.815790 27.594595 27.236841 1.108695 0.000004
18:27:55 26.105263 26.236841 25.736843 24.815790 27.594595 27.236841 1.108695 0.000004
18:27:56 26.105263 26.236841 25.736843 24.815790 27.594595 27.236841 1.108695 0.000004
18:27:56 26.105263 26.236841 25.736843 24.815790 27.594595 27.236841 1.152171 0.000004
18:27:56 26.105263 26.236841 25.736843 24.815790 27.594595 27.236841 1.152171 0.000004
18:27:57 26.105263 26.236841 25.736843 24.815790 27.594595 27.236841 1.108695 0.000004
18:27:57 26.105263 26.236841 25.736843 24.815790 27.594595 27.236841 1.108695 0.000004
18:27:58 26.105263 26.236841 25.736843 24.815790 27.594595 27.236841 1.108695 0.000004
18:27:58 26.105263 26.236841 25.736843 24.815790 27.594595 27.236841 1.108695 0.000004
18:27:58 26.105263 26.236841 25.736843 24.815790 27.594595 27.236841 1.108695 0.000004
18:27:59 26.105263 26.236841 25.736843 24.815790 27.594595 27.236841 1.130433 0.000004
18:27:59 26.105263 26.236841 25.736843 24.815790 27.594595 27.236841 1.130433 0.000004
18:28:00 26.105263 26.236841 25.736843 24.815790 27.594595 27.236841 1.173908 0.000004
18:28:00 26.105263 26.236841 25.736843 24.815790 27.594595 27.236841 1.173908 0.000004
18:28:00 26.105263 26.236841 25.736843 24.815790 27.594595 27.236841 1.173908 0.000004
18:28:01 26.105263 26.236841 25.736843 24.815790 27.594595 27.236841 1.195656 0.000004
18:28:01 26.105263 26.236841 25.736843 24.815790 27.594595 27.236841 1.195656 0.000004
18:28:02 26.105263 26.236841 25.736843 24.815790 27.594595 27.236841 1.282606 0.000004
18:28:02 26.105263 26.236841 25.736843 24.815790 27.594595 27.236841 1.282606 0.000004
18:28:02 26.105263 26.236841 25.736843 24.815790 27.594595 27.236841 1.282606 0.000004
18:28:03 26.105263 26.236841 25.736843 24.815790 27.594595 27.236841 1.326092 0.000004
18:28:03 26.105263 26.236841 25.736843 24.815790 27.594595 27.236841 1.326092 0.000004
18:28:04 26.105263 26.236841 25.736843 24.815790 27.594595 27.236841 1.326092 0.000004
18:28:04 26.105263 26.236841 25.736843 24.815790 27.594595 27.236841 1.326092 0.000004
18:28:04 26.105263 26.236841 25.736843 24.815790 27.594595 27.236841 1.260869 0.000004
18:28:05 26.105263 26.236841 25.736843 24.815790 27.594595 27.236841 1.260869 0.000004
18:28:05 26.105263 26.236841 25.736843 24.815790 27.594595 27.236841 1.260869 0.000004
18:28:06 26.105263 26.236841 25.736843 24.815790 27.594595 27.236841 1.195656 0.000004
18:28:06 26.105263 26.236841 25.736843 24.815790 27.594595 27.236841 1.195656 0.000004
18:28:06 26.105263 26.236841 25.736843 24.815790 27.594595 27.236841 1.152171 0.000004
