18:13:21 26.131578 26.263159 25.763159 24.842106 27.594595 27.263157 1.130433 0.000004
18:13:22 26.131578 26.263159 25.763159 24.842106 27.378378 26.921051 1.130433 3.630435
18:13:22 26.131578 26.263159 25.763159 24.842106 27.378378 26.921051 1.130433 3.630435
18:13:23 26.131578 26.263159 25.763159 24.842106 27.324326 26.947369 1.130433 3.630435
18:13:23 26.131578 26.263159 25.763159 24.842106 27.324326 26.947369 1.130433 3.913044
18:13:23 26.131578 26.263159 25.763159 24.842106 27.324326 26.947369 1.108695 3.913044
18:13:24 26.131578 26.263159 25.763159 24.842106 27.324326 27.000000 1.108695 3.413039
18:13:24 26.131578 26.263159 25.763159 24.842106 27.324326 27.000000 1.108695 3.413039
18:13:25 26.131578 26.263159 25.763159 24.842106 27.351351 27.000000 1.130433 3.413039
18:13:25 26.131578 26.263159 25.763159 24.842106 27.351351 27.000000 1.130433 3.304351
18:13:25 26.131578 26.263159 25.763159 24.842106 27.324326 27.000000 1.108695 3.304351
18:13:26 26.131578 26.263159 25.763159 24.842106 27.324326 27.000000 1.108695 3.347826
18:13:26 26.131578 26.263159 25.763159 24.842106 27.324326 27.000000 1.108695 3.347826
18:13:27 26.131578 26.263159 25.763159 24.842106 27.324326 27.000000 1.108695 3.326088
18:13:27 26.131578 26.263159 25.763159 24.842106 27.324326 27.000000 1.108695 3.326088
18:13:27 26.131578 26.263159 25.763159 24.842106 27.324326 27.000000 1.130433 3.326088
18:13:28 26.131578 26.263159 25.763159 24.842106 27.324326 27.000000 1.130433 3.326088
18:13:28 26.131578 26.263159 25.763159 24.842106 27.324326 27.000000 1.130433 3.326088
18:13:29 26.131578 26.263159 25.763159 24.842106 27.324326 27.000000 1.130433 3.326088
18:13:29 26.131578 26.263159 25.736843 24.842106 27.324326 27.000000 1.130433 3.326088
18:13:29 26.131578 26.263159 25.736843 24.842106 27.324326 27.000000 1.130433 3.326088
18:13:30 26.131578 26.263159 25.736843 24.842106 27.324326 27.000000 1.130433 3.326088
18:13:30 26.131578 26.263159 25.736843 24.842106 27.324326 27.000000 1.108695 3.326088
18:13:31 26.105263 26.263159 25.736843 24.842106 27.324326 27.000000 1.108695 3.260865
18:13:31 26.105263 26.263159 25.736843 24.842106 27.324326 27.000000 1.108695 3.260865
18:13:31 26.105263 26.263159 25.736843 24.842106 27.324326 26.973684 1.108695 3.326088
18:13:32 26.105263 26.263159 25.736843 24.842106 27.324326 26.973684 1.108695 3.326088
18:13:32 26.105263 26.263159 25.736843 24.842106 27.324326 26.973684 1.108695 3.326088
18:13:33 26.105263 26.263159 25.736843 24.842106 27.324326 27.000000 1.108695 3.326088
18:13:33 26.105263 26.236841 25.736843 24.842106 27.324326 27.000000 1.130433 3.326088
18:13:33 26.105263 26.236841 25.736843 24.842106 27.324326 26.973684 1.130433 3.282614
18:13:34 26.105263 26.236841 25.736843 24.842106 27.324326 26.973684 1.130433 3.282614
18:13:34 26.105263 26.236841 25.736843 24.842106 27.324326 26.973684 1.130433 3.282614
18:13:35 26.105263 26.236841 25.736843 24.842106 27.324326 26.973684 1.130433 3.282614
18:13:35 26.105263 26.236841 25.736843 24.842106 27.324326 26.973684 1.130433 3.282614
18:13:35 26.105263 26.236841 25.736843 24.842106 27.324326 26.973684 1.130433 3.326088
18:13:36 26.105263 26.236841 25.736843 24.842106 27.324326 26.973684 1.130433 3.326088
18:13:36 26.105263 26.236841 25.736843 24.842106 27.324326 26.973684 1.152171 3.326088
18:13:37 26.105263 26.236841 25.736843 24.842106 27.324326 26.973684 1.152171 3.326088
18:13:37 26.105263 26.236841 25.736843 24.842106 27.324326 26.973684 1.130433 3.326088
18:13:37 26.105263 26.236841 25.736843 24.842106 27.324326 26.973684 1.130433 3.326088
18:13:38 26.105263 26.236841 25.736843 24.842106 27.324326 26.973684 1.130433 3.326088
18:13:38 26.105263 26.236841 25.736843 24.842106 27.324326 26.973684 1.130433 3.304351
18:13:39 26.105263 26.236841 25.736843 24.842106 27.324326 26.973684 1.130433 3.304351
18:13:39 26.105263 26.236841 25.736843 24.842106 27.324326 26.973684 1.130433 3.304351
18:13:39 26.105263 26.236841 25.736843 24.842106 27.324326 26.973684 1.130433 3.217390
18:13:40 26.105263 26.236841 25.736843 24.842106 27.324326 26.973684 1.130433 3.217390
18:13:40 26.105263 26.236841 25.736843 24.842106 27.324326 26.973684 1.130433 3.239128
18:13:41 26.105263 26.236841 25.736843 24.842106 27.324326 26.973684 1.130433 3.239128
18:13:41 26.105263 26.236841 25.736843 24.815790 27.324326 26.973684 1.130433 3.239128
18:13:41 26.131578 26.263159 25.736843 24.815790 27.324326 26.973684 1.130433 3.304351
18:13:42 26.131578 26.263159 25.736843 24.815790 27.324326 26.973684 1.130433 3.304351
18:13:42 26.131578 26.263159 25.736843 24.815790 27.324326 26.973684 1.130433 3.282614
18:13:43 26.131578 26.263159 25.736843 24.815790 27.324326 26.973684 1.130433 3.282614
18:13:43 26.131578 26.263159 25.736843 24.815790 27.324326 26.973684 1.130433 3.282614
18:13:43 26.131578 26.263159 25.736843 24.815790 27.324326 26.973684 1.130433 3.304351
18:13:44 26.131578 26.263159 25.736843 24.815790 27.324326 26.973684 1.130433 3.304351
18:13:44 26.131578 26.263159 25.736843 24.815790 27.324326 27.000000 1.130433 3.326088
18:13:45 26.131578 26.263159 25.736843 24.815790 27.324326 27.000000 1.173908 3.326088
18:13:45 26.131578 26.263159 25.736843 24.815790 27.324326 27.000000 1.173908 3.304351
18:13:45 26.131578 26.263159 25.763159 24.815790 27.324326 27.000000 1.173908 3.304351
18:13:46 26.131578 26.263159 25.763159 24.789474 27.324326 27.000000 1.173908 3.304351
18:13:46 26.131578 26.263159 25.763159 24.789474 27.324326 27.000000 1.173908 3.260865
18:13:47 26.131578 26.263159 25.763159 24.789474 27.324326 27.000000 1.217394 3.260865
18:13:47 26.131578 26.263159 25.763159 24.789474 27.351351 27.000000 1.217394 3.260865
18:13:47 26.131578 26.263159 25.763159 24.789474 27.351351 27.000000 1.217394 3.260865
18:13:48 26.131578 26.263159 25.763159 24.789474 27.351351 27.000000 1.326092 3.260865
18:13:48 26.131578 26.263159 25.763159 24.789474 27.351351 27.000000 1.326092 3.217390
18:13:49 26.131578 26.263159 25.763159 24.815790 27.351351 27.000000 1.347829 3.217390
18:13:49 26.157894 26.263159 25.763159 24.815790 27.351351 27.000000 1.347829 3.260865
18:13:49 26.157894 26.263159 25.763159 24.789474 27.351351 27.000000 1.347829 3.260865
18:13:50 26.157894 26.263159 25.763159 24.789474 27.351351 27.000000 1.369567 3.260865
18:13:50 26.157894 26.263159 25.763159 24.789474 27.351351 27.000000 1.369567 3.282614
18:13:51 26.157894 26.263159 25.763159 24.789474 27.351351 27.000000 1.304344 3.282614
18:13:51 26.157894 26.263159 25.763159 24.789474 27.351351 27.000000 1.304344 3.326088
18:13:51 26.157894 26.263159 25.763159 24.789474 27.351351 27.000000 1.217394 3.326088
18:13:52 26.157894 26.263159 25.763159 24.789474 27.351351 27.000000 1.217394 3.239128
18:13:52 26.157894 26.263159 25.763159 24.789474 27.351351 27.000000 1.217394 3.239128
18:13:53 26.157894 26.263159 25.763159 24.789474 27.351351 27.000000 1.152171 3.239128
18:13:53 26.157894 26.263159 25.763159 24.789474 27.351351 27.000000 1.152171 3.282614
18:13:53 26.157894 26.263159 25.789474 24.789474 27.351351 27.000000 1.130433 3.282614
18:13:54 26.157894 26.263159 25.789474 24.789474 27.351351 27.000000 1.130433 3.282614
18:13:54 26.157894 26.289474 25.789474 24.789474 27.351351 27.000000 1.130433 3.282614
18:13:55 26.157894 26.289474 25.789474 24.789474 27.351351 27.026316 1.130433 3.282614
18:13:55 26.157894 26.289474 25.789474 24.789474 27.351351 27.026316 1.130433 3.282614
18:13:55 26.157894 26.289474 25.789474 24.789474 27.351351 27.026316 1.108695 3.282614
18:13:56 26.157894 26.289474 25.789474 24.789474 27.351351 27.026316 1.108695 3.282614
