13:19:50 28.184210 26.052631 27.736843 26.184212 27.243244 26.894737 1.239131 3.543474
13:19:51 28.184210 26.052631 27.736843 26.184212 27.324326 26.947369 1.260869 3.304351
13:19:51 28.184210 26.052631 27.736843 26.184212 27.324326 26.947369 1.239131 3.239128
13:19:52 28.184210 26.052631 27.736843 26.184212 27.324326 26.947369 1.260869 3.239128
13:19:53 28.184210 26.052631 27.736843 26.184212 27.324326 26.947369 1.282606 3.239128
13:19:54 28.184210 26.052631 27.763157 26.184212 27.324326 26.947369 1.282606 3.260865
13:19:54 28.184210 26.052631 27.763157 26.184212 27.324326 26.947369 1.304344 3.282614
13:19:55 28.184210 26.052631 27.736843 26.184212 27.027027 26.631578 1.347829 6.804346
13:19:56 28.184210 26.052631 27.736843 26.184212 27.324326 26.947369 1.413042 6.804346
13:19:57 28.184210 26.052631 27.736843 26.184212 27.324326 26.947369 1.478265 3.282614
13:19:58 28.184210 26.052631 27.736843 26.210526 27.324326 26.921051 1.478265 3.217390
13:19:58 28.184210 26.052631 27.736843 26.210526 27.324326 26.921051 1.456517 3.304351
13:19:59 28.184210 26.052631 27.736843 26.210526 27.297297 26.921051 1.369567 3.260865
13:20:00 28.184210 26.052631 27.736843 26.210526 27.297297 26.921051 1.304344 3.304351
13:20:01 28.157894 26.052631 27.736843 26.210526 27.297297 26.921051 1.260869 3.304351
13:20:02 28.157894 26.052631 27.736843 26.210526 27.297297 26.921051 1.260869 3.304351
13:20:02 28.157894 26.052631 27.736843 26.210526 27.297297 26.894737 1.260869 3.304351
13:20:03 28.157894 26.026314 27.736843 26.210526 26.729731 26.578947 1.239131 7.304351
13:20:04 28.157894 26.026314 27.736843 26.210526 27.297297 26.894737 1.239131 3.239128
13:20:05 28.157894 26.026314 27.736843 26.210526 27.297297 26.894737 1.239131 3.239128
13:20:06 28.157894 26.026314 27.736843 26.210526 27.351351 26.894737 1.239131 3.282614
13:20:06 28.157894 26.026314 27.710527 26.210526 27.351351 26.973684 1.239131 2.347826
13:20:07 28.157894 26.026314 27.710527 26.210526 27.405403 27.026316 1.260869 1.478262
13:20:08 28.131580 26.026314 27.710527 26.210526 27.432432 27.078947 1.239131 0.978256
13:20:09 28.131580 26.026314 27.710527 26.210526 27.459461 27.078947 1.239131 0.934781
13:20:09 28.131580 26.026314 27.710527 26.210526 27.459461 27.078947 1.239131 0.934781
13:20:10 28.131580 26.026314 27.710527 26.210526 27.459461 27.105263 1.239131 0.673910
13:20:11 28.131580 26.026314 27.710527 26.210526 27.189190 26.973684 1.260869 7.782609
13:20:12 28.131580 26.026314 27.710527 26.210526 27.351351 27.105263 1.239131 0.434786
13:20:12 28.131580 26.026314 27.710527 26.210526 27.486486 27.105263 1.239131 0.434786
13:20:13 28.131580 26.026314 27.710527 26.210526 27.486486 27.105263 1.260869 0.347826
