19:44:14 25.973684 26.078949 25.657894 24.710526 27.567568 27.210527 1.043483 -0.108694
19:44:14 25.973684 26.078949 25.657894 24.710526 27.567568 27.210527 1.043483 -0.108694
19:44:14 25.973684 26.078949 25.657894 24.710526 27.567568 27.210527 1.043483 -0.108694
19:44:15 25.973684 26.078949 25.657894 24.710526 27.567568 27.210527 1.043483 -0.108694
19:44:15 26.000000 26.078949 25.657894 24.710526 27.567568 27.210527 1.043483 -0.108694
19:44:16 26.000000 26.078949 25.657894 24.710526 27.567568 27.210527 1.043483 -0.108694
19:44:16 26.000000 26.078949 25.657894 24.710526 27.567568 27.210527 1.065220 -0.108694
19:44:16 26.000000 26.078949 25.657894 24.710526 27.567568 27.210527 1.065220 -0.108694
19:44:17 26.000000 26.078949 25.657894 24.710526 27.567568 27.210527 1.043483 -0.108694
19:44:17 26.000000 26.078949 25.657894 24.710526 27.567568 27.210527 1.043483 -0.108694
19:44:18 26.000000 26.078949 25.657894 24.710526 27.567568 27.210527 1.065220 -0.108694
19:44:18 26.000000 26.078949 25.657894 24.710526 27.567568 27.210527 1.065220 -0.108694
19:44:18 26.000000 26.078949 25.657894 24.710526 27.567568 27.210527 1.065220 -0.108694
19:44:19 26.000000 26.078949 25.657894 24.710526 27.567568 27.210527 1.043483 -0.108694
19:44:19 26.000000 26.078949 25.657894 24.710526 27.567568 27.210527 1.043483 -0.108694
19:44:20 26.000000 26.078949 25.657894 24.710526 27.567568 27.210527 1.065220 -0.108694
19:44:20 26.000000 26.078949 25.657894 24.710526 27.567568 27.210527 1.065220 -0.108694
19:44:20 26.000000 26.078949 25.657894 24.710526 27.567568 27.210527 1.065220 -0.108694
19:44:21 26.000000 26.078949 25.657894 24.710526 27.567568 27.210527 1.043483 -0.108694
19:44:21 26.000000 26.078949 25.657894 24.710526 27.567568 27.210527 1.043483 -0.108694
19:44:22 26.000000 26.078949 25.657894 24.710526 27.567568 27.210527 1.043483 -0.108694
19:44:22 26.000000 26.078949 25.657894 24.710526 27.567568 27.210527 1.043483 -0.108694
19:44:22 26.000000 26.078949 25.657894 24.710526 27.567568 27.210527 1.043483 -0.108694
19:44:23 26.000000 26.078949 25.657894 24.710526 27.567568 27.210527 1.043483 -0.108694
19:44:23 26.000000 26.078949 25.657894 24.710526 27.567568 27.210527 1.043483 -0.108694
19:44:24 26.000000 26.078949 25.657894 24.684212 27.567568 27.210527 1.065220 -0.108694
19:44:24 26.000000 26.078949 25.657894 24.684212 27.567568 27.210527 1.065220 -0.108694
19:44:24 26.000000 26.078949 25.657894 24.684212 27.567568 27.210527 1.065220 -0.108694
19:44:25 26.000000 26.078949 25.657894 24.684212 27.567568 27.210527 1.065220 -0.108694
19:44:25 26.000000 26.078949 25.657894 24.684212 27.567568 27.210527 1.065220 -0.108694
19:44:26 26.000000 26.078949 25.657894 24.684212 27.567568 27.210527 1.108695 -0.108694
19:44:26 26.000000 26.078949 25.657894 24.684212 27.567568 27.210527 1.108695 -0.108694
19:44:26 26.000000 26.078949 25.657894 24.684212 27.567568 27.210527 1.130433 -0.108694
19:44:27 26.000000 26.078949 25.657894 24.684212 27.567568 27.210527 1.130433 -0.108694
19:44:27 26.000000 26.078949 25.657894 24.710526 27.567568 27.210527 1.130433 -0.108694
19:44:28 26.000000 26.078949 25.657894 24.710526 27.567568 27.210527 1.195656 -0.108694
19:44:28 26.000000 26.078949 25.657894 24.710526 27.567568 27.210527 1.195656 -0.108694
19:44:28 26.000000 26.078949 25.657894 24.710526 27.567568 27.210527 1.239131 -0.108694
19:44:29 26.000000 26.078949 25.657894 24.710526 27.567568 27.210527 1.239131 -0.108694
19:44:29 26.000000 26.078949 25.657894 24.710526 27.567568 27.210527 1.239131 -0.108694
19:44:30 26.000000 26.078949 25.657894 24.710526 27.567568 27.210527 1.260869 -0.108694
19:44:30 26.000000 26.078949 25.657894 24.710526 27.567568 27.210527 1.260869 -0.108694
19:44:30 26.000000 26.078949 25.657894 24.710526 27.567568 27.210527 1.239131 -0.108694
19:44:31 26.000000 26.078949 25.657894 24.710526 27.567568 27.210527 1.239131 -0.108694
19:44:31 26.000000 26.078949 25.657894 24.710526 27.567568 27.210527 1.152171 -0.108694
19:44:32 26.000000 26.078949 25.657894 24.710526 27.567568 27.210527 1.152171 -0.108694
19:44:32 26.000000 26.078949 25.657894 24.710526 27.567568 27.210527 1.152171 -0.108694
19:44:32 26.000000 26.078949 25.657894 24.710526 27.567568 27.210527 1.086958 -0.108694
19:44:33 26.000000 26.078949 25.657894 24.710526 27.567568 27.210527 1.086958 -0.108694
19:44:33 26.000000 26.078949 25.657894 24.710526 27.567568 27.210527 1.065220 -0.108694
19:44:34 26.000000 26.078949 25.657894 24.710526 27.567568 27.210527 1.065220 -0.108694
19:44:34 26.000000 26.078949 25.657894 24.710526 27.567568 27.210527 1.065220 -0.108694
19:44:34 26.000000 26.078949 25.657894 24.710526 27.567568 27.210527 1.065220 -0.108694
19:44:35 26.000000 26.078949 25.657894 24.710526 27.567568 27.210527 1.065220 -0.108694
19:44:35 26.000000 26.078949 25.657894 24.710526 27.567568 27.210527 1.043483 -0.108694
19:44:36 26.000000 26.078949 25.657894 24.710526 27.567568 27.210527 1.043483 -0.108694
19:44:36 26.000000 26.078949 25.657894 24.710526 27.567568 27.210527 1.043483 -0.108694
19:44:36 26.000000 26.078949 25.657894 24.710526 27.567568 27.210527 1.021735 -0.108694
19:44:37 26.000000 26.078949 25.657894 24.710526 27.567568 27.210527 1.021735 -0.108694
19:44:37 26.000000 26.078949 25.657894 24.710526 27.567568 27.210527 1.043483 -0.108694
19:44:38 26.000000 26.078949 25.657894 24.710526 27.567568 27.210527 1.043483 -0.108694
19:44:38 26.000000 26.078949 25.657894 24.710526 27.567568 27.210527 1.043483 -0.108694
19:44:38 26.000000 26.078949 25.657894 24.710526 27.567568 27.210527 1.043483 -0.108694
19:44:39 26.000000 26.078949 25.657894 24.710526 27.567568 27.210527 1.043483 -0.108694
19:44:39 26.000000 26.078949 25.657894 24.710526 27.567568 27.210527 1.043483 -0.108694
19:44:40 26.000000 26.105263 25.657894 24.710526 27.567568 27.210527 1.043483 -0.108694
19:44:40 26.000000 26.105263 25.657894 24.710526 27.567568 27.210527 1.043483 -0.108694
19:44:40 26.000000 26.105263 25.657894 24.710526 27.567568 27.210527 1.043483 -0.108694
19:44:41 26.000000 26.078949 25.657894 24.710526 27.567568 27.210527 1.043483 -0.108694
19:44:41 26.000000 26.078949 25.657894 24.710526 27.567568 27.210527 1.043483 -0.108694
19:44:42 26.000000 26.078949 25.657894 24.710526 27.567568 27.210527 1.043483 -0.108694
19:44:42 26.000000 26.078949 25.657894 24.710526 27.567568 27.210527 1.043483 -0.108694
19:44:42 26.000000 26.078949 25.657894 24.710526 27.567568 27.210527 1.043483 -0.108694
19:44:43 26.000000 26.078949 25.657894 24.710526 27.567568 27.210527 1.043483 -0.108694
19:44:43 26.000000 26.078949 25.657894 24.710526 27.567568 27.210527 1.043483 -0.108694
