18:32:51 0.300000 0.000000 3.650000 0.000000 187.069000 0.000000 -0.351000 0.000000 2604412.933000 530957.818000 23.549761 87.303322 0.000000 0.000000 0.000000 0.000000 0.000000 0.000000
18:32:51 0.300000 0.000000 3.650000 0.000000 187.069000 0.000000 -0.351000 0.000000 2604412.933000 530957.818000 23.549761 87.303322 0.000000 0.000000 0.000000 0.000000 0.000000 0.000000
18:32:51 0.300000 0.000000 3.650000 0.000000 187.069000 0.000000 -0.351000 0.000000 2604412.933000 530957.818000 23.549761 87.303322 0.000000 0.000000 0.000000 0.000000 0.000000 0.000000
18:32:52 0.300000 0.000000 3.650000 0.000000 187.069000 0.000000 -0.351000 0.000000 2604412.933000 530957.818000 23.549761 87.303322 0.000000 0.000000 0.000000 0.000000 0.000000 0.000000
18:32:52 0.300000 0.000000 3.650000 0.000000 187.069000 0.000000 -0.351000 0.000000 2604412.933000 530957.818000 23.549761 87.303322 0.000000 0.000000 0.000000 0.000000 0.000000 0.000000
18:32:53 0.300000 0.000000 3.650000 0.000000 187.069000 0.000000 -0.351000 0.000000 2604412.933000 530957.818000 23.549761 87.303322 0.000000 0.000000 0.000000 0.000000 0.000000 0.000000
18:32:53 0.300000 0.000000 3.650000 0.000000 187.069000 0.000000 -0.351000 0.000000 2604412.933000 530957.818000 23.549761 87.303322 0.000000 0.000000 0.000000 0.000000 0.000000 0.000000
18:32:53 0.300000 0.000000 3.650000 0.000000 187.069000 0.000000 -0.351000 0.000000 2604412.933000 530957.818000 23.549761 87.303322 0.000000 0.000000 0.000000 0.000000 0.000000 0.000000
18:32:54 0.300000 0.000000 3.650000 0.000000 187.069000 0.000000 -0.351000 0.000000 2604412.933000 530957.818000 23.549761 87.303322 0.000000 0.000000 0.000000 0.000000 0.000000 0.000000
18:32:54 0.300000 0.000000 3.650000 0.000000 187.069000 0.000000 -0.351000 0.000000 2604412.933000 530957.818000 23.549761 87.303322 0.000000 0.000000 0.000000 0.000000 0.000000 0.000000
18:32:55 0.300000 0.000000 3.650000 0.000000 187.069000 0.000000 -0.351000 0.000000 2604413.173000 530957.866000 23.549761 87.303322 0.000000 0.000000 0.000000 0.000000 0.000000 0.000000
18:32:55 0.300000 0.000000 3.650000 0.000000 187.069000 0.000000 -0.351000 0.000000 2604413.173000 530957.866000 23.549761 87.303322 0.000000 0.000000 0.000000 0.000000 0.000000 0.000000
18:32:55 0.300000 0.000000 3.650000 0.000000 187.069000 0.000000 -0.351000 0.000000 2604413.173000 530957.866000 23.549761 87.303322 0.000000 0.000000 0.000000 0.000000 0.000000 0.000000
18:32:56 0.300000 0.000000 3.650000 0.000000 187.069000 0.000000 -0.351000 0.000000 2604413.173000 530957.866000 23.549761 87.303322 0.000000 0.000000 0.000000 0.000000 0.000000 0.000000
18:32:56 0.300000 0.000000 3.650000 0.000000 187.069000 0.000000 -0.351000 0.000000 2604413.173000 530957.866000 23.549761 87.303322 0.000000 0.000000 0.000000 0.000000 0.000000 0.000000
18:32:57 0.300000 0.000000 3.650000 0.000000 187.069000 0.000000 -0.351000 0.000000 2604413.253000 530958.097000 23.549761 87.303322 0.000000 0.000000 0.000000 0.000000 0.000000 0.000000
18:32:57 0.300000 0.000000 3.650000 0.000000 187.069000 0.000000 -0.351000 0.000000 2604413.253000 530958.097000 23.549761 87.303322 0.000000 0.000000 0.000000 0.000000 0.000000 0.000000
18:32:57 0.300000 0.000000 3.650000 0.000000 187.069000 0.000000 -0.351000 0.000000 2604413.253000 530958.097000 23.549761 87.303322 0.000000 0.000000 0.000000 0.000000 0.000000 0.000000
18:32:58 0.300000 0.000000 3.650000 0.000000 187.069000 0.000000 -0.351000 0.000000 2604413.253000 530958.097000 23.549761 87.303322 0.000000 0.000000 0.000000 0.000000 0.000000 0.000000
18:32:58 0.300000 0.000000 3.650000 0.000000 187.069000 0.000000 -0.351000 0.000000 2604413.253000 530958.097000 23.549761 87.303322 0.000000 0.000000 0.000000 0.000000 0.000000 0.000000
18:32:59 0.300000 0.000000 3.650000 0.000000 187.069000 0.000000 -0.351000 0.000000 2604413.359000 530958.097000 23.549761 87.303322 0.000000 0.000000 0.000000 0.000000 0.000000 0.000000
18:32:59 0.300000 0.000000 3.650000 0.000000 187.069000 0.000000 -0.351000 0.000000 2604413.359000 530958.097000 23.549761 87.303322 0.000000 0.000000 0.000000 0.000000 0.000000 0.000000
18:32:59 0.300000 0.000000 3.650000 0.000000 187.069000 0.000000 -0.351000 0.000000 2604413.359000 530958.097000 23.549761 87.303322 0.000000 0.000000 0.000000 0.000000 0.000000 0.000000
18:33:00 0.300000 0.000000 3.650000 0.000000 187.069000 0.000000 -0.351000 0.000000 2604413.359000 530958.097000 23.549761 87.303322 0.000000 0.000000 0.000000 0.000000 0.000000 0.000000
18:33:00 0.300000 0.000000 3.650000 0.000000 187.069000 0.000000 -0.351000 0.000000 2604413.359000 530958.097000 23.549761 87.303322 0.000000 0.000000 0.000000 0.000000 0.000000 0.000000
18:33:01 0.300000 0.000000 3.650000 0.000000 187.069000 0.000000 -0.351000 0.000000 2604413.451000 530958.109000 23.549761 87.303322 0.000000 0.000000 0.000000 0.000000 0.000000 0.000000
18:33:01 0.300000 0.000000 3.650000 0.000000 187.069000 0.000000 -0.351000 0.000000 2604413.451000 530958.109000 23.549761 87.303322 0.000000 0.000000 0.000000 0.000000 0.000000 0.000000
18:33:01 0.300000 0.000000 3.650000 0.000000 187.069000 0.000000 -0.351000 0.000000 2604413.451000 530958.109000 23.549761 87.303322 0.000000 0.000000 0.000000 0.000000 0.000000 0.000000
18:33:02 0.300000 0.000000 3.650000 0.000000 187.069000 0.000000 -0.351000 0.000000 2604413.451000 530958.109000 23.549761 87.303322 0.000000 0.000000 0.000000 0.000000 0.000000 0.000000
18:33:02 0.300000 0.000000 3.650000 0.000000 187.069000 0.000000 -0.351000 0.000000 2604413.451000 530958.109000 23.549761 87.303322 0.000000 0.000000 0.000000 0.000000 0.000000 0.000000
18:33:03 0.300000 0.000000 3.650000 0.000000 187.069000 0.000000 -0.351000 0.000000 2604413.554000 530958.084000 23.549761 87.303322 0.000000 0.000000 0.000000 0.000000 0.000000 0.000000
18:33:03 0.300000 0.000000 3.650000 0.000000 187.069000 0.000000 -0.351000 0.000000 2604413.554000 530958.084000 23.549761 87.303322 0.000000 0.000000 0.000000 0.000000 0.000000 0.000000
18:33:03 0.300000 0.000000 3.650000 0.000000 187.069000 0.000000 -0.351000 0.000000 2604413.554000 530958.084000 23.549761 87.303322 0.000000 0.000000 0.000000 0.000000 0.000000 0.000000
18:33:04 0.300000 0.000000 3.650000 0.000000 187.069000 0.000000 -0.351000 0.000000 2604413.554000 530958.084000 23.549761 87.303322 0.000000 0.000000 0.000000 0.000000 0.000000 0.000000
18:33:04 0.300000 0.000000 3.650000 0.000000 187.069000 0.000000 -0.351000 0.000000 2604413.554000 530958.084000 23.549761 87.303322 0.000000 0.000000 0.000000 0.000000 0.000000 0.000000
18:33:05 0.300000 0.000000 3.650000 0.000000 187.069000 0.000000 -0.351000 0.000000 2604413.292000 530957.829000 23.549761 87.303322 0.000000 0.000000 0.000000 0.000000 0.000000 0.000000
18:33:05 0.300000 0.000000 3.650000 0.000000 187.069000 0.000000 -0.351000 0.000000 2604413.334000 530957.841000 23.549761 87.303322 0.000000 0.000000 0.000000 0.000000 0.000000 0.000000
18:33:05 0.300000 0.000000 3.650000 0.000000 187.069000 0.000000 -0.351000 0.000000 2604413.334000 530957.841000 23.549761 87.303322 0.000000 0.000000 0.000000 0.000000 0.000000 0.000000
18:33:06 0.300000 0.000000 3.650000 0.000000 187.069000 0.000000 -0.351000 0.000000 2604413.334000 530957.841000 23.549761 87.303322 0.000000 0.000000 0.000000 0.000000 0.000000 0.000000
18:33:06 0.300000 0.000000 3.650000 0.000000 187.069000 0.000000 -0.351000 0.000000 2604413.334000 530957.841000 23.549761 87.303322 0.000000 0.000000 0.000000 0.000000 0.000000 0.000000
18:33:07 0.300000 0.000000 3.650000 0.000000 187.069000 0.000000 -0.351000 0.000000 2604413.334000 530957.841000 23.549761 87.303322 0.000000 0.000000 0.000000 0.000000 0.000000 0.000000
18:33:07 0.300000 0.000000 3.650000 0.000000 187.069000 0.000000 -0.351000 0.000000 2604413.334000 530957.841000 23.549761 87.303322 0.000000 0.000000 0.000000 0.000000 0.000000 0.000000
18:33:07 0.300000 0.000000 3.650000 0.000000 187.069000 0.000000 -0.351000 0.000000 2604413.334000 530957.841000 23.549761 87.303322 0.000000 0.000000 0.000000 0.000000 0.000000 0.000000
18:33:08 0.300000 0.000000 3.650000 0.000000 187.069000 0.000000 -0.351000 0.000000 2604413.334000 530957.841000 23.549761 87.303322 0.000000 0.000000 0.000000 0.000000 0.000000 0.000000
18:33:08 0.300000 0.000000 3.650000 0.000000 187.069000 0.000000 -0.351000 0.000000 2604413.334000 530957.841000 23.549761 87.303322 0.000000 0.000000 0.000000 0.000000 0.000000 0.000000
