18:35:28 0.300000 0.000000 3.600000 0.000000 181.279999 0.000000 -0.381000 0.000000 2604415.189000 530947.380000 23.549782 87.303215 0.000000 0.000000 0.000000 0.000000 0.000000 0.000000
18:35:28 0.300000 0.000000 3.600000 0.000000 181.279999 0.000000 -0.381000 0.000000 2604415.189000 530947.380000 23.549782 87.303215 0.000000 0.000000 0.000000 0.000000 0.000000 0.000000
18:35:28 0.300000 0.000000 3.600000 0.000000 181.279999 0.000000 -0.381000 0.000000 2604415.189000 530947.380000 23.549782 87.303215 0.000000 0.000000 0.000000 0.000000 0.000000 0.000000
18:35:29 0.300000 0.000000 3.600000 0.000000 181.279999 0.000000 -0.381000 0.000000 2604415.189000 530947.380000 23.549782 87.303215 0.000000 0.000000 0.000000 0.000000 0.000000 0.000000
18:35:29 0.300000 0.000000 3.600000 0.000000 181.279999 0.000000 -0.381000 0.000000 2604415.189000 530947.380000 23.549782 87.303215 0.000000 0.000000 0.000000 0.000000 0.000000 0.000000
18:35:30 0.300000 0.000000 3.600000 0.000000 181.279999 0.000000 -0.381000 0.000000 2604415.189000 530947.380000 23.549782 87.303215 0.000000 0.000000 0.000000 0.000000 0.000000 0.000000
18:35:30 0.300000 0.000000 3.600000 0.000000 181.279999 0.000000 -0.381000 0.000000 2604415.189000 530947.380000 23.549782 87.303215 0.000000 0.000000 0.000000 0.000000 0.000000 0.000000
18:35:30 0.300000 0.000000 3.600000 0.000000 181.279999 0.000000 -0.381000 0.000000 2604415.189000 530947.380000 23.549782 87.303215 0.000000 0.000000 0.000000 0.000000 0.000000 0.000000
18:35:31 0.300000 0.000000 3.600000 0.000000 181.279999 0.000000 -0.381000 0.000000 2604415.189000 530947.380000 23.549782 87.303215 0.000000 0.000000 0.000000 0.000000 0.000000 0.000000
18:35:31 0.300000 0.000000 3.600000 0.000000 181.279999 0.000000 -0.381000 0.000000 2604415.189000 530947.380000 23.549782 87.303215 0.000000 0.000000 0.000000 0.000000 0.000000 0.000000
18:35:32 0.300000 0.000000 3.600000 0.000000 181.279999 0.000000 -0.381000 0.000000 2604415.189000 530947.380000 23.549782 87.303215 0.000000 0.000000 0.000000 0.000000 0.000000 0.000000
18:35:32 0.300000 0.000000 3.600000 0.000000 181.279999 0.000000 -0.381000 0.000000 2604415.189000 530947.380000 23.549782 87.303215 0.000000 0.000000 0.000000 0.000000 0.000000 0.000000
18:35:32 0.300000 0.000000 3.600000 0.000000 181.279999 0.000000 -0.381000 0.000000 2604415.189000 530947.380000 23.549782 87.303215 0.000000 0.000000 0.000000 0.000000 0.000000 0.000000
18:35:33 0.300000 0.000000 3.600000 0.000000 181.279999 0.000000 -0.381000 0.000000 2604415.189000 530947.380000 23.549782 87.303215 0.000000 0.000000 0.000000 0.000000 0.000000 0.000000
18:35:33 0.300000 0.000000 3.600000 0.000000 181.279999 0.000000 -0.381000 0.000000 2604415.189000 530947.380000 23.549782 87.303215 0.000000 0.000000 0.000000 0.000000 0.000000 0.000000
18:35:34 0.300000 0.000000 3.600000 0.000000 181.279999 0.000000 -0.381000 0.000000 2604415.189000 530947.380000 23.549782 87.303215 0.000000 0.000000 0.000000 0.000000 0.000000 0.000000
18:35:34 0.300000 0.000000 3.600000 0.000000 181.279999 0.000000 -0.381000 0.000000 2604415.189000 530947.380000 23.549782 87.303215 0.000000 0.000000 0.000000 0.000000 0.000000 0.000000
18:35:34 0.300000 0.000000 3.600000 0.000000 181.279999 0.000000 -0.381000 0.000000 2604415.189000 530947.380000 23.549782 87.303215 0.000000 0.000000 0.000000 0.000000 0.000000 0.000000
18:35:35 0.300000 0.000000 3.600000 0.000000 181.279999 0.000000 -0.381000 0.000000 2604415.189000 530947.380000 23.549782 87.303215 0.000000 0.000000 0.000000 0.000000 0.000000 0.000000
18:35:35 0.300000 0.000000 3.600000 0.000000 181.279999 0.000000 -0.381000 0.000000 2604415.189000 530947.380000 23.549782 87.303215 0.000000 0.000000 0.000000 0.000000 0.000000 0.000000
18:35:36 0.300000 0.000000 3.600000 0.000000 181.279999 0.000000 -0.381000 0.000000 2604415.189000 530947.380000 23.549782 87.303215 0.000000 0.000000 0.000000 0.000000 0.000000 0.000000
18:35:36 0.300000 0.000000 3.600000 0.000000 181.279999 0.000000 -0.381000 0.000000 2604415.189000 530947.380000 23.549782 87.303215 0.000000 0.000000 0.000000 0.000000 0.000000 0.000000
18:35:36 0.300000 0.000000 3.600000 0.000000 181.279999 0.000000 -0.381000 0.000000 2604415.189000 530947.380000 23.549782 87.303215 0.000000 0.000000 0.000000 0.000000 0.000000 0.000000
18:35:37 0.300000 0.000000 3.600000 0.000000 181.279999 0.000000 -0.381000 0.000000 2604415.189000 530947.380000 23.549782 87.303215 0.000000 0.000000 0.000000 0.000000 0.000000 0.000000
