17:44:26 0.500000 0.000000 0.000000 0.000000 96.542000 0.000000 0.387000 0.000000 1460935.182000 449170.736000 13.242230 80.535583 0.000000 0.000000 0.000000 0.000000 0.000000 0.000000
17:44:28 0.700000 0.000000 0.000000 0.000000 104.598999 0.000000 3.989000 0.000000 1460935.182000 449170.736000 13.214780 80.530869 0.000000 0.000000 0.000000 0.000000 0.000000 0.000000
17:44:29 0.900000 0.000000 0.000000 0.000000 104.598999 0.000000 3.989000 0.000000 1460935.182000 449170.736000 13.214780 80.530869 0.000000 0.000000 0.000000 0.000000 0.000000 0.000000
17:44:30 0.900000 0.000000 0.000000 0.000000 104.598999 0.000000 3.989000 0.000000 1460935.182000 449170.736000 13.214780 80.530869 0.000000 0.000000 0.000000 0.000000 0.000000 0.000000
17:44:31 0.700000 0.000000 0.000000 0.000000 104.598999 0.000000 3.989000 0.000000 1460935.182000 449170.736000 13.214780 80.530869 0.000000 0.000000 0.000000 0.000000 0.000000 0.000000
17:44:32 0.700000 0.000000 0.000000 0.000000 104.598999 0.000000 3.989000 0.000000 1460935.182000 449170.736000 13.214780 80.530869 0.000000 0.000000 0.000000 0.000000 0.000000 0.000000
17:44:34 0.700000 0.000000 0.000000 0.000000 104.598999 0.000000 3.989000 0.000000 1460935.182000 449170.736000 13.214780 80.530869 0.000000 0.000000 0.000000 0.000000 0.000000 0.000000
17:44:35 0.600000 0.000000 0.000000 0.000000 104.598999 0.000000 3.989000 0.000000 1460935.182000 449170.736000 13.214780 80.530869 0.000000 0.000000 0.000000 0.000000 0.000000 0.000000
17:44:36 0.700000 0.000000 0.000000 0.000000 104.598999 0.000000 3.989000 0.000000 1460935.182000 449170.736000 13.214780 80.530869 0.000000 0.000000 0.000000 0.000000 0.000000 0.000000
17:44:37 0.800000 0.000000 0.000000 0.000000 104.598999 0.000000 3.989000 0.000000 1460935.182000 449170.736000 13.214780 80.530869 0.000000 0.000000 0.000000 0.000000 0.000000 0.000000
17:44:38 0.800000 0.000000 0.000000 0.000000 104.598999 0.000000 3.989000 0.000000 1460935.182000 449170.736000 13.214780 80.530869 0.000000 0.000000 0.000000 0.000000 0.000000 0.000000
17:44:40 0.800000 0.000000 0.000000 0.000000 104.598999 0.000000 3.989000 0.000000 1460935.182000 449170.736000 13.214780 80.530869 0.000000 0.000000 0.000000 0.000000 0.000000 0.000000
17:44:41 0.800000 0.000000 0.000000 0.000000 104.598999 0.000000 3.989000 0.000000 1460935.182000 449170.736000 13.214780 80.530869 0.000000 0.000000 0.000000 0.000000 0.000000 0.000000
17:44:42 1.100000 0.000000 0.000000 0.000000 104.598999 0.000000 3.989000 0.000000 1460935.182000 449170.736000 13.214780 80.530869 0.000000 0.000000 0.000000 0.000000 0.000000 0.000000
17:44:43 1.100000 0.000000 0.000000 0.000000 104.598999 0.000000 3.989000 0.000000 1460935.182000 449170.736000 13.214780 80.530869 0.000000 0.000000 0.000000 0.000000 0.000000 0.000000
17:44:44 0.700000 0.000000 0.000000 0.000000 104.598999 0.000000 3.989000 0.000000 1460935.182000 449170.736000 13.214780 80.530869 0.000000 0.000000 0.000000 0.000000 0.000000 0.000000
17:44:46 0.700000 0.000000 0.000000 0.000000 104.598999 0.000000 3.989000 0.000000 1460935.182000 449170.736000 13.214780 80.530869 0.000000 0.000000 0.000000 0.000000 0.000000 0.000000
17:44:47 0.600000 0.000000 0.000000 0.000000 104.598999 0.000000 3.989000 0.000000 1460935.182000 449170.736000 13.214780 80.530869 0.000000 0.000000 0.000000 0.000000 0.000000 0.000000
17:44:48 0.800000 0.000000 0.000000 0.000000 104.598999 0.000000 3.989000 0.000000 1460935.182000 449170.736000 13.214780 80.530869 0.000000 0.000000 0.000000 0.000000 0.000000 0.000000
17:44:49 1.000000 0.000000 0.000000 0.000000 104.598999 0.000000 3.989000 0.000000 1460935.182000 449170.736000 13.214780 80.530869 0.000000 0.000000 0.000000 0.000000 0.000000 0.000000
17:44:50 1.000000 0.000000 0.000000 0.000000 104.598999 0.000000 3.989000 0.000000 1460935.182000 449170.736000 13.214780 80.530869 0.000000 0.000000 0.000000 0.000000 0.000000 0.000000
17:44:52 1.100000 0.000000 0.000000 0.000000 104.598999 0.000000 3.989000 0.000000 1460935.182000 449170.736000 13.214780 80.530869 0.000000 0.000000 0.000000 0.000000 0.000000 0.000000
17:44:53 1.100000 0.000000 0.000000 0.000000 104.598999 0.000000 3.989000 0.000000 1460935.182000 449170.736000 13.214780 80.530869 0.000000 0.000000 0.000000 0.000000 0.000000 0.000000
17:44:54 1.100000 0.000000 0.000000 0.000000 104.598999 0.000000 3.989000 0.000000 1460935.182000 449170.736000 13.214780 80.530869 0.000000 0.000000 0.000000 0.000000 0.000000 0.000000
17:44:55 1.400000 0.000000 0.000000 0.000000 104.598999 0.000000 3.989000 0.000000 1460935.182000 449170.736000 13.214780 80.530869 0.000000 0.000000 0.000000 0.000000 0.000000 0.000000
17:44:56 1.500000 0.000000 0.000000 0.000000 104.598999 0.000000 3.989000 0.000000 1460935.182000 449170.736000 13.214780 80.530869 0.000000 0.000000 0.000000 0.000000 0.000000 0.000000
17:44:58 2.000000 0.000000 0.000000 0.000000 104.598999 0.000000 3.989000 0.000000 1460935.182000 449170.736000 13.214780 80.530869 0.000000 0.000000 0.000000 0.000000 0.000000 0.000000
17:44:59 2.000000 0.000000 0.000000 0.000000 104.598999 0.000000 3.989000 0.000000 1460935.182000 449170.736000 13.214780 80.530869 0.000000 0.000000 0.000000 0.000000 0.000000 0.000000
17:45:00 2.100000 0.000000 0.000000 0.000000 104.598999 0.000000 3.989000 0.000000 1460935.182000 449170.736000 13.214780 80.530869 0.000000 0.000000 0.000000 0.000000 0.000000 0.000000
17:45:01 2.000000 0.000000 0.000000 0.000000 104.598999 0.000000 3.989000 0.000000 1460935.182000 449170.736000 13.214780 80.530869 0.000000 0.000000 0.000000 0.000000 0.000000 0.000000
17:45:02 1.800000 0.000000 0.000000 0.000000 104.598999 0.000000 3.989000 0.000000 1460935.182000 449170.736000 13.214780 80.530869 0.000000 0.000000 0.000000 0.000000 0.000000 0.000000
17:45:04 1.000000 0.000000 0.000000 0.000000 104.598999 0.000000 3.989000 0.000000 1460935.182000 449170.736000 13.214780 80.530869 0.000000 0.000000 0.000000 0.000000 0.000000 0.000000
17:45:05 1.000000 0.000000 0.000000 0.000000 104.598999 0.000000 3.989000 0.000000 1460935.182000 449170.736000 13.214780 80.530869 0.000000 0.000000 0.000000 0.000000 0.000000 0.000000
17:45:06 0.700000 0.000000 0.000000 0.000000 104.598999 0.000000 3.989000 0.000000 1460935.182000 449170.736000 13.214780 80.530869 0.000000 0.000000 0.000000 0.000000 0.000000 0.000000
17:45:07 0.600000 0.000000 0.000000 0.000000 104.598999 0.000000 3.989000 0.000000 1460935.182000 449170.736000 13.214780 80.530869 0.000000 0.000000 0.000000 0.000000 0.000000 0.000000
17:45:08 0.700000 0.000000 0.000000 0.000000 104.598999 0.000000 3.989000 0.000000 1460935.182000 449170.736000 13.214780 80.530869 0.000000 0.000000 0.000000 0.000000 0.000000 0.000000
17:45:10 0.800000 0.000000 0.000000 0.000000 104.598999 0.000000 3.989000 0.000000 1460935.182000 449170.736000 13.214780 80.530869 0.000000 0.000000 0.000000 0.000000 0.000000 0.000000
17:45:11 0.800000 0.000000 0.000000 0.000000 104.598999 0.000000 3.989000 0.000000 1460935.182000 449170.736000 13.214780 80.530869 0.000000 0.000000 0.000000 0.000000 0.000000 0.000000
17:45:12 0.900000 0.000000 0.000000 0.000000 104.598999 0.000000 3.989000 0.000000 1460935.182000 449170.736000 13.214780 80.530869 0.000000 0.000000 0.000000 0.000000 0.000000 0.000000
17:45:13 1.100000 0.000000 0.000000 0.000000 104.598999 0.000000 3.989000 0.000000 1460935.182000 449170.736000 13.214780 80.530869 0.000000 0.000000 0.000000 0.000000 0.000000 0.000000
17:45:14 1.300000 0.000000 0.000000 0.000000 104.598999 0.000000 3.989000 0.000000 1460935.182000 449170.736000 13.214780 80.530869 0.000000 0.000000 0.000000 0.000000 0.000000 0.000000
17:45:16 1.400000 0.000000 0.000000 0.000000 104.598999 0.000000 3.989000 0.000000 1460935.182000 449170.736000 13.214780 80.530869 0.000000 0.000000 0.000000 0.000000 0.000000 0.000000
17:45:17 1.400000 0.000000 0.000000 0.000000 104.598999 0.000000 3.989000 0.000000 1460935.182000 449170.736000 13.214780 80.530869 0.000000 0.000000 0.000000 0.000000 0.000000 0.000000
17:45:18 1.400000 0.000000 0.000000 0.000000 104.598999 0.000000 3.989000 0.000000 1460935.182000 449170.736000 13.214780 80.530869 0.000000 0.000000 0.000000 0.000000 0.000000 0.000000
17:45:19 1.500000 0.000000 0.000000 0.000000 104.598999 0.000000 3.989000 0.000000 1460935.182000 449170.736000 13.214780 80.530869 0.000000 0.000000 0.000000 0.000000 0.000000 0.000000
17:45:20 1.500000 0.000000 0.000000 0.000000 104.598999 0.000000 3.989000 0.000000 1460935.182000 449170.736000 13.214780 80.530869 0.000000 0.000000 0.000000 0.000000 0.000000 0.000000
17:45:22 1.700000 0.000000 0.000000 0.000000 104.598999 0.000000 3.989000 0.000000 1460935.182000 449170.736000 13.214780 80.530869 0.000000 0.000000 0.000000 0.000000 0.000000 0.000000
17:45:23 1.800000 0.000000 0.000000 0.000000 104.598999 0.000000 3.989000 0.000000 1460935.182000 449170.736000 13.214780 80.530869 0.000000 0.000000 0.000000 0.000000 0.000000 0.000000
17:45:24 1.800000 0.000000 0.000000 0.000000 104.598999 0.000000 3.989000 0.000000 1460935.182000 449170.736000 13.214780 80.530869 0.000000 0.000000 0.000000 0.000000 0.000000 0.000000
17:45:25 1.900000 0.000000 0.000000 0.000000 104.598999 0.000000 3.989000 0.000000 1460935.182000 449170.736000 13.214780 80.530869 0.000000 0.000000 0.000000 0.000000 0.000000 0.000000
17:45:26 2.000000 0.000000 0.000000 0.000000 104.598999 0.000000 3.989000 0.000000 1460935.182000 449170.736000 13.214780 80.530869 0.000000 0.000000 0.000000 0.000000 0.000000 0.000000
17:45:28 2.100000 0.000000 0.000000 0.000000 104.598999 0.000000 3.989000 0.000000 1460935.182000 449170.736000 13.214780 80.530869 0.000000 0.000000 0.000000 0.000000 0.000000 0.000000
17:45:29 2.100000 0.000000 0.000000 0.000000 104.598999 0.000000 3.989000 0.000000 1460935.182000 449170.736000 13.214780 80.530869 0.000000 0.000000 0.000000 0.000000 0.000000 0.000000
17:45:30 2.100000 0.000000 0.000000 0.000000 104.598999 0.000000 3.989000 0.000000 1460935.182000 449170.736000 13.214780 80.530869 0.000000 0.000000 0.000000 0.000000 0.000000 0.000000
17:45:31 2.100000 0.000000 0.000000 0.000000 104.598999 0.000000 3.989000 0.000000 1460935.182000 449170.736000 13.214780 80.530869 0.000000 0.000000 0.000000 0.000000 0.000000 0.000000
17:45:32 2.200000 0.000000 0.000000 0.000000 104.598999 0.000000 3.989000 0.000000 1460935.182000 449170.736000 13.214780 80.530869 0.000000 0.000000 0.000000 0.000000 0.000000 0.000000
17:45:34 2.300000 0.000000 0.000000 0.000000 104.598999 0.000000 3.989000 0.000000 1460935.182000 449170.736000 13.214780 80.530869 0.000000 0.000000 0.000000 0.000000 0.000000 0.000000
17:45:35 2.300000 0.000000 0.000000 0.000000 104.598999 0.000000 3.989000 0.000000 1460935.182000 449170.736000 13.214780 80.530869 0.000000 0.000000 0.000000 0.000000 0.000000 0.000000
17:45:36 2.300000 0.000000 0.000000 0.000000 104.598999 0.000000 3.989000 0.000000 1460935.182000 449170.736000 13.214780 80.530869 0.000000 0.000000 0.000000 0.000000 0.000000 0.000000
17:45:37 2.400000 0.000000 0.000000 0.000000 104.598999 0.000000 3.989000 0.000000 1460935.182000 449170.736000 13.214780 80.530869 0.000000 0.000000 0.000000 0.000000 0.000000 0.000000
17:45:38 2.500000 0.000000 0.000000 0.000000 104.598999 0.000000 3.989000 0.000000 1460935.182000 449170.736000 13.214780 80.530869 0.000000 0.000000 0.000000 0.000000 0.000000 0.000000
17:45:40 2.500000 0.000000 0.000000 0.000000 104.598999 0.000000 3.989000 0.000000 1460935.182000 449170.736000 13.214780 80.530869 0.000000 0.000000 0.000000 0.000000 0.000000 0.000000
17:45:41 2.500000 0.000000 0.000000 0.000000 104.598999 0.000000 3.989000 0.000000 1460935.182000 449170.736000 13.214780 80.530869 0.000000 0.000000 0.000000 0.000000 0.000000 0.000000
17:45:42 2.600000 0.000000 0.000000 0.000000 104.598999 0.000000 3.989000 0.000000 1460935.182000 449170.736000 13.214780 80.530869 0.000000 0.000000 0.000000 0.000000 0.000000 0.000000
17:45:43 2.600000 0.000000 0.000000 0.000000 104.598999 0.000000 3.989000 0.000000 1460935.182000 449170.736000 13.214780 80.530869 0.000000 0.000000 0.000000 0.000000 0.000000 0.000000
17:45:44 2.500000 0.000000 0.000000 0.000000 104.598999 0.000000 3.989000 0.000000 1460935.182000 449170.736000 13.214780 80.530869 0.000000 0.000000 0.000000 0.000000 0.000000 0.000000
17:45:46 2.600000 0.000000 0.000000 0.000000 104.598999 0.000000 3.989000 0.000000 1460935.182000 449170.736000 13.214780 80.530869 0.000000 0.000000 0.000000 0.000000 0.000000 0.000000
17:45:47 2.500000 0.000000 0.000000 0.000000 104.598999 0.000000 3.989000 0.000000 1460935.182000 449170.736000 13.214780 80.530869 0.000000 0.000000 0.000000 0.000000 0.000000 0.000000
17:45:48 2.500000 0.000000 0.000000 0.000000 104.598999 0.000000 3.989000 0.000000 1460935.182000 449170.736000 13.214780 80.530869 0.000000 0.000000 0.000000 0.000000 0.000000 0.000000
17:45:49 2.500000 0.000000 0.000000 0.000000 104.598999 0.000000 3.989000 0.000000 1460935.182000 449170.736000 13.214780 80.530869 0.000000 0.000000 0.000000 0.000000 0.000000 0.000000
17:45:50 2.500000 0.000000 0.000000 0.000000 104.598999 0.000000 3.989000 0.000000 1460935.182000 449170.736000 13.214780 80.530869 0.000000 0.000000 0.000000 0.000000 0.000000 0.000000
17:45:52 2.500000 0.000000 0.000000 0.000000 104.598999 0.000000 3.989000 0.000000 1460935.182000 449170.736000 13.214780 80.530869 0.000000 0.000000 0.000000 0.000000 0.000000 0.000000
17:45:53 2.500000 0.000000 0.000000 0.000000 104.598999 0.000000 3.989000 0.000000 1460935.182000 449170.736000 13.214780 80.530869 0.000000 0.000000 0.000000 0.000000 0.000000 0.000000
17:45:54 2.500000 0.000000 0.000000 0.000000 104.598999 0.000000 3.989000 0.000000 1460935.182000 449170.736000 13.214780 80.530869 0.000000 0.000000 0.000000 0.000000 0.000000 0.000000
17:45:55 2.600000 0.000000 0.000000 0.000000 104.598999 0.000000 3.989000 0.000000 1460935.182000 449170.736000 13.214780 80.530869 0.000000 0.000000 0.000000 0.000000 0.000000 0.000000
17:45:56 2.600000 0.000000 0.000000 0.000000 104.598999 0.000000 3.989000 0.000000 1460935.182000 449170.736000 13.214780 80.530869 0.000000 0.000000 0.000000 0.000000 0.000000 0.000000
17:45:58 2.600000 0.000000 0.000000 0.000000 104.598999 0.000000 3.989000 0.000000 1460935.182000 449170.736000 13.214780 80.530869 0.000000 0.000000 0.000000 0.000000 0.000000 0.000000
17:45:59 2.600000 0.000000 0.000000 0.000000 104.598999 0.000000 3.989000 0.000000 1460935.182000 449170.736000 13.214780 80.530869 0.000000 0.000000 0.000000 0.000000 0.000000 0.000000
17:46:00 2.600000 0.000000 0.000000 0.000000 104.598999 0.000000 3.989000 0.000000 1460935.182000 449170.736000 13.214780 80.530869 0.000000 0.000000 0.000000 0.000000 0.000000 0.000000
17:46:01 2.600000 0.000000 0.000000 0.000000 104.598999 0.000000 3.989000 0.000000 1460935.182000 449170.736000 13.214780 80.530869 0.000000 0.000000 0.000000 0.000000 0.000000 0.000000
17:46:02 2.600000 0.000000 0.000000 0.000000 104.598999 0.000000 3.989000 0.000000 1460935.182000 449170.736000 13.214780 80.530869 0.000000 0.000000 0.000000 0.000000 0.000000 0.000000
17:46:04 2.600000 0.000000 0.000000 0.000000 104.598999 0.000000 3.989000 0.000000 1460935.182000 449170.736000 13.214780 80.530869 0.000000 0.000000 0.000000 0.000000 0.000000 0.000000
17:46:05 2.600000 0.000000 0.000000 0.000000 104.598999 0.000000 3.989000 0.000000 1460935.182000 449170.736000 13.214780 80.530869 0.000000 0.000000 0.000000 0.000000 0.000000 0.000000
17:46:06 2.600000 0.000000 0.000000 0.000000 104.598999 0.000000 3.989000 0.000000 1460935.182000 449170.736000 13.214780 80.530869 0.000000 0.000000 0.000000 0.000000 0.000000 0.000000
17:46:07 2.600000 0.000000 0.000000 0.000000 104.598999 0.000000 3.989000 0.000000 1460935.182000 449170.736000 13.214780 80.530869 0.000000 0.000000 0.000000 0.000000 0.000000 0.000000
17:46:08 2.600000 0.000000 0.000000 0.000000 104.598999 0.000000 3.989000 0.000000 1460935.182000 449170.736000 13.214780 80.530869 0.000000 0.000000 0.000000 0.000000 0.000000 0.000000
17:46:10 2.600000 0.000000 0.000000 0.000000 104.598999 0.000000 3.989000 0.000000 1460935.182000 449170.736000 13.214780 80.530869 0.000000 0.000000 0.000000 0.000000 0.000000 0.000000
17:46:11 2.600000 0.000000 0.000000 0.000000 104.598999 0.000000 3.989000 0.000000 1460935.182000 449170.736000 13.214780 80.530869 0.000000 0.000000 0.000000 0.000000 0.000000 0.000000
17:46:12 2.600000 0.000000 0.000000 0.000000 104.598999 0.000000 3.989000 0.000000 1460935.182000 449170.736000 13.214780 80.530869 0.000000 0.000000 0.000000 0.000000 0.000000 0.000000
17:46:13 2.600000 0.000000 0.000000 0.000000 104.598999 0.000000 3.989000 0.000000 1460935.182000 449170.736000 13.214780 80.530869 0.000000 0.000000 0.000000 0.000000 0.000000 0.000000
17:46:14 2.600000 0.000000 0.000000 0.000000 104.598999 0.000000 3.989000 0.000000 1460935.182000 449170.736000 13.214780 80.530869 0.000000 0.000000 0.000000 0.000000 0.000000 0.000000
17:46:16 2.600000 0.000000 0.000000 0.000000 104.598999 0.000000 3.989000 0.000000 1460935.182000 449170.736000 13.214780 80.530869 0.000000 0.000000 0.000000 0.000000 0.000000 0.000000
17:46:17 2.600000 0.000000 0.000000 0.000000 104.598999 0.000000 3.989000 0.000000 1460935.182000 449170.736000 13.214780 80.530869 0.000000 0.000000 0.000000 0.000000 0.000000 0.000000
17:46:18 2.600000 0.000000 0.000000 0.000000 104.598999 0.000000 3.989000 0.000000 1460935.182000 449170.736000 13.214780 80.530869 0.000000 0.000000 0.000000 0.000000 0.000000 0.000000
17:46:19 2.600000 0.000000 0.000000 0.000000 104.598999 0.000000 3.989000 0.000000 1460935.182000 449170.736000 13.214780 80.530869 0.000000 0.000000 0.000000 0.000000 0.000000 0.000000
17:46:20 2.600000 0.000000 0.000000 0.000000 104.598999 0.000000 3.989000 0.000000 1460935.182000 449170.736000 13.214780 80.530869 0.000000 0.000000 0.000000 0.000000 0.000000 0.000000
17:46:22 2.600000 0.000000 0.000000 0.000000 104.598999 0.000000 3.989000 0.000000 1460935.182000 449170.736000 13.214780 80.530869 0.000000 0.000000 0.000000 0.000000 0.000000 0.000000
17:46:23 2.700000 0.000000 0.000000 0.000000 104.598999 0.000000 3.989000 0.000000 1460935.182000 449170.736000 13.214780 80.530869 0.000000 0.000000 0.000000 0.000000 0.000000 0.000000
17:46:24 2.700000 0.000000 0.000000 0.000000 104.598999 0.000000 3.989000 0.000000 1460935.182000 449170.736000 13.214780 80.530869 0.000000 0.000000 0.000000 0.000000 0.000000 0.000000
17:46:25 2.700000 0.000000 0.000000 0.000000 104.598999 0.000000 3.989000 0.000000 1460935.182000 449170.736000 13.214780 80.530869 0.000000 0.000000 0.000000 0.000000 0.000000 0.000000
17:46:26 2.700000 0.000000 0.000000 0.000000 104.598999 0.000000 3.989000 0.000000 1460935.182000 449170.736000 13.214780 80.530869 0.000000 0.000000 0.000000 0.000000 0.000000 0.000000
17:46:28 2.700000 0.000000 0.000000 0.000000 104.598999 0.000000 3.989000 0.000000 1460935.182000 449170.736000 13.214780 80.530869 0.000000 0.000000 0.000000 0.000000 0.000000 0.000000
17:46:29 2.700000 0.000000 0.000000 0.000000 104.598999 0.000000 3.989000 0.000000 1460935.182000 449170.736000 13.214780 80.530869 0.000000 0.000000 0.000000 0.000000 0.000000 0.000000
17:46:30 2.700000 0.000000 0.000000 0.000000 104.598999 0.000000 3.989000 0.000000 1460935.182000 449170.736000 13.214780 80.530869 0.000000 0.000000 0.000000 0.000000 0.000000 0.000000
17:46:31 2.700000 0.000000 0.000000 0.000000 104.598999 0.000000 3.989000 0.000000 1460935.182000 449170.736000 13.214780 80.530869 0.000000 0.000000 0.000000 0.000000 0.000000 0.000000
17:46:32 2.700000 0.000000 0.000000 0.000000 104.598999 0.000000 3.989000 0.000000 1460935.182000 449170.736000 13.214780 80.530869 0.000000 0.000000 0.000000 0.000000 0.000000 0.000000
17:46:34 2.700000 0.000000 0.000000 0.000000 104.598999 0.000000 3.989000 0.000000 1460935.182000 449170.736000 13.214780 80.530869 0.000000 0.000000 0.000000 0.000000 0.000000 0.000000
17:46:35 2.700000 0.000000 0.000000 0.000000 104.598999 0.000000 3.989000 0.000000 1460935.182000 449170.736000 13.214780 80.530869 0.000000 0.000000 0.000000 0.000000 0.000000 0.000000
17:46:36 2.600000 0.000000 0.000000 0.000000 104.598999 0.000000 3.989000 0.000000 1460935.182000 449170.736000 13.214780 80.530869 0.000000 0.000000 0.000000 0.000000 0.000000 0.000000
17:46:37 2.500000 0.000000 0.000000 0.000000 104.598999 0.000000 3.989000 0.000000 1460935.182000 449170.736000 13.214780 80.530869 0.000000 0.000000 0.000000 0.000000 0.000000 0.000000
17:46:38 2.600000 0.000000 0.000000 0.000000 104.598999 0.000000 3.989000 0.000000 1460935.182000 449170.736000 13.214780 80.530869 0.000000 0.000000 0.000000 0.000000 0.000000 0.000000
17:46:40 2.600000 0.000000 0.000000 0.000000 104.598999 0.000000 3.989000 0.000000 1460935.182000 449170.736000 13.214780 80.530869 0.000000 0.000000 0.000000 0.000000 0.000000 0.000000
17:46:41 2.600000 0.000000 0.000000 0.000000 104.598999 0.000000 3.989000 0.000000 1460935.182000 449170.736000 13.214780 80.530869 0.000000 0.000000 0.000000 0.000000 0.000000 0.000000
17:46:42 2.700000 0.000000 0.000000 0.000000 104.598999 0.000000 3.989000 0.000000 1460935.182000 449170.736000 13.214780 80.530869 0.000000 0.000000 0.000000 0.000000 0.000000 0.000000
17:46:43 2.800000 0.000000 0.000000 0.000000 104.598999 0.000000 3.989000 0.000000 1460935.182000 449170.736000 13.214780 80.530869 0.000000 0.000000 0.000000 0.000000 0.000000 0.000000
17:46:44 2.800000 0.000000 0.000000 0.000000 104.598999 0.000000 3.989000 0.000000 1460935.182000 449170.736000 13.214780 80.530869 0.000000 0.000000 0.000000 0.000000 0.000000 0.000000
17:46:46 2.800000 0.000000 0.000000 0.000000 104.598999 0.000000 3.989000 0.000000 1460935.182000 449170.736000 13.214780 80.530869 0.000000 0.000000 0.000000 0.000000 0.000000 0.000000
17:46:47 2.900000 0.000000 0.000000 0.000000 104.598999 0.000000 3.989000 0.000000 1460935.182000 449170.736000 13.214780 80.530869 0.000000 0.000000 0.000000 0.000000 0.000000 0.000000
17:46:48 3.000000 0.000000 0.000000 0.000000 104.598999 0.000000 3.989000 0.000000 1460935.182000 449170.736000 13.214780 80.530869 0.000000 0.000000 0.000000 0.000000 0.000000 0.000000
17:46:49 3.000000 0.000000 0.000000 0.000000 104.598999 0.000000 3.989000 0.000000 1460935.182000 449170.736000 13.214780 80.530869 0.000000 0.000000 0.000000 0.000000 0.000000 0.000000
17:46:50 3.100000 0.000000 0.000000 0.000000 104.598999 0.000000 3.989000 0.000000 1460935.182000 449170.736000 13.214780 80.530869 0.000000 0.000000 0.000000 0.000000 0.000000 0.000000
17:46:52 3.100000 0.000000 0.000000 0.000000 104.598999 0.000000 3.989000 0.000000 1460935.182000 449170.736000 13.214780 80.530869 0.000000 0.000000 0.000000 0.000000 0.000000 0.000000
17:46:53 3.000000 0.000000 0.000000 0.000000 104.598999 0.000000 3.989000 0.000000 1460935.182000 449170.736000 13.214780 80.530869 0.000000 0.000000 0.000000 0.000000 0.000000 0.000000
17:46:54 3.100000 0.000000 0.000000 0.000000 104.598999 0.000000 3.989000 0.000000 1460935.182000 449170.736000 13.214780 80.530869 0.000000 0.000000 0.000000 0.000000 0.000000 0.000000
17:46:55 3.200000 0.000000 0.000000 0.000000 104.598999 0.000000 3.989000 0.000000 1460935.182000 449170.736000 13.214780 80.530869 0.000000 0.000000 0.000000 0.000000 0.000000 0.000000
17:46:56 3.200000 0.000000 0.000000 0.000000 104.598999 0.000000 3.989000 0.000000 1460935.182000 449170.736000 13.214780 80.530869 0.000000 0.000000 0.000000 0.000000 0.000000 0.000000
17:46:58 3.200000 0.000000 0.000000 0.000000 104.598999 0.000000 3.989000 0.000000 1460935.182000 449170.736000 13.214780 80.530869 0.000000 0.000000 0.000000 0.000000 0.000000 0.000000
17:46:59 3.300000 0.000000 0.000000 0.000000 104.598999 0.000000 3.989000 0.000000 1460935.182000 449170.736000 13.214780 80.530869 0.000000 0.000000 0.000000 0.000000 0.000000 0.000000
17:47:00 3.300000 0.000000 0.000000 0.000000 104.598999 0.000000 3.989000 0.000000 1460935.182000 449170.736000 13.214780 80.530869 0.000000 0.000000 0.000000 0.000000 0.000000 0.000000
17:47:01 3.400000 0.000000 0.000000 0.000000 104.598999 0.000000 3.989000 0.000000 1460935.182000 449170.736000 13.214780 80.530869 0.000000 0.000000 0.000000 0.000000 0.000000 0.000000
17:47:02 3.500000 0.000000 0.000000 0.000000 104.598999 0.000000 3.989000 0.000000 1460935.182000 449170.736000 13.214780 80.530869 0.000000 0.000000 0.000000 0.000000 0.000000 0.000000
17:47:04 3.500000 0.000000 0.000000 0.000000 104.598999 0.000000 3.989000 0.000000 1460935.182000 449170.736000 13.214780 80.530869 0.000000 0.000000 0.000000 0.000000 0.000000 0.000000
17:47:05 3.600000 0.000000 0.000000 0.000000 104.598999 0.000000 3.989000 0.000000 1460935.182000 449170.736000 13.214780 80.530869 0.000000 0.000000 0.000000 0.000000 0.000000 0.000000
17:47:06 3.700000 0.000000 0.000000 0.000000 104.598999 0.000000 3.989000 0.000000 1460935.182000 449170.736000 13.214780 80.530869 0.000000 0.000000 0.000000 0.000000 0.000000 0.000000
17:47:07 3.700000 0.000000 0.000000 0.000000 104.598999 0.000000 3.989000 0.000000 1460935.182000 449170.736000 13.214780 80.530869 0.000000 0.000000 0.000000 0.000000 0.000000 0.000000
17:47:08 3.900000 0.000000 0.000000 0.000000 104.598999 0.000000 3.989000 0.000000 1460935.182000 449170.736000 13.214780 80.530869 0.000000 0.000000 0.000000 0.000000 0.000000 0.000000
17:47:10 3.900000 0.000000 0.000000 0.000000 104.598999 0.000000 3.989000 0.000000 1460935.182000 449170.736000 13.214780 80.530869 0.000000 0.000000 0.000000 0.000000 0.000000 0.000000
17:47:11 3.900000 0.000000 0.000000 0.000000 104.598999 0.000000 3.989000 0.000000 1460935.182000 449170.736000 13.214780 80.530869 0.000000 0.000000 0.000000 0.000000 0.000000 0.000000
17:47:12 3.900000 0.000000 0.000000 0.000000 104.598999 0.000000 3.989000 0.000000 1460935.182000 449170.736000 13.214780 80.530869 0.000000 0.000000 0.000000 0.000000 0.000000 0.000000
17:47:13 4.000000 0.000000 0.000000 0.000000 104.598999 0.000000 3.989000 0.000000 1460935.182000 449170.736000 13.214780 80.530869 0.000000 0.000000 0.000000 0.000000 0.000000 0.000000
17:47:14 4.100000 0.000000 0.000000 0.000000 104.598999 0.000000 3.989000 0.000000 1460935.182000 449170.736000 13.214780 80.530869 0.000000 0.000000 0.000000 0.000000 0.000000 0.000000
17:47:16 4.100000 0.000000 0.000000 0.000000 104.598999 0.000000 3.989000 0.000000 1460935.182000 449170.736000 13.214780 80.530869 0.000000 0.000000 0.000000 0.000000 0.000000 0.000000
17:47:17 4.100000 0.000000 0.000000 0.000000 104.598999 0.000000 3.989000 0.000000 1460935.182000 449170.736000 13.214780 80.530869 0.000000 0.000000 0.000000 0.000000 0.000000 0.000000
17:47:18 4.200000 0.000000 0.000000 0.000000 104.598999 0.000000 3.989000 0.000000 1460935.182000 449170.736000 13.214780 80.530869 0.000000 0.000000 0.000000 0.000000 0.000000 0.000000
17:47:19 4.200000 0.000000 0.000000 0.000000 104.598999 0.000000 3.989000 0.000000 1460935.182000 449170.736000 13.214780 80.530869 0.000000 0.000000 0.000000 0.000000 0.000000 0.000000
17:47:20 4.300000 0.000000 0.000000 0.000000 104.598999 0.000000 3.989000 0.000000 1460935.182000 449170.736000 13.214780 80.530869 0.000000 0.000000 0.000000 0.000000 0.000000 0.000000
17:47:22 4.400000 0.000000 0.000000 0.000000 104.598999 0.000000 3.989000 0.000000 1460935.182000 449170.736000 13.214780 80.530869 0.000000 0.000000 0.000000 0.000000 0.000000 0.000000
17:47:23 4.400000 0.000000 0.000000 0.000000 104.598999 0.000000 3.989000 0.000000 1460935.182000 449170.736000 13.214780 80.530869 0.000000 0.000000 0.000000 0.000000 0.000000 0.000000
17:47:24 4.600000 0.000000 0.000000 0.000000 104.598999 0.000000 3.989000 0.000000 1460935.182000 449170.736000 13.214780 80.530869 0.000000 0.000000 0.000000 0.000000 0.000000 0.000000
17:47:25 4.600000 0.000000 0.000000 0.000000 104.598999 0.000000 3.989000 0.000000 1460935.182000 449170.736000 13.214780 80.530869 0.000000 0.000000 0.000000 0.000000 0.000000 0.000000
17:47:26 4.600000 0.000000 0.000000 0.000000 104.598999 0.000000 3.989000 0.000000 1460935.182000 449170.736000 13.214780 80.530869 0.000000 0.000000 0.000000 0.000000 0.000000 0.000000
17:47:28 4.700000 0.000000 0.000000 0.000000 104.598999 0.000000 3.989000 0.000000 1460935.182000 449170.736000 13.214780 80.530869 0.000000 0.000000 0.000000 0.000000 0.000000 0.000000
17:47:29 4.700000 0.000000 0.000000 0.000000 104.598999 0.000000 3.989000 0.000000 1460935.182000 449170.736000 13.214780 80.530869 0.000000 0.000000 0.000000 0.000000 0.000000 0.000000
17:47:30 4.800000 0.000000 0.000000 0.000000 104.598999 0.000000 3.989000 0.000000 1460935.182000 449170.736000 13.214780 80.530869 0.000000 0.000000 0.000000 0.000000 0.000000 0.000000
17:47:31 4.800000 0.000000 0.000000 0.000000 104.598999 0.000000 3.989000 0.000000 1460935.182000 449170.736000 13.214780 80.530869 0.000000 0.000000 0.000000 0.000000 0.000000 0.000000
17:47:32 4.900000 0.000000 0.000000 0.000000 104.598999 0.000000 3.989000 0.000000 1460935.182000 449170.736000 13.214780 80.530869 0.000000 0.000000 0.000000 0.000000 0.000000 0.000000
17:47:34 4.900000 0.000000 0.000000 0.000000 104.598999 0.000000 3.989000 0.000000 1460935.182000 449170.736000 13.214780 80.530869 0.000000 0.000000 0.000000 0.000000 0.000000 0.000000
17:47:35 5.000000 0.000000 0.000000 0.000000 104.598999 0.000000 3.989000 0.000000 1460935.182000 449170.736000 13.214780 80.530869 0.000000 0.000000 0.000000 0.000000 0.000000 0.000000
17:47:36 5.000000 0.000000 0.000000 0.000000 104.598999 0.000000 3.989000 0.000000 1460935.182000 449170.736000 13.214780 80.530869 0.000000 0.000000 0.000000 0.000000 0.000000 0.000000
17:47:37 5.000000 0.000000 0.000000 0.000000 104.598999 0.000000 3.989000 0.000000 1460935.182000 449170.736000 13.214780 80.530869 0.000000 0.000000 0.000000 0.000000 0.000000 0.000000
17:47:38 5.000000 0.000000 0.000000 0.000000 104.598999 0.000000 3.989000 0.000000 1460935.182000 449170.736000 13.214780 80.530869 0.000000 0.000000 0.000000 0.000000 0.000000 0.000000
17:47:40 5.000000 0.000000 0.000000 0.000000 104.598999 0.000000 3.989000 0.000000 1460935.182000 449170.736000 13.214780 80.530869 0.000000 0.000000 0.000000 0.000000 0.000000 0.000000
17:47:41 5.100000 0.000000 0.000000 0.000000 104.598999 0.000000 3.989000 0.000000 1460935.182000 449170.736000 13.214780 80.530869 0.000000 0.000000 0.000000 0.000000 0.000000 0.000000
17:47:42 5.100000 0.000000 0.000000 0.000000 104.598999 0.000000 3.989000 0.000000 1460935.182000 449170.736000 13.214780 80.530869 0.000000 0.000000 0.000000 0.000000 0.000000 0.000000
17:47:43 5.100000 0.000000 0.000000 0.000000 104.598999 0.000000 3.989000 0.000000 1460935.182000 449170.736000 13.214780 80.530869 0.000000 0.000000 0.000000 0.000000 0.000000 0.000000
17:47:44 5.200000 0.000000 0.000000 0.000000 104.598999 0.000000 3.989000 0.000000 1460935.182000 449170.736000 13.214780 80.530869 0.000000 0.000000 0.000000 0.000000 0.000000 0.000000
17:47:46 5.200000 0.000000 0.000000 0.000000 104.598999 0.000000 3.989000 0.000000 1460935.182000 449170.736000 13.214780 80.530869 0.000000 0.000000 0.000000 0.000000 0.000000 0.000000
17:47:47 5.200000 0.000000 0.000000 0.000000 104.598999 0.000000 3.989000 0.000000 1460935.182000 449170.736000 13.214780 80.530869 0.000000 0.000000 0.000000 0.000000 0.000000 0.000000
17:47:48 5.200000 0.000000 0.000000 0.000000 104.598999 0.000000 3.989000 0.000000 1460935.182000 449170.736000 13.214780 80.530869 0.000000 0.000000 0.000000 0.000000 0.000000 0.000000
17:47:49 5.400000 0.000000 0.000000 0.000000 104.598999 0.000000 3.989000 0.000000 1460935.182000 449170.736000 13.214780 80.530869 0.000000 0.000000 0.000000 0.000000 0.000000 0.000000
17:47:50 5.400000 0.000000 0.000000 0.000000 104.598999 0.000000 3.989000 0.000000 1460935.182000 449170.736000 13.214780 80.530869 0.000000 0.000000 0.000000 0.000000 0.000000 0.000000
17:47:52 5.500000 0.000000 0.000000 0.000000 104.598999 0.000000 3.989000 0.000000 1460935.182000 449170.736000 13.214780 80.530869 0.000000 0.000000 0.000000 0.000000 0.000000 0.000000
17:47:53 5.600000 0.000000 0.000000 0.000000 104.598999 0.000000 3.989000 0.000000 1460935.182000 449170.736000 13.214780 80.530869 0.000000 0.000000 0.000000 0.000000 0.000000 0.000000
17:47:54 5.600000 0.000000 0.000000 0.000000 104.598999 0.000000 3.989000 0.000000 1460935.182000 449170.736000 13.214780 80.530869 0.000000 0.000000 0.000000 0.000000 0.000000 0.000000
17:47:55 5.700000 0.000000 0.000000 0.000000 104.598999 0.000000 3.989000 0.000000 1460935.182000 449170.736000 13.214780 80.530869 0.000000 0.000000 0.000000 0.000000 0.000000 0.000000
17:47:56 5.800000 0.000000 0.000000 0.000000 104.598999 0.000000 3.989000 0.000000 1460935.182000 449170.736000 13.214780 80.530869 0.000000 0.000000 0.000000 0.000000 0.000000 0.000000
17:47:58 5.900000 0.000000 0.000000 0.000000 104.598999 0.000000 3.989000 0.000000 1460935.182000 449170.736000 13.214780 80.530869 0.000000 0.000000 0.000000 0.000000 0.000000 0.000000
17:47:59 6.000000 0.000000 0.000000 0.000000 104.598999 0.000000 3.989000 0.000000 1460935.182000 449170.736000 13.214780 80.530869 0.000000 0.000000 0.000000 0.000000 0.000000 0.000000
17:48:00 6.100000 0.000000 0.000000 0.000000 104.598999 0.000000 3.989000 0.000000 1460935.182000 449170.736000 13.214780 80.530869 0.000000 0.000000 0.000000 0.000000 0.000000 0.000000
17:48:01 6.100000 0.000000 0.000000 0.000000 104.598999 0.000000 3.989000 0.000000 1460935.182000 449170.736000 13.214780 80.530869 0.000000 0.000000 0.000000 0.000000 0.000000 0.000000
17:48:02 6.200000 0.000000 0.000000 0.000000 104.598999 0.000000 3.989000 0.000000 1460935.182000 449170.736000 13.214780 80.530869 0.000000 0.000000 0.000000 0.000000 0.000000 0.000000
17:48:04 6.200000 0.000000 0.000000 0.000000 104.598999 0.000000 3.989000 0.000000 1460935.182000 449170.736000 13.214780 80.530869 0.000000 0.000000 0.000000 0.000000 0.000000 0.000000
17:48:05 6.400000 0.000000 0.000000 0.000000 104.598999 0.000000 3.989000 0.000000 1460935.182000 449170.736000 13.214780 80.530869 0.000000 0.000000 0.000000 0.000000 0.000000 0.000000
17:48:06 6.400000 0.000000 0.000000 0.000000 104.598999 0.000000 3.989000 0.000000 1460935.182000 449170.736000 13.214780 80.530869 0.000000 0.000000 0.000000 0.000000 0.000000 0.000000
17:48:07 6.500000 0.000000 0.000000 0.000000 104.598999 0.000000 3.989000 0.000000 1460935.182000 449170.736000 13.214780 80.530869 0.000000 0.000000 0.000000 0.000000 0.000000 0.000000
17:48:08 6.600000 0.000000 0.000000 0.000000 104.598999 0.000000 3.989000 0.000000 1460935.182000 449170.736000 13.214780 80.530869 0.000000 0.000000 0.000000 0.000000 0.000000 0.000000
17:48:10 6.700000 0.000000 0.000000 0.000000 104.598999 0.000000 3.989000 0.000000 1460935.182000 449170.736000 13.214780 80.530869 0.000000 0.000000 0.000000 0.000000 0.000000 0.000000
17:48:11 6.800000 0.000000 0.000000 0.000000 104.598999 0.000000 3.989000 0.000000 1460935.182000 449170.736000 13.214780 80.530869 0.000000 0.000000 0.000000 0.000000 0.000000 0.000000
17:48:12 6.800000 0.000000 0.000000 0.000000 104.598999 0.000000 3.989000 0.000000 1460935.182000 449170.736000 13.214780 80.530869 0.000000 0.000000 0.000000 0.000000 0.000000 0.000000
17:48:13 6.900000 0.000000 0.000000 0.000000 104.598999 0.000000 3.989000 0.000000 1460935.182000 449170.736000 13.214780 80.530869 0.000000 0.000000 0.000000 0.000000 0.000000 0.000000
17:48:14 7.000000 0.000000 0.000000 0.000000 104.598999 0.000000 3.989000 0.000000 1460935.182000 449170.736000 13.214780 80.530869 0.000000 0.000000 0.000000 0.000000 0.000000 0.000000
17:48:16 7.000000 0.000000 0.000000 0.000000 104.598999 0.000000 3.989000 0.000000 1460935.182000 449170.736000 13.214780 80.530869 0.000000 0.000000 0.000000 0.000000 0.000000 0.000000
17:48:17 7.200000 0.000000 0.000000 0.000000 104.598999 0.000000 3.989000 0.000000 1460935.182000 449170.736000 13.214780 80.530869 0.000000 0.000000 0.000000 0.000000 0.000000 0.000000
17:48:18 7.300000 0.000000 0.000000 0.000000 104.598999 0.000000 3.989000 0.000000 1460935.182000 449170.736000 13.214780 80.530869 0.000000 0.000000 0.000000 0.000000 0.000000 0.000000
17:48:19 7.300000 0.000000 0.000000 0.000000 104.598999 0.000000 3.989000 0.000000 1460935.182000 449170.736000 13.214780 80.530869 0.000000 0.000000 0.000000 0.000000 0.000000 0.000000
17:48:20 7.400000 0.000000 0.000000 0.000000 104.598999 0.000000 3.989000 0.000000 1460935.182000 449170.736000 13.214780 80.530869 0.000000 0.000000 0.000000 0.000000 0.000000 0.000000
17:48:22 7.500000 0.000000 0.000000 0.000000 104.598999 0.000000 3.989000 0.000000 1460935.182000 449170.736000 13.214780 80.530869 0.000000 0.000000 0.000000 0.000000 0.000000 0.000000
17:48:23 7.600000 0.000000 0.000000 0.000000 104.598999 0.000000 3.989000 0.000000 1460935.182000 449170.736000 13.214780 80.530869 0.000000 0.000000 0.000000 0.000000 0.000000 0.000000
17:48:24 7.700000 0.000000 0.000000 0.000000 104.598999 0.000000 3.989000 0.000000 1460935.182000 449170.736000 13.214780 80.530869 0.000000 0.000000 0.000000 0.000000 0.000000 0.000000
17:48:25 7.700000 0.000000 0.000000 0.000000 104.598999 0.000000 3.989000 0.000000 1460935.182000 449170.736000 13.214780 80.530869 0.000000 0.000000 0.000000 0.000000 0.000000 0.000000
17:48:26 7.700000 0.000000 0.000000 0.000000 104.598999 0.000000 3.989000 0.000000 1460935.182000 449170.736000 13.214780 80.530869 0.000000 0.000000 0.000000 0.000000 0.000000 0.000000
17:48:28 7.800000 0.000000 0.000000 0.000000 104.598999 0.000000 3.989000 0.000000 1460935.182000 449170.736000 13.214780 80.530869 0.000000 0.000000 0.000000 0.000000 0.000000 0.000000
17:48:29 7.900000 0.000000 0.000000 0.000000 104.598999 0.000000 3.989000 0.000000 1460935.182000 449170.736000 13.214780 80.530869 0.000000 0.000000 0.000000 0.000000 0.000000 0.000000
17:48:30 8.000000 0.000000 0.000000 0.000000 104.598999 0.000000 3.989000 0.000000 1460935.182000 449170.736000 13.214780 80.530869 0.000000 0.000000 0.000000 0.000000 0.000000 0.000000
17:48:31 8.000000 0.000000 0.000000 0.000000 104.598999 0.000000 3.989000 0.000000 1460935.182000 449170.736000 13.214780 80.530869 0.000000 0.000000 0.000000 0.000000 0.000000 0.000000
17:48:32 8.100000 0.000000 0.000000 0.000000 104.598999 0.000000 3.989000 0.000000 1460935.182000 449170.736000 13.214780 80.530869 0.000000 0.000000 0.000000 0.000000 0.000000 0.000000
17:48:34 8.200000 0.000000 0.000000 0.000000 104.598999 0.000000 3.989000 0.000000 1460935.182000 449170.736000 13.214780 80.530869 0.000000 0.000000 0.000000 0.000000 0.000000 0.000000
17:48:35 8.300000 0.000000 0.000000 0.000000 104.598999 0.000000 3.989000 0.000000 1460935.182000 449170.736000 13.214780 80.530869 0.000000 0.000000 0.000000 0.000000 0.000000 0.000000
17:48:36 8.300000 0.000000 0.000000 0.000000 104.598999 0.000000 3.989000 0.000000 1460935.182000 449170.736000 13.214780 80.530869 0.000000 0.000000 0.000000 0.000000 0.000000 0.000000
17:48:37 8.400000 0.000000 0.000000 0.000000 104.598999 0.000000 3.989000 0.000000 1460935.182000 449170.736000 13.214780 80.530869 0.000000 0.000000 0.000000 0.000000 0.000000 0.000000
17:48:38 8.500000 0.000000 0.000000 0.000000 104.598999 0.000000 3.989000 0.000000 1460935.182000 449170.736000 13.214780 80.530869 0.000000 0.000000 0.000000 0.000000 0.000000 0.000000
17:48:40 8.500000 0.000000 0.000000 0.000000 104.598999 0.000000 3.989000 0.000000 1460935.182000 449170.736000 13.214780 80.530869 0.000000 0.000000 0.000000 0.000000 0.000000 0.000000
17:48:41 8.700000 0.000000 0.000000 0.000000 104.598999 0.000000 3.989000 0.000000 1460935.182000 449170.736000 13.214780 80.530869 0.000000 0.000000 0.000000 0.000000 0.000000 0.000000
17:48:42 8.700000 0.000000 0.000000 0.000000 104.598999 0.000000 3.989000 0.000000 1460935.182000 449170.736000 13.214780 80.530869 0.000000 0.000000 0.000000 0.000000 0.000000 0.000000
17:48:43 8.800000 0.000000 0.000000 0.000000 104.598999 0.000000 3.989000 0.000000 1460935.182000 449170.736000 13.214780 80.530869 0.000000 0.000000 0.000000 0.000000 0.000000 0.000000
17:48:44 8.900000 0.000000 0.000000 0.000000 104.598999 0.000000 3.989000 0.000000 1460935.182000 449170.736000 13.214780 80.530869 0.000000 0.000000 0.000000 0.000000 0.000000 0.000000
17:48:46 9.000000 0.000000 0.000000 0.000000 104.598999 0.000000 3.989000 0.000000 1460935.182000 449170.736000 13.214780 80.530869 0.000000 0.000000 0.000000 0.000000 0.000000 0.000000
17:48:47 9.100000 0.000000 0.000000 0.000000 104.598999 0.000000 3.989000 0.000000 1460935.182000 449170.736000 13.214780 80.530869 0.000000 0.000000 0.000000 0.000000 0.000000 0.000000
17:48:48 9.200000 0.000000 0.000000 0.000000 104.598999 0.000000 3.989000 0.000000 1460935.182000 449170.736000 13.214780 80.530869 0.000000 0.000000 0.000000 0.000000 0.000000 0.000000
17:48:49 9.200000 0.000000 0.000000 0.000000 104.598999 0.000000 3.989000 0.000000 1460935.182000 449170.736000 13.214780 80.530869 0.000000 0.000000 0.000000 0.000000 0.000000 0.000000
17:48:50 9.300000 0.000000 0.000000 0.000000 104.598999 0.000000 3.989000 0.000000 1460935.182000 449170.736000 13.214780 80.530869 0.000000 0.000000 0.000000 0.000000 0.000000 0.000000
17:48:52 9.400000 0.000000 0.000000 0.000000 104.598999 0.000000 3.989000 0.000000 1460935.182000 449170.736000 13.214780 80.530869 0.000000 0.000000 0.000000 0.000000 0.000000 0.000000
17:48:53 9.500000 0.000000 0.000000 0.000000 104.598999 0.000000 3.989000 0.000000 1460935.182000 449170.736000 13.214780 80.530869 0.000000 0.000000 0.000000 0.000000 0.000000 0.000000
17:48:54 9.600000 0.000000 0.000000 0.000000 104.598999 0.000000 3.989000 0.000000 1460935.182000 449170.736000 13.214780 80.530869 0.000000 0.000000 0.000000 0.000000 0.000000 0.000000
17:48:55 9.700000 0.000000 0.000000 0.000000 104.598999 0.000000 3.989000 0.000000 1460935.182000 449170.736000 13.214780 80.530869 0.000000 0.000000 0.000000 0.000000 0.000000 0.000000
17:48:56 9.800000 0.000000 0.000000 0.000000 104.598999 0.000000 3.989000 0.000000 1460935.182000 449170.736000 13.214780 80.530869 0.000000 0.000000 0.000000 0.000000 0.000000 0.000000
17:48:58 9.900000 0.000000 0.000000 0.000000 104.598999 0.000000 3.989000 0.000000 1460935.182000 449170.736000 13.214780 80.530869 0.000000 0.000000 0.000000 0.000000 0.000000 0.000000
17:48:59 9.900000 0.000000 0.000000 0.000000 104.598999 0.000000 3.989000 0.000000 1460935.182000 449170.736000 13.214780 80.530869 0.000000 0.000000 0.000000 0.000000 0.000000 0.000000
17:49:00 10.100000 0.000000 0.000000 0.000000 104.598999 0.000000 3.989000 0.000000 1460935.182000 449170.736000 13.214780 80.530869 0.000000 0.000000 0.000000 0.000000 0.000000 0.000000
17:49:01 10.100000 0.000000 0.000000 0.000000 104.598999 0.000000 3.989000 0.000000 1460935.182000 449170.736000 13.214780 80.530869 0.000000 0.000000 0.000000 0.000000 0.000000 0.000000
17:49:02 10.300000 0.000000 0.000000 0.000000 104.598999 0.000000 3.989000 0.000000 1460935.182000 449170.736000 13.214780 80.530869 0.000000 0.000000 0.000000 0.000000 0.000000 0.000000
17:49:04 10.300000 0.000000 0.000000 0.000000 104.598999 0.000000 3.989000 0.000000 1460935.182000 449170.736000 13.214780 80.530869 0.000000 0.000000 0.000000 0.000000 0.000000 0.000000
17:49:05 10.300000 0.000000 0.000000 0.000000 104.598999 0.000000 3.989000 0.000000 1460935.182000 449170.736000 13.214780 80.530869 0.000000 0.000000 0.000000 0.000000 0.000000 0.000000
17:49:06 10.400000 0.000000 0.000000 0.000000 104.598999 0.000000 3.989000 0.000000 1460935.182000 449170.736000 13.214780 80.530869 0.000000 0.000000 0.000000 0.000000 0.000000 0.000000
17:49:07 10.500000 0.000000 0.000000 0.000000 104.598999 0.000000 3.989000 0.000000 1460935.182000 449170.736000 13.214780 80.530869 0.000000 0.000000 0.000000 0.000000 0.000000 0.000000
17:49:08 10.600000 0.000000 0.000000 0.000000 104.598999 0.000000 3.989000 0.000000 1460935.182000 449170.736000 13.214780 80.530869 0.000000 0.000000 0.000000 0.000000 0.000000 0.000000
17:49:10 10.600000 0.000000 0.000000 0.000000 104.598999 0.000000 3.989000 0.000000 1460935.182000 449170.736000 13.214780 80.530869 0.000000 0.000000 0.000000 0.000000 0.000000 0.000000
17:49:11 10.700000 0.000000 0.000000 0.000000 104.598999 0.000000 3.989000 0.000000 1460935.182000 449170.736000 13.214780 80.530869 0.000000 0.000000 0.000000 0.000000 0.000000 0.000000
17:49:12 10.900000 0.000000 0.000000 0.000000 104.598999 0.000000 3.989000 0.000000 1460935.182000 449170.736000 13.214780 80.530869 0.000000 0.000000 0.000000 0.000000 0.000000 0.000000
17:49:13 10.900000 0.000000 0.000000 0.000000 104.598999 0.000000 3.989000 0.000000 1460935.182000 449170.736000 13.214780 80.530869 0.000000 0.000000 0.000000 0.000000 0.000000 0.000000
17:49:14 11.100000 0.000000 0.000000 0.000000 104.598999 0.000000 3.989000 0.000000 1460935.182000 449170.736000 13.214780 80.530869 0.000000 0.000000 0.000000 0.000000 0.000000 0.000000
17:49:16 11.100000 0.000000 0.000000 0.000000 104.598999 0.000000 3.989000 0.000000 1460935.182000 449170.736000 13.214780 80.530869 0.000000 0.000000 0.000000 0.000000 0.000000 0.000000
17:49:17 11.100000 0.000000 0.000000 0.000000 104.598999 0.000000 3.989000 0.000000 1460935.182000 449170.736000 13.214780 80.530869 0.000000 0.000000 0.000000 0.000000 0.000000 0.000000
17:49:18 11.300000 0.000000 0.000000 0.000000 104.598999 0.000000 3.989000 0.000000 1460935.182000 449170.736000 13.214780 80.530869 0.000000 0.000000 0.000000 0.000000 0.000000 0.000000
17:49:19 11.300000 0.000000 0.000000 0.000000 104.598999 0.000000 3.989000 0.000000 1460935.182000 449170.736000 13.214780 80.530869 0.000000 0.000000 0.000000 0.000000 0.000000 0.000000
17:49:20 11.400000 0.000000 0.000000 0.000000 104.598999 0.000000 3.989000 0.000000 1460935.182000 449170.736000 13.214780 80.530869 0.000000 0.000000 0.000000 0.000000 0.000000 0.000000
17:49:22 11.500000 0.000000 0.000000 0.000000 104.598999 0.000000 3.989000 0.000000 1460935.182000 449170.736000 13.214780 80.530869 0.000000 0.000000 0.000000 0.000000 0.000000 0.000000
17:49:23 11.500000 0.000000 0.000000 0.000000 104.598999 0.000000 3.989000 0.000000 1460935.182000 449170.736000 13.214780 80.530869 0.000000 0.000000 0.000000 0.000000 0.000000 0.000000
17:49:24 11.600000 0.000000 0.000000 0.000000 104.598999 0.000000 3.989000 0.000000 1460935.182000 449170.736000 13.214780 80.530869 0.000000 0.000000 0.000000 0.000000 0.000000 0.000000
17:49:25 11.700000 0.000000 0.000000 0.000000 104.598999 0.000000 3.989000 0.000000 1460935.182000 449170.736000 13.214780 80.530869 0.000000 0.000000 0.000000 0.000000 0.000000 0.000000
17:49:26 11.700000 0.000000 0.000000 0.000000 104.598999 0.000000 3.989000 0.000000 1460935.182000 449170.736000 13.214780 80.530869 0.000000 0.000000 0.000000 0.000000 0.000000 0.000000
17:49:28 11.900000 0.000000 0.000000 0.000000 104.598999 0.000000 3.989000 0.000000 1460935.182000 449170.736000 13.214780 80.530869 0.000000 0.000000 0.000000 0.000000 0.000000 0.000000
17:49:29 11.900000 0.000000 0.000000 0.000000 104.598999 0.000000 3.989000 0.000000 1460935.182000 449170.736000 13.214780 80.530869 0.000000 0.000000 0.000000 0.000000 0.000000 0.000000
17:49:30 12.000000 0.000000 0.000000 0.000000 104.598999 0.000000 3.989000 0.000000 1460935.182000 449170.736000 13.214780 80.530869 0.000000 0.000000 0.000000 0.000000 0.000000 0.000000
17:49:31 12.100000 0.000000 0.000000 0.000000 104.598999 0.000000 3.989000 0.000000 1460935.182000 449170.736000 13.214780 80.530869 0.000000 0.000000 0.000000 0.000000 0.000000 0.000000
17:49:32 12.100000 0.000000 0.000000 0.000000 104.598999 0.000000 3.989000 0.000000 1460935.182000 449170.736000 13.214780 80.530869 0.000000 0.000000 0.000000 0.000000 0.000000 0.000000
17:49:34 12.300000 0.000000 0.000000 0.000000 104.598999 0.000000 3.989000 0.000000 1460935.182000 449170.736000 13.214780 80.530869 0.000000 0.000000 0.000000 0.000000 0.000000 0.000000
17:49:35 12.300000 0.000000 0.000000 0.000000 104.598999 0.000000 3.989000 0.000000 1460935.182000 449170.736000 13.214780 80.530869 0.000000 0.000000 0.000000 0.000000 0.000000 0.000000
17:49:36 12.400000 0.000000 0.000000 0.000000 104.598999 0.000000 3.989000 0.000000 1460935.182000 449170.736000 13.214780 80.530869 0.000000 0.000000 0.000000 0.000000 0.000000 0.000000
17:49:37 12.500000 0.000000 0.000000 0.000000 104.598999 0.000000 3.989000 0.000000 1460935.182000 449170.736000 13.214780 80.530869 0.000000 0.000000 0.000000 0.000000 0.000000 0.000000
17:49:38 12.600000 0.000000 0.000000 0.000000 104.598999 0.000000 3.989000 0.000000 1460935.182000 449170.736000 13.214780 80.530869 0.000000 0.000000 0.000000 0.000000 0.000000 0.000000
17:49:40 12.700000 0.000000 0.000000 0.000000 104.598999 0.000000 3.989000 0.000000 1460935.182000 449170.736000 13.214780 80.530869 0.000000 0.000000 0.000000 0.000000 0.000000 0.000000
17:49:41 12.800000 0.000000 0.000000 0.000000 104.598999 0.000000 3.989000 0.000000 1460935.182000 449170.736000 13.214780 80.530869 0.000000 0.000000 0.000000 0.000000 0.000000 0.000000
17:49:42 12.800000 0.000000 0.000000 0.000000 104.598999 0.000000 3.989000 0.000000 1460935.182000 449170.736000 13.214780 80.530869 0.000000 0.000000 0.000000 0.000000 0.000000 0.000000
17:49:43 12.900000 0.000000 0.000000 0.000000 104.598999 0.000000 3.989000 0.000000 1460935.182000 449170.736000 13.214780 80.530869 0.000000 0.000000 0.000000 0.000000 0.000000 0.000000
17:49:44 12.900000 0.000000 0.000000 0.000000 104.598999 0.000000 3.989000 0.000000 1460935.182000 449170.736000 13.214780 80.530869 0.000000 0.000000 0.000000 0.000000 0.000000 0.000000
17:49:46 13.100000 0.000000 0.000000 0.000000 104.598999 0.000000 3.989000 0.000000 1460935.182000 449170.736000 13.214780 80.530869 0.000000 0.000000 0.000000 0.000000 0.000000 0.000000
17:49:47 13.200000 0.000000 0.000000 0.000000 104.598999 0.000000 3.989000 0.000000 1460935.182000 449170.736000 13.214780 80.530869 0.000000 0.000000 0.000000 0.000000 0.000000 0.000000
17:49:48 13.300000 0.000000 0.000000 0.000000 104.598999 0.000000 3.989000 0.000000 1460935.182000 449170.736000 13.214780 80.530869 0.000000 0.000000 0.000000 0.000000 0.000000 0.000000
17:49:49 13.300000 0.000000 0.000000 0.000000 104.598999 0.000000 3.989000 0.000000 1460935.182000 449170.736000 13.214780 80.530869 0.000000 0.000000 0.000000 0.000000 0.000000 0.000000
17:49:50 13.400000 0.000000 0.000000 0.000000 104.598999 0.000000 3.989000 0.000000 1460935.182000 449170.736000 13.214780 80.530869 0.000000 0.000000 0.000000 0.000000 0.000000 0.000000
17:49:52 13.500000 0.000000 0.000000 0.000000 104.598999 0.000000 3.989000 0.000000 1460935.182000 449170.736000 13.214780 80.530869 0.000000 0.000000 0.000000 0.000000 0.000000 0.000000
17:49:53 13.600000 0.000000 0.000000 0.000000 104.598999 0.000000 3.989000 0.000000 1460935.182000 449170.736000 13.214780 80.530869 0.000000 0.000000 0.000000 0.000000 0.000000 0.000000
17:49:54 13.600000 0.000000 0.000000 0.000000 104.598999 0.000000 3.989000 0.000000 1460935.182000 449170.736000 13.214780 80.530869 0.000000 0.000000 0.000000 0.000000 0.000000 0.000000
17:49:55 13.700000 0.000000 0.000000 0.000000 104.598999 0.000000 3.989000 0.000000 1460935.182000 449170.736000 13.214780 80.530869 0.000000 0.000000 0.000000 0.000000 0.000000 0.000000
17:49:56 13.800000 0.000000 0.000000 0.000000 104.598999 0.000000 3.989000 0.000000 1460935.182000 449170.736000 13.214780 80.530869 0.000000 0.000000 0.000000 0.000000 0.000000 0.000000
17:49:58 14.000000 0.000000 0.000000 0.000000 104.598999 0.000000 3.989000 0.000000 1460935.182000 449170.736000 13.214780 80.530869 0.000000 0.000000 0.000000 0.000000 0.000000 0.000000
17:49:59 14.000000 0.000000 0.000000 0.000000 104.598999 0.000000 3.989000 0.000000 1460935.182000 449170.736000 13.214780 80.530869 0.000000 0.000000 0.000000 0.000000 0.000000 0.000000
17:50:00 14.000000 0.000000 0.000000 0.000000 104.598999 0.000000 3.989000 0.000000 1460935.182000 449170.736000 13.214780 80.530869 0.000000 0.000000 0.000000 0.000000 0.000000 0.000000
17:50:01 14.200000 0.000000 0.000000 0.000000 104.598999 0.000000 3.989000 0.000000 1460935.182000 449170.736000 13.214780 80.530869 0.000000 0.000000 0.000000 0.000000 0.000000 0.000000
17:50:02 14.200000 0.000000 0.000000 0.000000 104.598999 0.000000 3.989000 0.000000 1460935.182000 449170.736000 13.214780 80.530869 0.000000 0.000000 0.000000 0.000000 0.000000 0.000000
17:50:04 14.400000 0.000000 0.000000 0.000000 104.598999 0.000000 3.989000 0.000000 1460935.182000 449170.736000 13.214780 80.530869 0.000000 0.000000 0.000000 0.000000 0.000000 0.000000
17:50:05 14.400000 0.000000 0.000000 0.000000 104.598999 0.000000 3.989000 0.000000 1460935.182000 449170.736000 13.214780 80.530869 0.000000 0.000000 0.000000 0.000000 0.000000 0.000000
17:50:06 14.500000 0.000000 0.000000 0.000000 104.598999 0.000000 3.989000 0.000000 1460935.182000 449170.736000 13.214780 80.530869 0.000000 0.000000 0.000000 0.000000 0.000000 0.000000
17:50:07 14.600000 0.000000 0.000000 0.000000 104.598999 0.000000 3.989000 0.000000 1460935.182000 449170.736000 13.214780 80.530869 0.000000 0.000000 0.000000 0.000000 0.000000 0.000000
17:50:08 14.700000 0.000000 0.000000 0.000000 104.598999 0.000000 3.989000 0.000000 1460935.182000 449170.736000 13.214780 80.530869 0.000000 0.000000 0.000000 0.000000 0.000000 0.000000
17:50:10 14.800000 0.000000 0.000000 0.000000 104.598999 0.000000 3.989000 0.000000 1460935.182000 449170.736000 13.214780 80.530869 0.000000 0.000000 0.000000 0.000000 0.000000 0.000000
17:50:11 14.900000 0.000000 0.000000 0.000000 104.598999 0.000000 3.989000 0.000000 1460935.182000 449170.736000 13.214780 80.530869 0.000000 0.000000 0.000000 0.000000 0.000000 0.000000
17:50:12 15.000000 0.000000 0.000000 0.000000 104.598999 0.000000 3.989000 0.000000 1460935.182000 449170.736000 13.214780 80.530869 0.000000 0.000000 0.000000 0.000000 0.000000 0.000000
17:50:13 15.100000 0.000000 0.000000 0.000000 104.598999 0.000000 3.989000 0.000000 1460935.182000 449170.736000 13.214780 80.530869 0.000000 0.000000 0.000000 0.000000 0.000000 0.000000
17:50:14 15.200000 0.000000 0.000000 0.000000 104.598999 0.000000 3.989000 0.000000 1460935.182000 449170.736000 13.214780 80.530869 0.000000 0.000000 0.000000 0.000000 0.000000 0.000000
17:50:16 15.300000 0.000000 0.000000 0.000000 104.598999 0.000000 3.989000 0.000000 1460935.182000 449170.736000 13.214780 80.530869 0.000000 0.000000 0.000000 0.000000 0.000000 0.000000
17:50:17 15.400000 0.000000 0.000000 0.000000 104.598999 0.000000 3.989000 0.000000 1460935.182000 449170.736000 13.214780 80.530869 0.000000 0.000000 0.000000 0.000000 0.000000 0.000000
17:50:18 15.400000 0.000000 0.000000 0.000000 104.598999 0.000000 3.989000 0.000000 1460935.182000 449170.736000 13.214780 80.530869 0.000000 0.000000 0.000000 0.000000 0.000000 0.000000
17:50:19 15.500000 0.000000 0.000000 0.000000 104.598999 0.000000 3.989000 0.000000 1460935.182000 449170.736000 13.214780 80.530869 0.000000 0.000000 0.000000 0.000000 0.000000 0.000000
17:50:20 15.600000 0.000000 0.000000 0.000000 104.598999 0.000000 3.989000 0.000000 1460935.182000 449170.736000 13.214780 80.530869 0.000000 0.000000 0.000000 0.000000 0.000000 0.000000
17:50:22 15.700000 0.000000 0.000000 0.000000 104.598999 0.000000 3.989000 0.000000 1460935.182000 449170.736000 13.214780 80.530869 0.000000 0.000000 0.000000 0.000000 0.000000 0.000000
17:50:23 15.900000 0.000000 0.000000 0.000000 104.598999 0.000000 3.989000 0.000000 1460935.182000 449170.736000 13.214780 80.530869 0.000000 0.000000 0.000000 0.000000 0.000000 0.000000
17:50:24 15.900000 0.000000 0.000000 0.000000 104.598999 0.000000 3.989000 0.000000 1460935.182000 449170.736000 13.214780 80.530869 0.000000 0.000000 0.000000 0.000000 0.000000 0.000000
17:50:25 16.000000 0.000000 0.000000 0.000000 104.598999 0.000000 3.989000 0.000000 1460935.182000 449170.736000 13.214780 80.530869 0.000000 0.000000 0.000000 0.000000 0.000000 0.000000
17:50:26 16.100000 0.000000 0.000000 0.000000 104.598999 0.000000 3.989000 0.000000 1460935.182000 449170.736000 13.214780 80.530869 0.000000 0.000000 0.000000 0.000000 0.000000 0.000000
17:50:28 16.100000 0.000000 0.000000 0.000000 104.598999 0.000000 3.989000 0.000000 1460935.182000 449170.736000 13.214780 80.530869 0.000000 0.000000 0.000000 0.000000 0.000000 0.000000
17:50:29 16.299999 0.000000 0.000000 0.000000 104.598999 0.000000 3.989000 0.000000 1460935.182000 449170.736000 13.214780 80.530869 0.000000 0.000000 0.000000 0.000000 0.000000 0.000000
17:50:30 16.299999 0.000000 0.000000 0.000000 104.598999 0.000000 3.989000 0.000000 1460935.182000 449170.736000 13.214780 80.530869 0.000000 0.000000 0.000000 0.000000 0.000000 0.000000
17:50:31 16.400000 0.000000 0.000000 0.000000 104.598999 0.000000 3.989000 0.000000 1460935.182000 449170.736000 13.214780 80.530869 0.000000 0.000000 0.000000 0.000000 0.000000 0.000000
17:50:32 16.500000 0.000000 0.000000 0.000000 104.598999 0.000000 3.989000 0.000000 1460935.182000 449170.736000 13.214780 80.530869 0.000000 0.000000 0.000000 0.000000 0.000000 0.000000
17:50:34 16.500000 0.000000 0.000000 0.000000 104.598999 0.000000 3.989000 0.000000 1460935.182000 449170.736000 13.214780 80.530869 0.000000 0.000000 0.000000 0.000000 0.000000 0.000000
17:50:35 16.600000 0.000000 0.000000 0.000000 104.598999 0.000000 3.989000 0.000000 1460935.182000 449170.736000 13.214780 80.530869 0.000000 0.000000 0.000000 0.000000 0.000000 0.000000
17:50:36 16.700001 0.000000 0.000000 0.000000 104.598999 0.000000 3.989000 0.000000 1460935.182000 449170.736000 13.214780 80.530869 0.000000 0.000000 0.000000 0.000000 0.000000 0.000000
17:50:37 16.799999 0.000000 0.000000 0.000000 104.598999 0.000000 3.989000 0.000000 1460935.182000 449170.736000 13.214780 80.530869 0.000000 0.000000 0.000000 0.000000 0.000000 0.000000
17:50:38 16.799999 0.000000 0.000000 0.000000 104.598999 0.000000 3.989000 0.000000 1460935.182000 449170.736000 13.214780 80.530869 0.000000 0.000000 0.000000 0.000000 0.000000 0.000000
17:50:40 16.900000 0.000000 0.000000 0.000000 104.598999 0.000000 3.989000 0.000000 1460935.182000 449170.736000 13.214780 80.530869 0.000000 0.000000 0.000000 0.000000 0.000000 0.000000
17:50:41 16.900000 0.000000 0.000000 0.000000 104.598999 0.000000 3.989000 0.000000 1460935.182000 449170.736000 13.214780 80.530869 0.000000 0.000000 0.000000 0.000000 0.000000 0.000000
17:50:42 17.000000 0.000000 0.000000 0.000000 104.598999 0.000000 3.989000 0.000000 1460935.182000 449170.736000 13.214780 80.530869 0.000000 0.000000 0.000000 0.000000 0.000000 0.000000
17:50:43 17.000000 0.000000 0.000000 0.000000 104.598999 0.000000 3.989000 0.000000 1460935.182000 449170.736000 13.214780 80.530869 0.000000 0.000000 0.000000 0.000000 0.000000 0.000000
17:50:44 17.100000 0.000000 0.000000 0.000000 104.598999 0.000000 3.989000 0.000000 1460935.182000 449170.736000 13.214780 80.530869 0.000000 0.000000 0.000000 0.000000 0.000000 0.000000
17:50:46 17.200001 0.000000 0.000000 0.000000 104.598999 0.000000 3.989000 0.000000 1460935.182000 449170.736000 13.214780 80.530869 0.000000 0.000000 0.000000 0.000000 0.000000 0.000000
17:50:47 17.299999 0.000000 0.000000 0.000000 104.598999 0.000000 3.989000 0.000000 1460935.182000 449170.736000 13.214780 80.530869 0.000000 0.000000 0.000000 0.000000 0.000000 0.000000
17:50:48 17.299999 0.000000 0.000000 0.000000 104.598999 0.000000 3.989000 0.000000 1460935.182000 449170.736000 13.214780 80.530869 0.000000 0.000000 0.000000 0.000000 0.000000 0.000000
17:50:49 17.299999 0.000000 0.000000 0.000000 104.598999 0.000000 3.989000 0.000000 1460935.182000 449170.736000 13.214780 80.530869 0.000000 0.000000 0.000000 0.000000 0.000000 0.000000
17:50:50 17.400000 0.000000 0.000000 0.000000 104.598999 0.000000 3.989000 0.000000 1460935.182000 449170.736000 13.214780 80.530869 0.000000 0.000000 0.000000 0.000000 0.000000 0.000000
17:50:52 17.400000 0.000000 0.000000 0.000000 104.598999 0.000000 3.989000 0.000000 1460935.182000 449170.736000 13.214780 80.530869 0.000000 0.000000 0.000000 0.000000 0.000000 0.000000
17:50:53 17.600000 0.000000 0.000000 0.000000 104.598999 0.000000 3.989000 0.000000 1460935.182000 449170.736000 13.214780 80.530869 0.000000 0.000000 0.000000 0.000000 0.000000 0.000000
17:50:54 17.600000 0.000000 0.000000 0.000000 104.598999 0.000000 3.989000 0.000000 1460935.182000 449170.736000 13.214780 80.530869 0.000000 0.000000 0.000000 0.000000 0.000000 0.000000
17:50:55 17.700001 0.000000 0.000000 0.000000 104.598999 0.000000 3.989000 0.000000 1460935.182000 449170.736000 13.214780 80.530869 0.000000 0.000000 0.000000 0.000000 0.000000 0.000000
17:50:56 17.700001 0.000000 0.000000 0.000000 104.598999 0.000000 3.989000 0.000000 1460935.182000 449170.736000 13.214780 80.530869 0.000000 0.000000 0.000000 0.000000 0.000000 0.000000
17:50:58 17.799999 0.000000 0.000000 0.000000 104.598999 0.000000 3.989000 0.000000 1460935.182000 449170.736000 13.214780 80.530869 0.000000 0.000000 0.000000 0.000000 0.000000 0.000000
17:50:59 17.900000 0.000000 0.000000 0.000000 104.598999 0.000000 3.989000 0.000000 1460935.182000 449170.736000 13.214780 80.530869 0.000000 0.000000 0.000000 0.000000 0.000000 0.000000
17:51:00 17.900000 0.000000 0.000000 0.000000 104.598999 0.000000 3.989000 0.000000 1460935.182000 449170.736000 13.214780 80.530869 0.000000 0.000000 0.000000 0.000000 0.000000 0.000000
17:51:01 18.000000 0.000000 0.000000 0.000000 104.598999 0.000000 3.989000 0.000000 1460935.182000 449170.736000 13.214780 80.530869 0.000000 0.000000 0.000000 0.000000 0.000000 0.000000
17:51:02 18.100000 0.000000 0.000000 0.000000 104.598999 0.000000 3.989000 0.000000 1460935.182000 449170.736000 13.214780 80.530869 0.000000 0.000000 0.000000 0.000000 0.000000 0.000000
17:51:04 18.100000 0.000000 0.000000 0.000000 104.598999 0.000000 3.989000 0.000000 1460935.182000 449170.736000 13.214780 80.530869 0.000000 0.000000 0.000000 0.000000 0.000000 0.000000
17:51:05 18.299999 0.000000 0.000000 0.000000 104.598999 0.000000 3.989000 0.000000 1460935.182000 449170.736000 13.214780 80.530869 0.000000 0.000000 0.000000 0.000000 0.000000 0.000000
17:51:06 18.299999 0.000000 0.000000 0.000000 104.598999 0.000000 3.989000 0.000000 1460935.182000 449170.736000 13.214780 80.530869 0.000000 0.000000 0.000000 0.000000 0.000000 0.000000
17:51:07 18.400000 0.000000 0.000000 0.000000 104.598999 0.000000 3.989000 0.000000 1460935.182000 449170.736000 13.214780 80.530869 0.000000 0.000000 0.000000 0.000000 0.000000 0.000000
17:51:08 18.600000 0.000000 0.000000 0.000000 104.598999 0.000000 3.989000 0.000000 1460935.182000 449170.736000 13.214780 80.530869 0.000000 0.000000 0.000000 0.000000 0.000000 0.000000
17:51:10 18.600000 0.000000 0.000000 0.000000 104.598999 0.000000 3.989000 0.000000 1460935.182000 449170.736000 13.214780 80.530869 0.000000 0.000000 0.000000 0.000000 0.000000 0.000000
17:51:11 18.700001 0.000000 0.000000 0.000000 104.598999 0.000000 3.989000 0.000000 1460935.182000 449170.736000 13.214780 80.530869 0.000000 0.000000 0.000000 0.000000 0.000000 0.000000
17:51:12 18.900000 0.000000 0.000000 0.000000 104.598999 0.000000 3.989000 0.000000 1460935.182000 449170.736000 13.214780 80.530869 0.000000 0.000000 0.000000 0.000000 0.000000 0.000000
17:51:13 18.900000 0.000000 0.000000 0.000000 104.598999 0.000000 3.989000 0.000000 1460935.182000 449170.736000 13.214780 80.530869 0.000000 0.000000 0.000000 0.000000 0.000000 0.000000
17:51:14 19.200001 0.000000 0.000000 0.000000 104.598999 0.000000 3.989000 0.000000 1460935.182000 449170.736000 13.214780 80.530869 0.000000 0.000000 0.000000 0.000000 0.000000 0.000000
17:51:16 19.200001 0.000000 0.000000 0.000000 104.598999 0.000000 3.989000 0.000000 1460935.182000 449170.736000 13.214780 80.530869 0.000000 0.000000 0.000000 0.000000 0.000000 0.000000
17:51:17 19.200001 0.000000 0.000000 0.000000 104.598999 0.000000 3.989000 0.000000 1460935.182000 449170.736000 13.214780 80.530869 0.000000 0.000000 0.000000 0.000000 0.000000 0.000000
17:51:18 19.400000 0.000000 0.000000 0.000000 104.598999 0.000000 3.989000 0.000000 1460935.182000 449170.736000 13.214780 80.530869 0.000000 0.000000 0.000000 0.000000 0.000000 0.000000
17:51:19 19.500000 0.000000 0.000000 0.000000 104.598999 0.000000 3.989000 0.000000 1460935.182000 449170.736000 13.214780 80.530869 0.000000 0.000000 0.000000 0.000000 0.000000 0.000000
17:51:20 19.600000 0.000000 0.000000 0.000000 104.598999 0.000000 3.989000 0.000000 1460935.182000 449170.736000 13.214780 80.530869 0.000000 0.000000 0.000000 0.000000 0.000000 0.000000
17:51:22 19.600000 0.000000 0.000000 0.000000 104.598999 0.000000 3.989000 0.000000 1460935.182000 449170.736000 13.214780 80.530869 0.000000 0.000000 0.000000 0.000000 0.000000 0.000000
17:51:23 19.700001 0.000000 0.000000 0.000000 104.598999 0.000000 3.989000 0.000000 1460935.182000 449170.736000 13.214780 80.530869 0.000000 0.000000 0.000000 0.000000 0.000000 0.000000
17:51:24 19.900000 0.000000 0.000000 0.000000 104.598999 0.000000 3.989000 0.000000 1460935.182000 449170.736000 13.214780 80.530869 0.000000 0.000000 0.000000 0.000000 0.000000 0.000000
17:51:25 20.000000 0.000000 0.000000 0.000000 104.598999 0.000000 3.989000 0.000000 1460935.182000 449170.736000 13.214780 80.530869 0.000000 0.000000 0.000000 0.000000 0.000000 0.000000
17:51:26 20.100000 0.000000 0.000000 0.000000 104.598999 0.000000 3.989000 0.000000 1460935.182000 449170.736000 13.214780 80.530869 0.000000 0.000000 0.000000 0.000000 0.000000 0.000000
17:51:28 20.100000 0.000000 0.000000 0.000000 104.598999 0.000000 3.989000 0.000000 1460935.182000 449170.736000 13.214780 80.530869 0.000000 0.000000 0.000000 0.000000 0.000000 0.000000
17:51:29 20.200001 0.000000 0.000000 0.000000 104.598999 0.000000 3.989000 0.000000 1460935.182000 449170.736000 13.214780 80.530869 0.000000 0.000000 0.000000 0.000000 0.000000 0.000000
17:51:30 20.299999 0.000000 0.000000 0.000000 104.598999 0.000000 3.989000 0.000000 1460935.182000 449170.736000 13.214780 80.530869 0.000000 0.000000 0.000000 0.000000 0.000000 0.000000
17:51:31 20.400000 0.000000 0.000000 0.000000 104.598999 0.000000 3.989000 0.000000 1460935.182000 449170.736000 13.214780 80.530869 0.000000 0.000000 0.000000 0.000000 0.000000 0.000000
17:51:32 20.600000 0.000000 0.000000 0.000000 104.598999 0.000000 3.989000 0.000000 1460935.182000 449170.736000 13.214780 80.530869 0.000000 0.000000 0.000000 0.000000 0.000000 0.000000
17:51:34 20.700001 0.000000 0.000000 0.000000 104.598999 0.000000 3.989000 0.000000 1460935.182000 449170.736000 13.214780 80.530869 0.000000 0.000000 0.000000 0.000000 0.000000 0.000000
17:51:35 20.700001 0.000000 0.000000 0.000000 104.598999 0.000000 3.989000 0.000000 1460935.182000 449170.736000 13.214780 80.530869 0.000000 0.000000 0.000000 0.000000 0.000000 0.000000
17:51:36 20.799999 0.000000 0.000000 0.000000 104.598999 0.000000 3.989000 0.000000 1460935.182000 449170.736000 13.214780 80.530869 0.000000 0.000000 0.000000 0.000000 0.000000 0.000000
17:51:37 20.900000 0.000000 0.000000 0.000000 104.598999 0.000000 3.989000 0.000000 1460935.182000 449170.736000 13.214780 80.530869 0.000000 0.000000 0.000000 0.000000 0.000000 0.000000
17:51:38 21.100000 0.000000 0.000000 0.000000 104.598999 0.000000 3.989000 0.000000 1460935.182000 449170.736000 13.214780 80.530869 0.000000 0.000000 0.000000 0.000000 0.000000 0.000000
17:51:40 21.200001 0.000000 0.000000 0.000000 104.598999 0.000000 3.989000 0.000000 1460935.182000 449170.736000 13.214780 80.530869 0.000000 0.000000 0.000000 0.000000 0.000000 0.000000
17:51:41 21.200001 0.000000 0.000000 0.000000 104.598999 0.000000 3.989000 0.000000 1460935.182000 449170.736000 13.214780 80.530869 0.000000 0.000000 0.000000 0.000000 0.000000 0.000000
17:51:42 21.400000 0.000000 0.000000 0.000000 104.598999 0.000000 3.989000 0.000000 1460935.182000 449170.736000 13.214780 80.530869 0.000000 0.000000 0.000000 0.000000 0.000000 0.000000
17:51:43 21.500000 0.000000 0.000000 0.000000 104.598999 0.000000 3.989000 0.000000 1460935.182000 449170.736000 13.214780 80.530869 0.000000 0.000000 0.000000 0.000000 0.000000 0.000000
17:51:44 21.600000 0.000000 0.000000 0.000000 104.598999 0.000000 3.989000 0.000000 1460935.182000 449170.736000 13.214780 80.530869 0.000000 0.000000 0.000000 0.000000 0.000000 0.000000
17:51:46 21.799999 0.000000 0.000000 0.000000 104.598999 0.000000 3.989000 0.000000 1460935.182000 449170.736000 13.214780 80.530869 0.000000 0.000000 0.000000 0.000000 0.000000 0.000000
17:51:47 21.799999 0.000000 0.000000 0.000000 104.598999 0.000000 3.989000 0.000000 1460935.182000 449170.736000 13.214780 80.530869 0.000000 0.000000 0.000000 0.000000 0.000000 0.000000
17:51:48 22.000000 0.000000 0.000000 0.000000 104.598999 0.000000 3.989000 0.000000 1460935.182000 449170.736000 13.214780 80.530869 0.000000 0.000000 0.000000 0.000000 0.000000 0.000000
17:51:49 22.000000 0.000000 0.000000 0.000000 104.598999 0.000000 3.989000 0.000000 1460935.182000 449170.736000 13.214780 80.530869 0.000000 0.000000 0.000000 0.000000 0.000000 0.000000
17:51:50 22.100000 0.000000 0.000000 0.000000 104.598999 0.000000 3.989000 0.000000 1460935.182000 449170.736000 13.214780 80.530869 0.000000 0.000000 0.000000 0.000000 0.000000 0.000000
17:51:52 22.299999 0.000000 0.000000 0.000000 104.598999 0.000000 3.989000 0.000000 1460935.182000 449170.736000 13.214780 80.530869 0.000000 0.000000 0.000000 0.000000 0.000000 0.000000
17:51:53 22.299999 0.000000 0.000000 0.000000 104.598999 0.000000 3.989000 0.000000 1460935.182000 449170.736000 13.214780 80.530869 0.000000 0.000000 0.000000 0.000000 0.000000 0.000000
17:51:54 22.400000 0.000000 0.000000 0.000000 104.598999 0.000000 3.989000 0.000000 1460935.182000 449170.736000 13.214780 80.530869 0.000000 0.000000 0.000000 0.000000 0.000000 0.000000
17:51:55 22.500000 0.000000 0.000000 0.000000 104.598999 0.000000 3.989000 0.000000 1460935.182000 449170.736000 13.214780 80.530869 0.000000 0.000000 0.000000 0.000000 0.000000 0.000000
17:51:56 22.600000 0.000000 0.000000 0.000000 104.598999 0.000000 3.989000 0.000000 1460935.182000 449170.736000 13.214780 80.530869 0.000000 0.000000 0.000000 0.000000 0.000000 0.000000
17:51:58 22.700001 0.000000 0.000000 0.000000 104.598999 0.000000 3.989000 0.000000 1460935.182000 449170.736000 13.214780 80.530869 0.000000 0.000000 0.000000 0.000000 0.000000 0.000000
17:51:59 22.799999 0.000000 0.000000 0.000000 104.598999 0.000000 3.989000 0.000000 1460935.182000 449170.736000 13.214780 80.530869 0.000000 0.000000 0.000000 0.000000 0.000000 0.000000
17:52:00 22.799999 0.000000 0.000000 0.000000 104.598999 0.000000 3.989000 0.000000 1460935.182000 449170.736000 13.214780 80.530869 0.000000 0.000000 0.000000 0.000000 0.000000 0.000000
17:52:01 23.000000 0.000000 0.000000 0.000000 104.598999 0.000000 3.989000 0.000000 1460935.182000 449170.736000 13.214780 80.530869 0.000000 0.000000 0.000000 0.000000 0.000000 0.000000
17:52:02 23.000000 0.000000 0.000000 0.000000 104.598999 0.000000 3.989000 0.000000 1460935.182000 449170.736000 13.214780 80.530869 0.000000 0.000000 0.000000 0.000000 0.000000 0.000000
17:52:04 23.200001 0.000000 0.000000 0.000000 104.598999 0.000000 3.989000 0.000000 1460935.182000 449170.736000 13.214780 80.530869 0.000000 0.000000 0.000000 0.000000 0.000000 0.000000
17:52:05 23.299999 0.000000 0.000000 0.000000 104.598999 0.000000 3.989000 0.000000 1460935.182000 449170.736000 13.214780 80.530869 0.000000 0.000000 0.000000 0.000000 0.000000 0.000000
17:52:06 23.299999 0.000000 0.000000 0.000000 104.598999 0.000000 3.989000 0.000000 1460935.182000 449170.736000 13.214780 80.530869 0.000000 0.000000 0.000000 0.000000 0.000000 0.000000
17:52:07 23.400000 0.000000 0.000000 0.000000 104.598999 0.000000 3.989000 0.000000 1460935.182000 449170.736000 13.214780 80.530869 0.000000 0.000000 0.000000 0.000000 0.000000 0.000000
17:52:08 23.500000 0.000000 0.000000 0.000000 104.598999 0.000000 3.989000 0.000000 1460935.182000 449170.736000 13.214780 80.530869 0.000000 0.000000 0.000000 0.000000 0.000000 0.000000
17:52:10 23.600000 0.000000 0.000000 0.000000 104.598999 0.000000 3.989000 0.000000 1460935.182000 449170.736000 13.214780 80.530869 0.000000 0.000000 0.000000 0.000000 0.000000 0.000000
17:52:11 23.700001 0.000000 0.000000 0.000000 104.598999 0.000000 3.989000 0.000000 1460935.182000 449170.736000 13.214780 80.530869 0.000000 0.000000 0.000000 0.000000 0.000000 0.000000
17:52:12 23.700001 0.000000 0.000000 0.000000 104.598999 0.000000 3.989000 0.000000 1460935.182000 449170.736000 13.214780 80.530869 0.000000 0.000000 0.000000 0.000000 0.000000 0.000000
17:52:13 23.900000 0.000000 0.000000 0.000000 104.598999 0.000000 3.989000 0.000000 1460935.182000 449170.736000 13.214780 80.530869 0.000000 0.000000 0.000000 0.000000 0.000000 0.000000
17:52:14 24.000000 0.000000 0.000000 0.000000 104.598999 0.000000 3.989000 0.000000 1460935.182000 449170.736000 13.214780 80.530869 0.000000 0.000000 0.000000 0.000000 0.000000 0.000000
17:52:16 24.100000 0.000000 0.000000 0.000000 104.598999 0.000000 3.989000 0.000000 1460935.182000 449170.736000 13.214780 80.530869 0.000000 0.000000 0.000000 0.000000 0.000000 0.000000
17:52:17 24.200001 0.000000 0.000000 0.000000 104.598999 0.000000 3.989000 0.000000 1460935.182000 449170.736000 13.214780 80.530869 0.000000 0.000000 0.000000 0.000000 0.000000 0.000000
17:52:18 24.299999 0.000000 0.000000 0.000000 104.598999 0.000000 3.989000 0.000000 1460935.182000 449170.736000 13.214780 80.530869 0.000000 0.000000 0.000000 0.000000 0.000000 0.000000
17:52:19 24.500000 0.000000 0.000000 0.000000 104.598999 0.000000 3.989000 0.000000 1460935.182000 449170.736000 13.214780 80.530869 0.000000 0.000000 0.000000 0.000000 0.000000 0.000000
17:52:20 24.500000 0.000000 0.000000 0.000000 104.598999 0.000000 3.989000 0.000000 1460935.182000 449170.736000 13.214780 80.530869 0.000000 0.000000 0.000000 0.000000 0.000000 0.000000
17:52:22 24.700001 0.000000 0.000000 0.000000 104.598999 0.000000 3.989000 0.000000 1460935.182000 449170.736000 13.214780 80.530869 0.000000 0.000000 0.000000 0.000000 0.000000 0.000000
17:52:23 24.799999 0.000000 0.000000 0.000000 104.598999 0.000000 3.989000 0.000000 1460935.182000 449170.736000 13.214780 80.530869 0.000000 0.000000 0.000000 0.000000 0.000000 0.000000
17:52:24 24.900000 0.000000 0.000000 0.000000 104.598999 0.000000 3.989000 0.000000 1460935.182000 449170.736000 13.214780 80.530869 0.000000 0.000000 0.000000 0.000000 0.000000 0.000000
17:52:25 25.000000 0.000000 0.000000 0.000000 104.598999 0.000000 3.989000 0.000000 1460935.182000 449170.736000 13.214780 80.530869 0.000000 0.000000 0.000000 0.000000 0.000000 0.000000
17:52:26 25.000000 0.000000 0.000000 0.000000 104.598999 0.000000 3.989000 0.000000 1460935.182000 449170.736000 13.214780 80.530869 0.000000 0.000000 0.000000 0.000000 0.000000 0.000000
17:52:28 25.200001 0.000000 0.000000 0.000000 104.598999 0.000000 3.989000 0.000000 1460935.182000 449170.736000 13.214780 80.530869 0.000000 0.000000 0.000000 0.000000 0.000000 0.000000
17:52:29 25.299999 0.000000 0.000000 0.000000 104.598999 0.000000 3.989000 0.000000 1460935.182000 449170.736000 13.214780 80.530869 0.000000 0.000000 0.000000 0.000000 0.000000 0.000000
17:52:30 25.400000 0.000000 0.000000 0.000000 104.598999 0.000000 3.989000 0.000000 1460935.182000 449170.736000 13.214780 80.530869 0.000000 0.000000 0.000000 0.000000 0.000000 0.000000
17:52:31 25.500000 0.000000 0.000000 0.000000 104.598999 0.000000 3.989000 0.000000 1460935.182000 449170.736000 13.214780 80.530869 0.000000 0.000000 0.000000 0.000000 0.000000 0.000000
17:52:32 25.600000 0.000000 0.000000 0.000000 104.598999 0.000000 3.989000 0.000000 1460935.182000 449170.736000 13.214780 80.530869 0.000000 0.000000 0.000000 0.000000 0.000000 0.000000
17:52:34 25.700001 0.000000 0.000000 0.000000 104.598999 0.000000 3.989000 0.000000 1460935.182000 449170.736000 13.214780 80.530869 0.000000 0.000000 0.000000 0.000000 0.000000 0.000000
17:52:35 25.799999 0.000000 0.000000 0.000000 104.598999 0.000000 3.989000 0.000000 1460935.182000 449170.736000 13.214780 80.530869 0.000000 0.000000 0.000000 0.000000 0.000000 0.000000
17:52:36 25.900000 0.000000 0.000000 0.000000 104.598999 0.000000 3.989000 0.000000 1460935.182000 449170.736000 13.214780 80.530869 0.000000 0.000000 0.000000 0.000000 0.000000 0.000000
17:52:37 25.900000 0.000000 0.000000 0.000000 104.598999 0.000000 3.989000 0.000000 1460935.182000 449170.736000 13.214780 80.530869 0.000000 0.000000 0.000000 0.000000 0.000000 0.000000
17:52:38 26.000000 0.000000 0.000000 0.000000 104.598999 0.000000 3.989000 0.000000 1460935.182000 449170.736000 13.214780 80.530869 0.000000 0.000000 0.000000 0.000000 0.000000 0.000000
17:52:40 26.100000 0.000000 0.000000 0.000000 104.598999 0.000000 3.989000 0.000000 1460935.182000 449170.736000 13.214780 80.530869 0.000000 0.000000 0.000000 0.000000 0.000000 0.000000
17:52:41 26.200001 0.000000 0.000000 0.000000 104.598999 0.000000 3.989000 0.000000 1460935.182000 449170.736000 13.214780 80.530869 0.000000 0.000000 0.000000 0.000000 0.000000 0.000000
17:52:42 26.299999 0.000000 0.000000 0.000000 104.598999 0.000000 3.989000 0.000000 1460935.182000 449170.736000 13.214780 80.530869 0.000000 0.000000 0.000000 0.000000 0.000000 0.000000
17:52:43 26.400000 0.000000 0.000000 0.000000 104.598999 0.000000 3.989000 0.000000 1460935.182000 449170.736000 13.214780 80.530869 0.000000 0.000000 0.000000 0.000000 0.000000 0.000000
17:52:44 26.500000 0.000000 0.000000 0.000000 104.598999 0.000000 3.989000 0.000000 1460935.182000 449170.736000 13.214780 80.530869 0.000000 0.000000 0.000000 0.000000 0.000000 0.000000
17:52:46 26.600000 0.000000 0.000000 0.000000 104.598999 0.000000 3.989000 0.000000 1460935.182000 449170.736000 13.214780 80.530869 0.000000 0.000000 0.000000 0.000000 0.000000 0.000000
17:52:47 26.799999 0.000000 0.000000 0.000000 104.598999 0.000000 3.989000 0.000000 1460935.182000 449170.736000 13.214780 80.530869 0.000000 0.000000 0.000000 0.000000 0.000000 0.000000
17:52:48 26.900000 0.000000 0.000000 0.000000 104.598999 0.000000 3.989000 0.000000 1460935.182000 449170.736000 13.214780 80.530869 0.000000 0.000000 0.000000 0.000000 0.000000 0.000000
17:52:49 27.000000 0.000000 0.000000 0.000000 104.598999 0.000000 3.989000 0.000000 1460935.182000 449170.736000 13.214780 80.530869 0.000000 0.000000 0.000000 0.000000 0.000000 0.000000
17:52:50 27.100000 0.000000 0.000000 0.000000 104.598999 0.000000 3.989000 0.000000 1460935.182000 449170.736000 13.214780 80.530869 0.000000 0.000000 0.000000 0.000000 0.000000 0.000000
17:52:52 27.100000 0.000000 0.000000 0.000000 104.598999 0.000000 3.989000 0.000000 1460935.182000 449170.736000 13.214780 80.530869 0.000000 0.000000 0.000000 0.000000 0.000000 0.000000
17:52:53 27.299999 0.000000 0.000000 0.000000 104.598999 0.000000 3.989000 0.000000 1460935.182000 449170.736000 13.214780 80.530869 0.000000 0.000000 0.000000 0.000000 0.000000 0.000000
17:52:54 27.400000 0.000000 0.000000 0.000000 104.598999 0.000000 3.989000 0.000000 1460935.182000 449170.736000 13.214780 80.530869 0.000000 0.000000 0.000000 0.000000 0.000000 0.000000
17:52:55 27.500000 0.000000 0.000000 0.000000 104.598999 0.000000 3.989000 0.000000 1460935.182000 449170.736000 13.214780 80.530869 0.000000 0.000000 0.000000 0.000000 0.000000 0.000000
17:52:56 27.600000 0.000000 0.000000 0.000000 104.598999 0.000000 3.989000 0.000000 1460935.182000 449170.736000 13.214780 80.530869 0.000000 0.000000 0.000000 0.000000 0.000000 0.000000
17:52:58 27.600000 0.000000 0.000000 0.000000 104.598999 0.000000 3.989000 0.000000 1460935.182000 449170.736000 13.214780 80.530869 0.000000 0.000000 0.000000 0.000000 0.000000 0.000000
17:52:59 27.900000 0.000000 0.000000 0.000000 104.598999 0.000000 3.989000 0.000000 1460935.182000 449170.736000 13.214780 80.530869 0.000000 0.000000 0.000000 0.000000 0.000000 0.000000
17:53:00 27.900000 0.000000 0.000000 0.000000 104.598999 0.000000 3.989000 0.000000 1460935.182000 449170.736000 13.214780 80.530869 0.000000 0.000000 0.000000 0.000000 0.000000 0.000000
17:53:01 28.000000 0.000000 0.000000 0.000000 104.598999 0.000000 3.989000 0.000000 1460935.182000 449170.736000 13.214780 80.530869 0.000000 0.000000 0.000000 0.000000 0.000000 0.000000
17:53:02 28.100000 0.000000 0.000000 0.000000 104.598999 0.000000 3.989000 0.000000 1460935.182000 449170.736000 13.214780 80.530869 0.000000 0.000000 0.000000 0.000000 0.000000 0.000000
17:53:04 28.200001 0.000000 0.000000 0.000000 104.598999 0.000000 3.989000 0.000000 1460935.182000 449170.736000 13.214780 80.530869 0.000000 0.000000 0.000000 0.000000 0.000000 0.000000
17:53:05 28.400000 0.000000 0.000000 0.000000 104.598999 0.000000 3.989000 0.000000 1460935.182000 449170.736000 13.214780 80.530869 0.000000 0.000000 0.000000 0.000000 0.000000 0.000000
17:53:06 28.500000 0.000000 0.000000 0.000000 104.598999 0.000000 3.989000 0.000000 1460935.182000 449170.736000 13.214780 80.530869 0.000000 0.000000 0.000000 0.000000 0.000000 0.000000
17:53:07 28.600000 0.000000 0.000000 0.000000 104.598999 0.000000 3.989000 0.000000 1460935.182000 449170.736000 13.214780 80.530869 0.000000 0.000000 0.000000 0.000000 0.000000 0.000000
17:53:08 28.700001 0.000000 0.000000 0.000000 104.598999 0.000000 3.989000 0.000000 1460935.182000 449170.736000 13.214780 80.530869 0.000000 0.000000 0.000000 0.000000 0.000000 0.000000
17:53:10 28.799999 0.000000 0.000000 0.000000 104.598999 0.000000 3.989000 0.000000 1460935.182000 449170.736000 13.214780 80.530869 0.000000 0.000000 0.000000 0.000000 0.000000 0.000000
17:53:11 28.900000 0.000000 0.000000 0.000000 104.598999 0.000000 3.989000 0.000000 1460935.182000 449170.736000 13.214780 80.530869 0.000000 0.000000 0.000000 0.000000 0.000000 0.000000
17:53:12 29.000000 0.000000 0.000000 0.000000 104.598999 0.000000 3.989000 0.000000 1460935.182000 449170.736000 13.214780 80.530869 0.000000 0.000000 0.000000 0.000000 0.000000 0.000000
17:53:13 29.100000 0.000000 0.000000 0.000000 104.598999 0.000000 3.989000 0.000000 1460935.182000 449170.736000 13.214780 80.530869 0.000000 0.000000 0.000000 0.000000 0.000000 0.000000
17:53:14 29.200001 0.000000 0.000000 0.000000 104.598999 0.000000 3.989000 0.000000 1460935.182000 449170.736000 13.214780 80.530869 0.000000 0.000000 0.000000 0.000000 0.000000 0.000000
17:53:16 29.299999 0.000000 0.000000 0.000000 104.598999 0.000000 3.989000 0.000000 1460935.182000 449170.736000 13.214780 80.530869 0.000000 0.000000 0.000000 0.000000 0.000000 0.000000
17:53:17 29.500000 0.000000 0.000000 0.000000 104.598999 0.000000 3.989000 0.000000 1460935.182000 449170.736000 13.214780 80.530869 0.000000 0.000000 0.000000 0.000000 0.000000 0.000000
17:53:18 29.600000 0.000000 0.000000 0.000000 104.598999 0.000000 3.989000 0.000000 1460935.182000 449170.736000 13.214780 80.530869 0.000000 0.000000 0.000000 0.000000 0.000000 0.000000
17:53:19 29.700001 0.000000 0.000000 0.000000 104.598999 0.000000 3.989000 0.000000 1460935.182000 449170.736000 13.214780 80.530869 0.000000 0.000000 0.000000 0.000000 0.000000 0.000000
17:53:20 29.799999 0.000000 0.000000 0.000000 104.598999 0.000000 3.989000 0.000000 1460935.182000 449170.736000 13.214780 80.530869 0.000000 0.000000 0.000000 0.000000 0.000000 0.000000
17:53:22 29.799999 0.000000 0.000000 0.000000 104.598999 0.000000 3.989000 0.000000 1460935.182000 449170.736000 13.214780 80.530869 0.000000 0.000000 0.000000 0.000000 0.000000 0.000000
17:53:23 30.000000 0.000000 0.000000 0.000000 104.598999 0.000000 3.989000 0.000000 1460935.182000 449170.736000 13.214780 80.530869 0.000000 0.000000 0.000000 0.000000 0.000000 0.000000
17:53:24 30.200001 0.000000 0.000000 0.000000 104.598999 0.000000 3.989000 0.000000 1460935.182000 449170.736000 13.214780 80.530869 0.000000 0.000000 0.000000 0.000000 0.000000 0.000000
17:53:25 30.200001 0.000000 0.000000 0.000000 104.598999 0.000000 3.989000 0.000000 1460935.182000 449170.736000 13.214780 80.530869 0.000000 0.000000 0.000000 0.000000 0.000000 0.000000
17:53:26 30.299999 0.000000 0.000000 0.000000 104.598999 0.000000 3.989000 0.000000 1460935.182000 449170.736000 13.214780 80.530869 0.000000 0.000000 0.000000 0.000000 0.000000 0.000000
17:53:28 30.400000 0.000000 0.000000 0.000000 104.598999 0.000000 3.989000 0.000000 1460935.182000 449170.736000 13.214780 80.530869 0.000000 0.000000 0.000000 0.000000 0.000000 0.000000
17:53:29 30.600000 0.000000 0.000000 0.000000 104.598999 0.000000 3.989000 0.000000 1460935.182000 449170.736000 13.214780 80.530869 0.000000 0.000000 0.000000 0.000000 0.000000 0.000000
17:53:30 30.700001 0.000000 0.000000 0.000000 104.598999 0.000000 3.989000 0.000000 1460935.182000 449170.736000 13.214780 80.530869 0.000000 0.000000 0.000000 0.000000 0.000000 0.000000
17:53:31 30.799999 0.000000 0.000000 0.000000 104.598999 0.000000 3.989000 0.000000 1460935.182000 449170.736000 13.214780 80.530869 0.000000 0.000000 0.000000 0.000000 0.000000 0.000000
17:53:32 30.900000 0.000000 0.000000 0.000000 104.598999 0.000000 3.989000 0.000000 1460935.182000 449170.736000 13.214780 80.530869 0.000000 0.000000 0.000000 0.000000 0.000000 0.000000
17:53:34 30.900000 0.000000 0.000000 0.000000 104.598999 0.000000 3.989000 0.000000 1460935.182000 449170.736000 13.214780 80.530869 0.000000 0.000000 0.000000 0.000000 0.000000 0.000000
17:53:35 31.200001 0.000000 0.000000 0.000000 104.598999 0.000000 3.989000 0.000000 1460935.182000 449170.736000 13.214780 80.530869 0.000000 0.000000 0.000000 0.000000 0.000000 0.000000
17:53:36 31.200001 0.000000 0.000000 0.000000 104.598999 0.000000 3.989000 0.000000 1460935.182000 449170.736000 13.214780 80.530869 0.000000 0.000000 0.000000 0.000000 0.000000 0.000000
17:53:37 31.400000 0.000000 0.000000 0.000000 104.598999 0.000000 3.989000 0.000000 1460935.182000 449170.736000 13.214780 80.530869 0.000000 0.000000 0.000000 0.000000 0.000000 0.000000
17:53:38 31.600000 0.000000 0.000000 0.000000 104.598999 0.000000 3.989000 0.000000 1460935.182000 449170.736000 13.214780 80.530869 0.000000 0.000000 0.000000 0.000000 0.000000 0.000000
17:53:40 31.600000 0.000000 0.000000 0.000000 104.598999 0.000000 3.989000 0.000000 1460935.182000 449170.736000 13.214780 80.530869 0.000000 0.000000 0.000000 0.000000 0.000000 0.000000
17:53:41 31.799999 0.000000 0.000000 0.000000 104.598999 0.000000 3.989000 0.000000 1460935.182000 449170.736000 13.214780 80.530869 0.000000 0.000000 0.000000 0.000000 0.000000 0.000000
17:53:42 31.900000 0.000000 0.000000 0.000000 104.598999 0.000000 3.989000 0.000000 1460935.182000 449170.736000 13.214780 80.530869 0.000000 0.000000 0.000000 0.000000 0.000000 0.000000
17:53:43 32.000000 0.000000 0.000000 0.000000 104.598999 0.000000 3.989000 0.000000 1460935.182000 449170.736000 13.214780 80.530869 0.000000 0.000000 0.000000 0.000000 0.000000 0.000000
17:53:44 32.200001 0.000000 0.000000 0.000000 104.598999 0.000000 3.989000 0.000000 1460935.182000 449170.736000 13.214780 80.530869 0.000000 0.000000 0.000000 0.000000 0.000000 0.000000
17:53:46 32.200001 0.000000 0.000000 0.000000 104.598999 0.000000 3.989000 0.000000 1460935.182000 449170.736000 13.214780 80.530869 0.000000 0.000000 0.000000 0.000000 0.000000 0.000000
17:53:47 32.299999 0.000000 0.000000 0.000000 104.598999 0.000000 3.989000 0.000000 1460935.182000 449170.736000 13.214780 80.530869 0.000000 0.000000 0.000000 0.000000 0.000000 0.000000
17:53:48 32.500000 0.000000 0.000000 0.000000 104.598999 0.000000 3.989000 0.000000 1460935.182000 449170.736000 13.214780 80.530869 0.000000 0.000000 0.000000 0.000000 0.000000 0.000000
17:53:49 32.500000 0.000000 0.000000 0.000000 104.598999 0.000000 3.989000 0.000000 1460935.182000 449170.736000 13.214780 80.530869 0.000000 0.000000 0.000000 0.000000 0.000000 0.000000
17:53:50 32.799999 0.000000 0.000000 0.000000 104.598999 0.000000 3.989000 0.000000 1460935.182000 449170.736000 13.214780 80.530869 0.000000 0.000000 0.000000 0.000000 0.000000 0.000000
17:53:52 32.799999 0.000000 0.000000 0.000000 104.598999 0.000000 3.989000 0.000000 1460935.182000 449170.736000 13.214780 80.530869 0.000000 0.000000 0.000000 0.000000 0.000000 0.000000
17:53:53 32.799999 0.000000 0.000000 0.000000 104.598999 0.000000 3.989000 0.000000 1460935.182000 449170.736000 13.214780 80.530869 0.000000 0.000000 0.000000 0.000000 0.000000 0.000000
17:53:54 33.099998 0.000000 0.000000 0.000000 104.598999 0.000000 3.989000 0.000000 1460935.182000 449170.736000 13.214780 80.530869 0.000000 0.000000 0.000000 0.000000 0.000000 0.000000
17:53:55 33.200001 0.000000 0.000000 0.000000 104.598999 0.000000 3.989000 0.000000 1460935.182000 449170.736000 13.214780 80.530869 0.000000 0.000000 0.000000 0.000000 0.000000 0.000000
17:53:56 33.400002 0.000000 0.000000 0.000000 104.598999 0.000000 3.989000 0.000000 1460935.182000 449170.736000 13.214780 80.530869 0.000000 0.000000 0.000000 0.000000 0.000000 0.000000
17:53:58 33.400002 0.000000 0.000000 0.000000 104.598999 0.000000 3.989000 0.000000 1460935.182000 449170.736000 13.214780 80.530869 0.000000 0.000000 0.000000 0.000000 0.000000 0.000000
17:53:59 33.500000 0.000000 0.000000 0.000000 104.598999 0.000000 3.989000 0.000000 1460935.182000 449170.736000 13.214780 80.530869 0.000000 0.000000 0.000000 0.000000 0.000000 0.000000
17:54:00 33.700001 0.000000 0.000000 0.000000 104.598999 0.000000 3.989000 0.000000 1460935.182000 449170.736000 13.214780 80.530869 0.000000 0.000000 0.000000 0.000000 0.000000 0.000000
17:54:01 33.799999 0.000000 0.000000 0.000000 104.598999 0.000000 3.989000 0.000000 1460935.182000 449170.736000 13.214780 80.530869 0.000000 0.000000 0.000000 0.000000 0.000000 0.000000
17:54:02 34.000000 0.000000 0.000000 0.000000 104.598999 0.000000 3.989000 0.000000 1460935.182000 449170.736000 13.214780 80.530869 0.000000 0.000000 0.000000 0.000000 0.000000 0.000000
17:54:04 34.000000 0.000000 0.000000 0.000000 104.598999 0.000000 3.989000 0.000000 1460935.182000 449170.736000 13.214780 80.530869 0.000000 0.000000 0.000000 0.000000 0.000000 0.000000
17:54:05 34.000000 0.000000 0.000000 0.000000 104.598999 0.000000 3.989000 0.000000 1460935.182000 449170.736000 13.214780 80.530869 0.000000 0.000000 0.000000 0.000000 0.000000 0.000000
17:54:06 34.200001 0.000000 0.000000 0.000000 104.598999 0.000000 3.989000 0.000000 1460935.182000 449170.736000 13.214780 80.530869 0.000000 0.000000 0.000000 0.000000 0.000000 0.000000
17:54:07 34.400002 0.000000 0.000000 0.000000 104.598999 0.000000 3.989000 0.000000 1460935.182000 449170.736000 13.214780 80.530869 0.000000 0.000000 0.000000 0.000000 0.000000 0.000000
17:54:08 34.599998 0.000000 0.000000 0.000000 104.598999 0.000000 3.989000 0.000000 1460935.182000 449170.736000 13.214780 80.530869 0.000000 0.000000 0.000000 0.000000 0.000000 0.000000
17:54:10 34.700001 0.000000 0.000000 0.000000 104.598999 0.000000 3.989000 0.000000 1460935.182000 449170.736000 13.214780 80.530869 0.000000 0.000000 0.000000 0.000000 0.000000 0.000000
17:54:11 34.700001 0.000000 0.000000 0.000000 104.598999 0.000000 3.989000 0.000000 1460935.182000 449170.736000 13.214780 80.530869 0.000000 0.000000 0.000000 0.000000 0.000000 0.000000
17:54:12 34.900002 0.000000 0.000000 0.000000 104.598999 0.000000 3.989000 0.000000 1460935.182000 449170.736000 13.214780 80.530869 0.000000 0.000000 0.000000 0.000000 0.000000 0.000000
17:54:13 35.000000 0.000000 0.000000 0.000000 104.598999 0.000000 3.989000 0.000000 1460935.182000 449170.736000 13.214780 80.530869 0.000000 0.000000 0.000000 0.000000 0.000000 0.000000
17:54:14 35.099998 0.000000 0.000000 0.000000 104.598999 0.000000 3.989000 0.000000 1460935.182000 449170.736000 13.214780 80.530869 0.000000 0.000000 0.000000 0.000000 0.000000 0.000000
17:54:16 35.200001 0.000000 0.000000 0.000000 104.598999 0.000000 3.989000 0.000000 1460935.182000 449170.736000 13.214780 80.530869 0.000000 0.000000 0.000000 0.000000 0.000000 0.000000
17:54:17 35.200001 0.000000 0.000000 0.000000 104.598999 0.000000 3.989000 0.000000 1460935.182000 449170.736000 13.214780 80.530869 0.000000 0.000000 0.000000 0.000000 0.000000 0.000000
17:54:18 35.299999 0.000000 0.000000 0.000000 104.598999 0.000000 3.989000 0.000000 1460935.182000 449170.736000 13.214780 80.530869 0.000000 0.000000 0.000000 0.000000 0.000000 0.000000
17:54:19 35.500000 0.000000 0.000000 0.000000 104.598999 0.000000 3.989000 0.000000 1460935.182000 449170.736000 13.214780 80.530869 0.000000 0.000000 0.000000 0.000000 0.000000 0.000000
17:54:20 35.599998 0.000000 0.000000 0.000000 104.598999 0.000000 3.989000 0.000000 1460935.182000 449170.736000 13.214780 80.530869 0.000000 0.000000 0.000000 0.000000 0.000000 0.000000
17:54:22 35.599998 0.000000 0.000000 0.000000 104.598999 0.000000 3.989000 0.000000 1460935.182000 449170.736000 13.214780 80.530869 0.000000 0.000000 0.000000 0.000000 0.000000 0.000000
17:54:23 35.599998 0.000000 0.000000 0.000000 104.598999 0.000000 3.989000 0.000000 1460935.182000 449170.736000 13.214780 80.530869 0.000000 0.000000 0.000000 0.000000 0.000000 0.000000
17:54:24 35.700001 0.000000 0.000000 0.000000 104.598999 0.000000 3.989000 0.000000 1460935.182000 449170.736000 13.214780 80.530869 0.000000 0.000000 0.000000 0.000000 0.000000 0.000000
17:54:25 35.799999 0.000000 0.000000 0.000000 104.598999 0.000000 3.989000 0.000000 1460935.182000 449170.736000 13.214780 80.530869 0.000000 0.000000 0.000000 0.000000 0.000000 0.000000
