18:23:00 0.500000 0.000000 3.610000 0.000000 177.703003 0.000000 -3.324000 0.000000 2604411.858000 530963.671000 23.549751 87.303383 0.000000 0.000000 0.000000 0.000000 0.000000 0.000000
18:23:00 0.500000 0.000000 3.610000 0.000000 178.356003 0.000000 -2.890000 0.000000 2604411.896000 530963.710000 23.549751 87.303383 0.000000 0.000000 0.000000 0.000000 0.000000 0.000000
18:23:01 0.500000 0.000000 3.610000 0.000000 178.356003 0.000000 -2.890000 0.000000 2604411.896000 530963.710000 23.549751 87.303383 0.000000 0.000000 0.000000 0.000000 0.000000 0.000000
18:23:01 0.500000 0.000000 3.610000 0.000000 178.356003 0.000000 -2.890000 0.000000 2604411.896000 530963.710000 23.549751 87.303383 0.000000 0.000000 0.000000 0.000000 0.000000 0.000000
18:23:01 0.500000 0.000000 3.610000 0.000000 178.356003 0.000000 -2.890000 0.000000 2604411.896000 530963.710000 23.549751 87.303383 0.000000 0.000000 0.000000 0.000000 0.000000 0.000000
18:23:02 0.500000 0.000000 3.610000 0.000000 178.356003 0.000000 -2.890000 0.000000 2604411.896000 530963.710000 23.549751 87.303383 0.000000 0.000000 0.000000 0.000000 0.000000 0.000000
18:23:02 0.500000 0.000000 3.610000 0.000000 178.356003 0.000000 -2.890000 0.000000 2604411.898000 530963.819000 23.549751 87.303383 0.000000 0.000000 0.000000 0.000000 0.000000 0.000000
18:23:03 0.500000 0.000000 3.610000 0.000000 178.356003 0.000000 -2.890000 0.000000 2604411.898000 530963.819000 23.549751 87.303383 0.000000 0.000000 0.000000 0.000000 0.000000 0.000000
18:23:03 0.500000 0.000000 3.610000 0.000000 178.356003 0.000000 -2.890000 0.000000 2604411.820000 530963.838000 23.549751 87.303383 0.000000 0.000000 0.000000 0.000000 0.000000 0.000000
18:23:03 0.500000 0.000000 3.610000 0.000000 178.356003 0.000000 -2.890000 0.000000 2604411.820000 530963.838000 23.549751 87.303383 0.000000 0.000000 0.000000 0.000000 0.000000 0.000000
18:23:04 0.500000 0.000000 3.610000 0.000000 178.356003 0.000000 -2.890000 0.000000 2604411.820000 530963.838000 23.549751 87.303383 0.000000 0.000000 0.000000 0.000000 0.000000 0.000000
18:23:04 0.500000 0.000000 3.610000 0.000000 178.356003 0.000000 -2.890000 0.000000 2604411.820000 530963.838000 23.549751 87.303383 0.000000 0.000000 0.000000 0.000000 0.000000 0.000000
18:23:05 0.500000 0.000000 3.610000 0.000000 178.356003 0.000000 -2.890000 0.000000 2604411.820000 530963.838000 23.549751 87.303383 0.000000 0.000000 0.000000 0.000000 0.000000 0.000000
18:23:05 0.500000 0.000000 3.610000 0.000000 178.356003 0.000000 -2.890000 0.000000 2604411.811000 530963.941000 23.549751 87.303383 0.000000 0.000000 0.000000 0.000000 0.000000 0.000000
18:23:05 0.500000 0.000000 3.610000 0.000000 178.356003 0.000000 -2.890000 0.000000 2604411.811000 530963.941000 23.549751 87.303383 0.000000 0.000000 0.000000 0.000000 0.000000 0.000000
18:23:06 0.500000 0.000000 3.610000 0.000000 178.356003 0.000000 -2.890000 0.000000 2604411.811000 530963.941000 23.549751 87.303383 0.000000 0.000000 0.000000 0.000000 0.000000 0.000000
18:23:06 0.500000 0.000000 3.610000 0.000000 178.356003 0.000000 -2.890000 0.000000 2604411.786000 530963.988000 23.549751 87.303383 0.000000 0.000000 0.000000 0.000000 0.000000 0.000000
18:23:07 0.500000 0.000000 3.610000 0.000000 178.356003 0.000000 -2.890000 0.000000 2604411.786000 530963.988000 23.549751 87.303383 0.000000 0.000000 0.000000 0.000000 0.000000 0.000000
18:23:07 0.500000 0.000000 3.610000 0.000000 178.356003 0.000000 -2.890000 0.000000 2604411.840000 530964.007000 23.549751 87.303383 0.000000 0.000000 0.000000 0.000000 0.000000 0.000000
18:23:07 0.500000 0.000000 3.610000 0.000000 178.356003 0.000000 -2.890000 0.000000 2604411.840000 530964.007000 23.549751 87.303383 0.000000 0.000000 0.000000 0.000000 0.000000 0.000000
18:23:08 0.500000 0.000000 3.610000 0.000000 178.356003 0.000000 -2.890000 0.000000 2604411.840000 530964.007000 23.549751 87.303383 0.000000 0.000000 0.000000 0.000000 0.000000 0.000000
18:23:08 0.500000 0.000000 3.610000 0.000000 178.356003 0.000000 -2.890000 0.000000 2604411.840000 530964.007000 23.549751 87.303383 0.000000 0.000000 0.000000 0.000000 0.000000 0.000000
18:23:09 0.500000 0.000000 3.610000 0.000000 178.356003 0.000000 -2.890000 0.000000 2604411.840000 530964.007000 23.549751 87.303383 0.000000 0.000000 0.000000 0.000000 0.000000 0.000000
18:23:09 0.500000 0.000000 3.610000 0.000000 178.356003 0.000000 -2.890000 0.000000 2604411.873000 530963.957000 23.549751 87.303383 0.000000 0.000000 0.000000 0.000000 0.000000 0.000000
18:23:09 0.500000 0.000000 3.610000 0.000000 178.356003 0.000000 -2.890000 0.000000 2604411.873000 530963.957000 23.549751 87.303383 0.000000 0.000000 0.000000 0.000000 0.000000 0.000000
18:23:10 0.500000 0.000000 3.610000 0.000000 178.356003 0.000000 -2.890000 0.000000 2604411.873000 530963.957000 23.549751 87.303383 0.000000 0.000000 0.000000 0.000000 0.000000 0.000000
18:23:10 0.500000 0.000000 3.610000 0.000000 178.356003 0.000000 -2.890000 0.000000 2604411.877000 530963.973000 23.549751 87.303383 0.000000 0.000000 0.000000 0.000000 0.000000 0.000000
18:23:11 0.500000 0.000000 3.610000 0.000000 178.356003 0.000000 -2.890000 0.000000 2604411.877000 530963.973000 23.549751 87.303383 0.000000 0.000000 0.000000 0.000000 0.000000 0.000000
18:23:11 0.500000 0.000000 3.610000 0.000000 178.356003 0.000000 -2.890000 0.000000 2604411.877000 530963.973000 23.549751 87.303383 0.000000 0.000000 0.000000 0.000000 0.000000 0.000000
18:23:11 0.500000 0.000000 3.610000 0.000000 178.356003 0.000000 -2.890000 0.000000 2604411.877000 530963.973000 23.549751 87.303383 0.000000 0.000000 0.000000 0.000000 0.000000 0.000000
18:23:12 0.500000 0.000000 3.610000 0.000000 178.356003 0.000000 -2.890000 0.000000 2604411.877000 530963.973000 23.549751 87.303383 0.000000 0.000000 0.000000 0.000000 0.000000 0.000000
18:23:12 0.500000 0.000000 3.610000 0.000000 178.356003 0.000000 -2.890000 0.000000 2604411.933000 530964.004000 23.549751 87.303383 0.000000 0.000000 0.000000 0.000000 0.000000 0.000000
18:23:13 0.500000 0.000000 3.610000 0.000000 178.356003 0.000000 -2.890000 0.000000 2604411.933000 530964.004000 23.549751 87.303383 0.000000 0.000000 0.000000 0.000000 0.000000 0.000000
18:23:13 0.500000 0.000000 3.610000 0.000000 178.356003 0.000000 -2.890000 0.000000 2604411.974000 530964.003000 23.549751 87.303383 0.000000 0.000000 0.000000 0.000000 0.000000 0.000000
18:23:13 0.500000 0.000000 3.610000 0.000000 178.356003 0.000000 -2.890000 0.000000 2604411.974000 530964.003000 23.549751 87.303383 0.000000 0.000000 0.000000 0.000000 0.000000 0.000000
18:23:14 0.500000 0.000000 3.610000 0.000000 178.356003 0.000000 -2.890000 0.000000 2604411.974000 530964.003000 23.549751 87.303383 0.000000 0.000000 0.000000 0.000000 0.000000 0.000000
18:23:14 0.500000 0.000000 3.610000 0.000000 178.356003 0.000000 -2.890000 0.000000 2604411.974000 530964.003000 23.549751 87.303383 0.000000 0.000000 0.000000 0.000000 0.000000 0.000000
18:23:15 0.500000 0.000000 3.610000 0.000000 178.356003 0.000000 -2.890000 0.000000 2604411.974000 530964.003000 23.549751 87.303383 0.000000 0.000000 0.000000 0.000000 0.000000 0.000000
18:23:15 0.500000 0.000000 3.610000 0.000000 178.356003 0.000000 -2.890000 0.000000 2604412.053000 530963.954000 23.549751 87.303383 0.000000 0.000000 0.000000 0.000000 0.000000 0.000000
18:23:15 0.500000 0.000000 3.610000 0.000000 178.356003 0.000000 -2.890000 0.000000 2604412.053000 530963.954000 23.549751 87.303383 0.000000 0.000000 0.000000 0.000000 0.000000 0.000000
18:23:16 0.500000 0.000000 3.610000 0.000000 178.356003 0.000000 -2.890000 0.000000 2604412.053000 530963.954000 23.549751 87.303383 0.000000 0.000000 0.000000 0.000000 0.000000 0.000000
18:23:16 0.500000 0.000000 3.610000 0.000000 178.356003 0.000000 -2.890000 0.000000 2604412.019000 530964.007000 23.549751 87.303383 0.000000 0.000000 0.000000 0.000000 0.000000 0.000000
18:23:17 0.500000 0.000000 3.610000 0.000000 178.356003 0.000000 -2.890000 0.000000 2604412.019000 530964.007000 23.549751 87.303383 0.000000 0.000000 0.000000 0.000000 0.000000 0.000000
18:23:17 0.500000 0.000000 3.610000 0.000000 178.356003 0.000000 -2.890000 0.000000 2604412.019000 530964.007000 23.549751 87.303383 0.000000 0.000000 0.000000 0.000000 0.000000 0.000000
18:23:17 0.500000 0.000000 3.610000 0.000000 178.356003 0.000000 -2.890000 0.000000 2604412.019000 530964.007000 23.549751 87.303383 0.000000 0.000000 0.000000 0.000000 0.000000 0.000000
18:23:18 0.500000 0.000000 3.610000 0.000000 178.356003 0.000000 -2.890000 0.000000 2604412.019000 530964.007000 23.549751 87.303383 0.000000 0.000000 0.000000 0.000000 0.000000 0.000000
18:23:18 0.500000 0.000000 3.610000 0.000000 178.356003 0.000000 -2.890000 0.000000 2604412.054000 530964.018000 23.549751 87.303383 0.000000 0.000000 0.000000 0.000000 0.000000 0.000000
18:23:19 0.500000 0.000000 3.610000 0.000000 178.356003 0.000000 -2.890000 0.000000 2604412.054000 530964.018000 23.549751 87.303383 0.000000 0.000000 0.000000 0.000000 0.000000 0.000000
18:23:19 0.500000 0.000000 3.610000 0.000000 178.356003 0.000000 -2.890000 0.000000 2604412.054000 530964.018000 23.549751 87.303383 0.000000 0.000000 0.000000 0.000000 0.000000 0.000000
18:23:19 0.500000 0.000000 3.610000 0.000000 178.356003 0.000000 -2.890000 0.000000 2604412.054000 530964.018000 23.549751 87.303383 0.000000 0.000000 0.000000 0.000000 0.000000 0.000000
18:23:20 0.500000 0.000000 3.610000 0.000000 178.356003 0.000000 -2.890000 0.000000 2604412.054000 530964.018000 23.549751 87.303383 0.000000 0.000000 0.000000 0.000000 0.000000 0.000000
18:23:20 0.500000 0.000000 3.610000 0.000000 178.356003 0.000000 -2.890000 0.000000 2604412.054000 530964.018000 23.549751 87.303383 0.000000 0.000000 0.000000 0.000000 0.000000 0.000000
18:23:21 0.500000 0.000000 3.610000 0.000000 178.356003 0.000000 -2.890000 0.000000 2604412.054000 530964.018000 23.549751 87.303383 0.000000 0.000000 0.000000 0.000000 0.000000 0.000000
18:23:21 0.500000 0.000000 3.610000 0.000000 178.356003 0.000000 -2.890000 0.000000 2604412.167000 530964.037000 23.549751 87.303383 0.000000 0.000000 0.000000 0.000000 0.000000 0.000000
18:23:21 0.500000 0.000000 3.610000 0.000000 178.356003 0.000000 -2.890000 0.000000 2604412.167000 530964.037000 23.549751 87.303383 0.000000 0.000000 0.000000 0.000000 0.000000 0.000000
18:23:22 0.500000 0.000000 3.610000 0.000000 178.356003 0.000000 -2.890000 0.000000 2604412.167000 530964.037000 23.549751 87.303383 0.000000 0.000000 0.000000 0.000000 0.000000 0.000000
18:23:22 0.500000 0.000000 3.610000 0.000000 178.356003 0.000000 -2.890000 0.000000 2604412.133000 530964.077000 23.549751 87.303383 0.000000 0.000000 0.000000 0.000000 0.000000 0.000000
18:23:23 0.500000 0.000000 3.610000 0.000000 178.356003 0.000000 -2.890000 0.000000 2604412.133000 530964.077000 23.549751 87.303383 0.000000 0.000000 0.000000 0.000000 0.000000 0.000000
18:23:23 0.500000 0.000000 3.610000 0.000000 178.356003 0.000000 -2.890000 0.000000 2604412.212000 530964.065000 23.549751 87.303383 0.000000 0.000000 0.000000 0.000000 0.000000 0.000000
18:23:23 0.500000 0.000000 3.610000 0.000000 178.356003 0.000000 -2.890000 0.000000 2604412.212000 530964.065000 23.549751 87.303383 0.000000 0.000000 0.000000 0.000000 0.000000 0.000000
18:23:24 0.500000 0.000000 3.610000 0.000000 178.356003 0.000000 -2.890000 0.000000 2604412.212000 530964.065000 23.549751 87.303383 0.000000 0.000000 0.000000 0.000000 0.000000 0.000000
18:23:24 0.500000 0.000000 3.610000 0.000000 178.356003 0.000000 -2.890000 0.000000 2604412.212000 530964.065000 23.549751 87.303383 0.000000 0.000000 0.000000 0.000000 0.000000 0.000000
18:23:25 0.500000 0.000000 3.610000 0.000000 178.356003 0.000000 -2.890000 0.000000 2604412.212000 530964.065000 23.549751 87.303383 0.000000 0.000000 0.000000 0.000000 0.000000 0.000000
18:23:25 0.500000 0.000000 3.610000 0.000000 178.356003 0.000000 -2.890000 0.000000 2604412.260000 530964.070000 23.549751 87.303383 0.000000 0.000000 0.000000 0.000000 0.000000 0.000000
18:23:25 0.500000 0.000000 3.610000 0.000000 178.356003 0.000000 -2.890000 0.000000 2604412.260000 530964.070000 23.549751 87.303383 0.000000 0.000000 0.000000 0.000000 0.000000 0.000000
18:23:26 0.500000 0.000000 3.610000 0.000000 178.356003 0.000000 -2.890000 0.000000 2604412.260000 530964.070000 23.549751 87.303383 0.000000 0.000000 0.000000 0.000000 0.000000 0.000000
18:23:26 0.500000 0.000000 3.610000 0.000000 178.356003 0.000000 -2.890000 0.000000 2604412.260000 530964.070000 23.549751 87.303383 0.000000 0.000000 0.000000 0.000000 0.000000 0.000000
18:23:27 0.500000 0.000000 3.610000 0.000000 178.356003 0.000000 -2.890000 0.000000 2604412.260000 530964.070000 23.549751 87.303383 0.000000 0.000000 0.000000 0.000000 0.000000 0.000000
18:23:27 0.500000 0.000000 3.610000 0.000000 178.356003 0.000000 -2.890000 0.000000 2604412.302000 530964.081000 23.549751 87.303383 0.000000 0.000000 0.000000 0.000000 0.000000 0.000000
18:23:27 0.500000 0.000000 3.610000 0.000000 178.356003 0.000000 -2.890000 0.000000 2604412.302000 530964.081000 23.549751 87.303383 0.000000 0.000000 0.000000 0.000000 0.000000 0.000000
18:23:28 0.500000 0.000000 3.610000 0.000000 178.356003 0.000000 -2.890000 0.000000 2604412.302000 530964.081000 23.549751 87.303383 0.000000 0.000000 0.000000 0.000000 0.000000 0.000000
18:23:28 0.500000 0.000000 3.610000 0.000000 178.356003 0.000000 -2.890000 0.000000 2604412.302000 530964.081000 23.549751 87.303383 0.000000 0.000000 0.000000 0.000000 0.000000 0.000000
18:23:29 0.500000 0.000000 3.610000 0.000000 178.356003 0.000000 -2.890000 0.000000 2604412.302000 530964.081000 23.549751 87.303383 0.000000 0.000000 0.000000 0.000000 0.000000 0.000000
18:23:29 0.500000 0.000000 3.610000 0.000000 178.356003 0.000000 -2.890000 0.000000 2604412.328000 530964.126000 23.549751 87.303383 0.000000 0.000000 0.000000 0.000000 0.000000 0.000000
18:23:29 0.500000 0.000000 3.610000 0.000000 178.356003 0.000000 -2.890000 0.000000 2604412.328000 530964.126000 23.549751 87.303383 0.000000 0.000000 0.000000 0.000000 0.000000 0.000000
18:23:30 0.500000 0.000000 3.610000 0.000000 178.356003 0.000000 -2.890000 0.000000 2604412.328000 530964.126000 23.549751 87.303383 0.000000 0.000000 0.000000 0.000000 0.000000 0.000000
18:23:30 0.500000 0.000000 3.610000 0.000000 178.356003 0.000000 -2.890000 0.000000 2604412.328000 530964.126000 23.549751 87.303383 0.000000 0.000000 0.000000 0.000000 0.000000 0.000000
18:23:31 0.500000 0.000000 3.610000 0.000000 178.356003 0.000000 -2.890000 0.000000 2604412.328000 530964.126000 23.549751 87.303383 0.000000 0.000000 0.000000 0.000000 0.000000 0.000000
18:23:31 0.500000 0.000000 3.610000 0.000000 178.356003 0.000000 -2.890000 0.000000 2604412.352000 530964.152000 23.549751 87.303383 0.000000 0.000000 0.000000 0.000000 0.000000 0.000000
18:23:31 0.500000 0.000000 3.610000 0.000000 178.356003 0.000000 -2.890000 0.000000 2604412.352000 530964.152000 23.549751 87.303383 0.000000 0.000000 0.000000 0.000000 0.000000 0.000000
18:23:32 0.500000 0.000000 3.610000 0.000000 178.356003 0.000000 -2.890000 0.000000 2604412.352000 530964.152000 23.549751 87.303383 0.000000 0.000000 0.000000 0.000000 0.000000 0.000000
