18:09:45 0.300000 0.000000 3.625000 0.000000 0.715000 0.000000 -0.394000 0.000000 2604407.895000 530964.536000 23.549715 87.303391 0.000000 0.000000 0.000000 0.000000 0.000000 0.000000
18:09:46 0.300000 0.000000 3.625000 0.000000 0.715000 0.000000 -0.394000 0.000000 2604407.895000 530964.536000 23.549715 87.303391 0.000000 0.000000 0.000000 0.000000 0.000000 0.000000
18:09:46 0.300000 0.000000 3.625000 0.000000 0.715000 0.000000 -0.394000 0.000000 2604407.895000 530964.536000 23.549715 87.303391 0.000000 0.000000 0.000000 0.000000 0.000000 0.000000
18:09:46 0.300000 0.000000 3.625000 0.000000 0.715000 0.000000 -0.394000 0.000000 2604407.895000 530964.536000 23.549715 87.303391 0.000000 0.000000 0.000000 0.000000 0.000000 0.000000
18:09:47 0.300000 0.000000 3.625000 0.000000 0.715000 0.000000 -0.394000 0.000000 2604407.895000 530964.536000 23.549715 87.303391 0.000000 0.000000 0.000000 0.000000 0.000000 0.000000
18:09:47 0.300000 0.000000 3.625000 0.000000 0.715000 0.000000 -0.394000 0.000000 2604407.895000 530964.536000 23.549715 87.303391 0.000000 0.000000 0.000000 0.000000 0.000000 0.000000
18:09:48 0.300000 0.000000 3.625000 0.000000 0.715000 0.000000 -0.394000 0.000000 2604407.895000 530964.536000 23.549715 87.303391 0.000000 0.000000 0.000000 0.000000 0.000000 0.000000
18:09:48 0.300000 0.000000 3.625000 0.000000 0.715000 0.000000 -0.394000 0.000000 2604407.790000 530964.421000 23.549715 87.303391 0.000000 0.000000 0.000000 0.000000 0.000000 0.000000
18:09:48 0.300000 0.000000 3.625000 0.000000 0.715000 0.000000 -0.394000 0.000000 2604407.790000 530964.421000 23.549715 87.303391 0.000000 0.000000 0.000000 0.000000 0.000000 0.000000
18:09:49 0.300000 0.000000 3.625000 0.000000 0.715000 0.000000 -0.394000 0.000000 2604407.790000 530964.421000 23.549715 87.303391 0.000000 0.000000 0.000000 0.000000 0.000000 0.000000
18:09:49 0.300000 0.000000 3.625000 0.000000 0.715000 0.000000 -0.394000 0.000000 2604407.743000 530964.437000 23.549715 87.303391 0.000000 0.000000 0.000000 0.000000 0.000000 0.000000
18:09:50 0.300000 0.000000 3.625000 0.000000 0.715000 0.000000 -0.394000 0.000000 2604407.743000 530964.437000 23.549715 87.303391 0.000000 0.000000 0.000000 0.000000 0.000000 0.000000
18:09:50 0.300000 0.000000 3.625000 0.000000 0.715000 0.000000 -0.394000 0.000000 2604407.722000 530964.350000 23.549715 87.303391 0.000000 0.000000 0.000000 0.000000 0.000000 0.000000
18:09:50 0.300000 0.000000 3.625000 0.000000 0.715000 0.000000 -0.394000 0.000000 2604407.722000 530964.350000 23.549715 87.303391 0.000000 0.000000 0.000000 0.000000 0.000000 0.000000
18:09:51 0.300000 0.000000 3.625000 0.000000 0.715000 0.000000 -0.394000 0.000000 2604407.722000 530964.350000 23.549715 87.303391 0.000000 0.000000 0.000000 0.000000 0.000000 0.000000
18:09:51 0.300000 0.000000 3.625000 0.000000 0.715000 0.000000 -0.394000 0.000000 2604407.681000 530964.326000 23.549715 87.303391 0.000000 0.000000 0.000000 0.000000 0.000000 0.000000
18:09:52 0.300000 0.000000 3.625000 0.000000 0.715000 0.000000 -0.394000 0.000000 2604407.681000 530964.326000 23.549715 87.303391 0.000000 0.000000 0.000000 0.000000 0.000000 0.000000
18:09:52 0.300000 0.000000 3.625000 0.000000 0.715000 0.000000 -0.394000 0.000000 2604407.681000 530964.326000 23.549715 87.303391 0.000000 0.000000 0.000000 0.000000 0.000000 0.000000
18:09:52 0.300000 0.000000 3.625000 0.000000 0.715000 0.000000 -0.394000 0.000000 2604407.681000 530964.326000 23.549715 87.303391 0.000000 0.000000 0.000000 0.000000 0.000000 0.000000
18:09:53 0.300000 0.000000 3.625000 0.000000 0.715000 0.000000 -0.394000 0.000000 2604407.681000 530964.326000 23.549715 87.303391 0.000000 0.000000 0.000000 0.000000 0.000000 0.000000
18:09:53 0.300000 0.000000 3.625000 0.000000 0.715000 0.000000 -0.394000 0.000000 2604407.681000 530964.326000 23.549715 87.303391 0.000000 0.000000 0.000000 0.000000 0.000000 0.000000
18:09:54 0.300000 0.000000 3.625000 0.000000 0.715000 0.000000 -0.394000 0.000000 2604407.681000 530964.326000 23.549715 87.303391 0.000000 0.000000 0.000000 0.000000 0.000000 0.000000
18:09:54 0.300000 0.000000 3.625000 0.000000 0.715000 0.000000 -0.394000 0.000000 2604407.708000 530964.248000 23.549715 87.303391 0.000000 0.000000 0.000000 0.000000 0.000000 0.000000
18:09:54 0.300000 0.000000 3.625000 0.000000 0.715000 0.000000 -0.394000 0.000000 2604407.708000 530964.248000 23.549715 87.303391 0.000000 0.000000 0.000000 0.000000 0.000000 0.000000
18:09:55 0.300000 0.000000 3.625000 0.000000 0.715000 0.000000 -0.394000 0.000000 2604407.708000 530964.248000 23.549715 87.303391 0.000000 0.000000 0.000000 0.000000 0.000000 0.000000
18:09:55 0.300000 0.000000 3.625000 0.000000 0.715000 0.000000 -0.394000 0.000000 2604407.708000 530964.248000 23.549715 87.303391 0.000000 0.000000 0.000000 0.000000 0.000000 0.000000
18:09:56 0.300000 0.000000 3.625000 0.000000 0.715000 0.000000 -0.394000 0.000000 2604407.708000 530964.248000 23.549715 87.303391 0.000000 0.000000 0.000000 0.000000 0.000000 0.000000
18:09:56 0.300000 0.000000 3.625000 0.000000 0.715000 0.000000 -0.394000 0.000000 2604407.708000 530964.248000 23.549715 87.303391 0.000000 0.000000 0.000000 0.000000 0.000000 0.000000
18:09:56 0.300000 0.000000 3.625000 0.000000 0.715000 0.000000 -0.394000 0.000000 2604407.708000 530964.248000 23.549715 87.303391 0.000000 0.000000 0.000000 0.000000 0.000000 0.000000
18:09:57 0.300000 0.000000 3.625000 0.000000 0.715000 0.000000 -0.394000 0.000000 2604407.708000 530964.248000 23.549715 87.303391 0.000000 0.000000 0.000000 0.000000 0.000000 0.000000
18:09:57 0.300000 0.000000 3.625000 0.000000 0.715000 0.000000 -0.394000 0.000000 2604407.708000 530964.248000 23.549715 87.303391 0.000000 0.000000 0.000000 0.000000 0.000000 0.000000
18:09:58 0.300000 0.000000 3.625000 0.000000 0.715000 0.000000 -0.394000 0.000000 2604407.708000 530964.248000 23.549715 87.303391 0.000000 0.000000 0.000000 0.000000 0.000000 0.000000
18:09:58 0.300000 0.000000 3.625000 0.000000 0.715000 0.000000 -0.394000 0.000000 2604407.708000 530964.248000 23.549715 87.303391 0.000000 0.000000 0.000000 0.000000 0.000000 0.000000
18:09:58 0.300000 0.000000 3.625000 0.000000 0.715000 0.000000 -0.394000 0.000000 2604407.708000 530964.248000 23.549715 87.303391 0.000000 0.000000 0.000000 0.000000 0.000000 0.000000
18:09:59 0.300000 0.000000 3.625000 0.000000 0.715000 0.000000 -0.394000 0.000000 2604407.708000 530964.248000 23.549715 87.303391 0.000000 0.000000 0.000000 0.000000 0.000000 0.000000
18:09:59 0.300000 0.000000 3.625000 0.000000 0.715000 0.000000 -0.394000 0.000000 2604407.708000 530964.248000 23.549715 87.303391 0.000000 0.000000 0.000000 0.000000 0.000000 0.000000
18:10:00 0.300000 0.000000 3.625000 0.000000 0.715000 0.000000 -0.394000 0.000000 2604407.708000 530964.248000 23.549715 87.303391 0.000000 0.000000 0.000000 0.000000 0.000000 0.000000
18:10:00 0.300000 0.000000 3.625000 0.000000 0.715000 0.000000 -0.394000 0.000000 2604407.932000 530964.852000 23.549715 87.303391 0.000000 0.000000 0.000000 0.000000 0.000000 0.000000
18:10:00 0.300000 0.000000 3.625000 0.000000 0.715000 0.000000 -0.394000 0.000000 2604407.932000 530964.852000 23.549715 87.303391 0.000000 0.000000 0.000000 0.000000 0.000000 0.000000
18:10:01 0.300000 0.000000 3.625000 0.000000 0.715000 0.000000 -0.394000 0.000000 2604407.932000 530964.852000 23.549715 87.303391 0.000000 0.000000 0.000000 0.000000 0.000000 0.000000
18:10:01 0.300000 0.000000 3.625000 0.000000 0.715000 0.000000 -0.394000 0.000000 2604408.089000 530964.930000 23.549715 87.303391 0.000000 0.000000 0.000000 0.000000 0.000000 0.000000
18:10:02 0.300000 0.000000 3.625000 0.000000 0.715000 0.000000 -0.394000 0.000000 2604408.089000 530964.930000 23.549715 87.303391 0.000000 0.000000 0.000000 0.000000 0.000000 0.000000
18:10:02 0.300000 0.000000 3.625000 0.000000 0.715000 0.000000 -0.394000 0.000000 2604408.243000 530964.930000 23.549715 87.303391 0.000000 0.000000 0.000000 0.000000 0.000000 0.000000
18:10:02 0.300000 0.000000 3.625000 0.000000 0.715000 0.000000 -0.394000 0.000000 2604408.243000 530964.930000 23.549715 87.303391 0.000000 0.000000 0.000000 0.000000 0.000000 0.000000
18:10:03 0.300000 0.000000 3.625000 0.000000 0.715000 0.000000 -0.394000 0.000000 2604408.243000 530964.930000 23.549715 87.303391 0.000000 0.000000 0.000000 0.000000 0.000000 0.000000
18:10:03 0.300000 0.000000 3.625000 0.000000 0.715000 0.000000 -0.394000 0.000000 2604408.243000 530964.930000 23.549715 87.303391 0.000000 0.000000 0.000000 0.000000 0.000000 0.000000
18:10:04 0.300000 0.000000 3.625000 0.000000 0.715000 0.000000 -0.394000 0.000000 2604408.243000 530964.930000 23.549715 87.303391 0.000000 0.000000 0.000000 0.000000 0.000000 0.000000
18:10:04 0.300000 0.000000 3.625000 0.000000 0.715000 0.000000 -0.394000 0.000000 2604408.511000 530964.938000 23.549715 87.303391 0.000000 0.000000 0.000000 0.000000 0.000000 0.000000
18:10:04 0.300000 0.000000 3.625000 0.000000 0.715000 0.000000 -0.394000 0.000000 2604408.511000 530964.938000 23.549715 87.303391 0.000000 0.000000 0.000000 0.000000 0.000000 0.000000
18:10:05 0.300000 0.000000 3.625000 0.000000 0.715000 0.000000 -0.394000 0.000000 2604408.511000 530964.938000 23.549715 87.303391 0.000000 0.000000 0.000000 0.000000 0.000000 0.000000
18:10:05 0.300000 0.000000 3.625000 0.000000 0.715000 0.000000 -0.394000 0.000000 2604408.511000 530964.938000 23.549715 87.303391 0.000000 0.000000 0.000000 0.000000 0.000000 0.000000
18:10:06 0.300000 0.000000 3.625000 0.000000 0.715000 0.000000 -0.394000 0.000000 2604408.511000 530964.938000 23.549715 87.303391 0.000000 0.000000 0.000000 0.000000 0.000000 0.000000
18:10:06 0.300000 0.000000 3.625000 0.000000 0.715000 0.000000 -0.394000 0.000000 2604408.679000 530964.958000 23.549715 87.303391 0.000000 0.000000 0.000000 0.000000 0.000000 0.000000
18:10:06 0.300000 0.000000 3.625000 0.000000 0.715000 0.000000 -0.394000 0.000000 2604408.679000 530964.958000 23.549715 87.303391 0.000000 0.000000 0.000000 0.000000 0.000000 0.000000
18:10:07 0.300000 0.000000 3.625000 0.000000 0.715000 0.000000 -0.394000 0.000000 2604408.679000 530964.958000 23.549715 87.303391 0.000000 0.000000 0.000000 0.000000 0.000000 0.000000
18:10:07 0.300000 0.000000 3.625000 0.000000 0.715000 0.000000 -0.394000 0.000000 2604408.679000 530964.958000 23.549715 87.303391 0.000000 0.000000 0.000000 0.000000 0.000000 0.000000
18:10:08 0.300000 0.000000 3.625000 0.000000 0.715000 0.000000 -0.394000 0.000000 2604408.679000 530964.958000 23.549715 87.303391 0.000000 0.000000 0.000000 0.000000 0.000000 0.000000
18:10:08 0.300000 0.000000 3.625000 0.000000 0.715000 0.000000 -0.394000 0.000000 2604408.877000 530964.968000 23.549715 87.303391 0.000000 0.000000 0.000000 0.000000 0.000000 0.000000
18:10:08 0.300000 0.000000 3.625000 0.000000 0.715000 0.000000 -0.394000 0.000000 2604408.877000 530964.968000 23.549715 87.303391 0.000000 0.000000 0.000000 0.000000 0.000000 0.000000
18:10:09 0.300000 0.000000 3.625000 0.000000 0.715000 0.000000 -0.394000 0.000000 2604408.877000 530964.968000 23.549715 87.303391 0.000000 0.000000 0.000000 0.000000 0.000000 0.000000
18:10:09 0.300000 0.000000 3.625000 0.000000 0.715000 0.000000 -0.394000 0.000000 2604408.877000 530964.968000 23.549715 87.303391 0.000000 0.000000 0.000000 0.000000 0.000000 0.000000
18:10:10 0.300000 0.000000 3.625000 0.000000 0.715000 0.000000 -0.394000 0.000000 2604408.877000 530964.968000 23.549715 87.303391 0.000000 0.000000 0.000000 0.000000 0.000000 0.000000
18:10:10 0.300000 0.000000 3.625000 0.000000 0.715000 0.000000 -0.394000 0.000000 2604408.877000 530964.968000 23.549715 87.303391 0.000000 0.000000 0.000000 0.000000 0.000000 0.000000
18:10:10 0.300000 0.000000 3.625000 0.000000 0.715000 0.000000 -0.394000 0.000000 2604408.877000 530964.968000 23.549715 87.303391 0.000000 0.000000 0.000000 0.000000 0.000000 0.000000
18:10:11 0.300000 0.000000 3.625000 0.000000 0.715000 0.000000 -0.394000 0.000000 2604408.877000 530964.968000 23.549715 87.303391 0.000000 0.000000 0.000000 0.000000 0.000000 0.000000
18:10:11 0.300000 0.000000 3.625000 0.000000 0.715000 0.000000 -0.394000 0.000000 2604408.877000 530964.968000 23.549715 87.303391 0.000000 0.000000 0.000000 0.000000 0.000000 0.000000
18:10:12 0.300000 0.000000 3.625000 0.000000 0.715000 0.000000 -0.394000 0.000000 2604408.877000 530964.968000 23.549715 87.303391 0.000000 0.000000 0.000000 0.000000 0.000000 0.000000
18:10:12 0.300000 0.000000 3.625000 0.000000 0.715000 0.000000 -0.394000 0.000000 2604409.098000 530965.027000 23.549715 87.303391 0.000000 0.000000 0.000000 0.000000 0.000000 0.000000
18:10:12 0.300000 0.000000 3.625000 0.000000 0.715000 0.000000 -0.394000 0.000000 2604409.098000 530965.027000 23.549715 87.303391 0.000000 0.000000 0.000000 0.000000 0.000000 0.000000
18:10:13 0.300000 0.000000 3.625000 0.000000 0.715000 0.000000 -0.394000 0.000000 2604409.098000 530965.027000 23.549715 87.303391 0.000000 0.000000 0.000000 0.000000 0.000000 0.000000
18:10:13 0.300000 0.000000 3.625000 0.000000 0.715000 0.000000 -0.394000 0.000000 2604409.098000 530965.027000 23.549715 87.303391 0.000000 0.000000 0.000000 0.000000 0.000000 0.000000
18:10:14 0.300000 0.000000 3.625000 0.000000 0.715000 0.000000 -0.394000 0.000000 2604409.098000 530965.027000 23.549715 87.303391 0.000000 0.000000 0.000000 0.000000 0.000000 0.000000
18:10:14 0.300000 0.000000 3.625000 0.000000 0.715000 0.000000 -0.394000 0.000000 2604409.333000 530965.013000 23.549715 87.303391 0.000000 0.000000 0.000000 0.000000 0.000000 0.000000
18:10:14 0.300000 0.000000 3.625000 0.000000 0.715000 0.000000 -0.394000 0.000000 2604409.333000 530965.013000 23.549715 87.303391 0.000000 0.000000 0.000000 0.000000 0.000000 0.000000
18:10:15 0.300000 0.000000 3.625000 0.000000 0.715000 0.000000 -0.394000 0.000000 2604409.333000 530965.013000 23.549715 87.303391 0.000000 0.000000 0.000000 0.000000 0.000000 0.000000
18:10:15 0.300000 0.000000 3.625000 0.000000 0.715000 0.000000 -0.394000 0.000000 2604409.652000 530964.968000 23.549715 87.303391 0.000000 0.000000 0.000000 0.000000 0.000000 0.000000
18:10:16 0.300000 0.000000 3.625000 0.000000 0.715000 0.000000 -0.394000 0.000000 2604409.652000 530964.968000 23.549715 87.303391 0.000000 0.000000 0.000000 0.000000 0.000000 0.000000
18:10:16 0.300000 0.000000 3.625000 0.000000 0.715000 0.000000 -0.394000 0.000000 2604409.652000 530964.968000 23.549715 87.303391 0.000000 0.000000 0.000000 0.000000 0.000000 0.000000
18:10:16 0.300000 0.000000 3.625000 0.000000 0.715000 0.000000 -0.394000 0.000000 2604409.652000 530964.968000 23.549715 87.303391 0.000000 0.000000 0.000000 0.000000 0.000000 0.000000
18:10:17 0.300000 0.000000 3.625000 0.000000 0.715000 0.000000 -0.394000 0.000000 2604409.652000 530964.968000 23.549715 87.303391 0.000000 0.000000 0.000000 0.000000 0.000000 0.000000
18:10:17 0.300000 0.000000 3.625000 0.000000 0.715000 0.000000 -0.394000 0.000000 2604409.909000 530964.967000 23.549715 87.303391 0.000000 0.000000 0.000000 0.000000 0.000000 0.000000
18:10:18 0.300000 0.000000 3.625000 0.000000 0.715000 0.000000 -0.394000 0.000000 2604409.909000 530964.967000 23.549715 87.303391 0.000000 0.000000 0.000000 0.000000 0.000000 0.000000
18:10:18 0.300000 0.000000 3.625000 0.000000 0.715000 0.000000 -0.394000 0.000000 2604409.831000 530964.986000 23.549715 87.303391 0.000000 0.000000 0.000000 0.000000 0.000000 0.000000
18:10:18 0.300000 0.000000 3.625000 0.000000 0.715000 0.000000 -0.394000 0.000000 2604409.831000 530964.986000 23.549715 87.303391 0.000000 0.000000 0.000000 0.000000 0.000000 0.000000
18:10:19 0.300000 0.000000 3.625000 0.000000 0.715000 0.000000 -0.394000 0.000000 2604409.831000 530964.986000 23.549715 87.303391 0.000000 0.000000 0.000000 0.000000 0.000000 0.000000
18:10:19 0.300000 0.000000 3.625000 0.000000 0.715000 0.000000 -0.394000 0.000000 2604409.975000 530964.942000 23.549715 87.303391 0.000000 0.000000 0.000000 0.000000 0.000000 0.000000
18:10:20 0.300000 0.000000 3.625000 0.000000 0.715000 0.000000 -0.394000 0.000000 2604409.975000 530964.942000 23.549715 87.303391 0.000000 0.000000 0.000000 0.000000 0.000000 0.000000
18:10:20 0.300000 0.000000 3.625000 0.000000 0.715000 0.000000 -0.394000 0.000000 2604409.975000 530964.942000 23.549715 87.303391 0.000000 0.000000 0.000000 0.000000 0.000000 0.000000
18:10:20 0.300000 0.000000 3.625000 0.000000 0.715000 0.000000 -0.394000 0.000000 2604409.975000 530964.942000 23.549715 87.303391 0.000000 0.000000 0.000000 0.000000 0.000000 0.000000
18:10:21 0.300000 0.000000 3.625000 0.000000 0.715000 0.000000 -0.394000 0.000000 2604409.975000 530964.942000 23.549715 87.303391 0.000000 0.000000 0.000000 0.000000 0.000000 0.000000
18:10:21 0.300000 0.000000 3.625000 0.000000 0.715000 0.000000 -0.394000 0.000000 2604409.975000 530964.942000 23.549715 87.303391 0.000000 0.000000 0.000000 0.000000 0.000000 0.000000
18:10:22 0.300000 0.000000 3.625000 0.000000 0.715000 0.000000 -0.394000 0.000000 2604409.975000 530964.942000 23.549715 87.303391 0.000000 0.000000 0.000000 0.000000 0.000000 0.000000
18:10:22 0.300000 0.000000 3.625000 0.000000 0.715000 0.000000 -0.394000 0.000000 2604410.330000 530964.874000 23.549715 87.303391 0.000000 0.000000 0.000000 0.000000 0.000000 0.000000
18:10:22 0.300000 0.000000 3.625000 0.000000 0.715000 0.000000 -0.394000 0.000000 2604410.330000 530964.874000 23.549715 87.303391 0.000000 0.000000 0.000000 0.000000 0.000000 0.000000
18:10:23 0.300000 0.000000 3.625000 0.000000 0.715000 0.000000 -0.394000 0.000000 2604410.330000 530964.874000 23.549715 87.303391 0.000000 0.000000 0.000000 0.000000 0.000000 0.000000
18:10:23 0.300000 0.000000 3.625000 0.000000 0.715000 0.000000 -0.394000 0.000000 2604410.330000 530964.874000 23.549715 87.303391 0.000000 0.000000 0.000000 0.000000 0.000000 0.000000
18:10:24 0.300000 0.000000 3.625000 0.000000 0.715000 0.000000 -0.394000 0.000000 2604410.330000 530964.874000 23.549715 87.303391 0.000000 0.000000 0.000000 0.000000 0.000000 0.000000
18:10:24 0.300000 0.000000 3.625000 0.000000 0.715000 0.000000 -0.394000 0.000000 2604410.330000 530964.874000 23.549715 87.303391 0.000000 0.000000 0.000000 0.000000 0.000000 0.000000
18:10:24 0.300000 0.000000 3.625000 0.000000 0.715000 0.000000 -0.394000 0.000000 2604410.330000 530964.874000 23.549715 87.303391 0.000000 0.000000 0.000000 0.000000 0.000000 0.000000
18:10:25 0.300000 0.000000 3.625000 0.000000 0.715000 0.000000 -0.394000 0.000000 2604410.330000 530964.874000 23.549715 87.303391 0.000000 0.000000 0.000000 0.000000 0.000000 0.000000
18:10:25 0.300000 0.000000 3.625000 0.000000 0.715000 0.000000 -0.394000 0.000000 2604410.330000 530964.874000 23.549715 87.303391 0.000000 0.000000 0.000000 0.000000 0.000000 0.000000
18:10:26 0.300000 0.000000 3.625000 0.000000 0.715000 0.000000 -0.394000 0.000000 2604410.330000 530964.874000 23.549715 87.303391 0.000000 0.000000 0.000000 0.000000 0.000000 0.000000
18:10:26 0.300000 0.000000 3.625000 0.000000 0.715000 0.000000 -0.394000 0.000000 2604410.330000 530964.874000 23.549715 87.303391 0.000000 0.000000 0.000000 0.000000 0.000000 0.000000
18:10:26 0.300000 0.000000 3.625000 0.000000 0.715000 0.000000 -0.394000 0.000000 2604410.330000 530964.874000 23.549715 87.303391 0.000000 0.000000 0.000000 0.000000 0.000000 0.000000
18:10:27 0.300000 0.000000 3.625000 0.000000 0.715000 0.000000 -0.394000 0.000000 2604410.330000 530964.874000 23.549715 87.303391 0.000000 0.000000 0.000000 0.000000 0.000000 0.000000
18:10:27 0.300000 0.000000 3.625000 0.000000 0.715000 0.000000 -0.394000 0.000000 2604410.330000 530964.874000 23.549715 87.303391 0.000000 0.000000 0.000000 0.000000 0.000000 0.000000
18:10:28 0.300000 0.000000 3.625000 0.000000 0.715000 0.000000 -0.394000 0.000000 2604410.330000 530964.874000 23.549715 87.303391 0.000000 0.000000 0.000000 0.000000 0.000000 0.000000
18:10:28 0.300000 0.000000 3.625000 0.000000 0.715000 0.000000 -0.394000 0.000000 2604410.745000 530964.274000 23.549715 87.303391 0.000000 0.000000 0.000000 0.000000 0.000000 0.000000
18:10:28 0.300000 0.000000 3.625000 0.000000 0.715000 0.000000 -0.394000 0.000000 2604410.745000 530964.274000 23.549715 87.303391 0.000000 0.000000 0.000000 0.000000 0.000000 0.000000
18:10:29 0.300000 0.000000 3.625000 0.000000 0.715000 0.000000 -0.394000 0.000000 2604410.745000 530964.274000 23.549715 87.303391 0.000000 0.000000 0.000000 0.000000 0.000000 0.000000
18:10:29 0.300000 0.000000 3.625000 0.000000 0.715000 0.000000 -0.394000 0.000000 2604410.745000 530964.274000 23.549715 87.303391 0.000000 0.000000 0.000000 0.000000 0.000000 0.000000
18:10:30 0.300000 0.000000 3.625000 0.000000 0.715000 0.000000 -0.394000 0.000000 2604410.745000 530964.274000 23.549715 87.303391 0.000000 0.000000 0.000000 0.000000 0.000000 0.000000
