12:15:24 0.900000 0.000000 3.750000 0.000000 231.369995 0.000000 2.683000 0.000000 2604409.958000 530966.158000 23.549734 87.303406 0.000000 0.000000 0.000000 0.000000 0.000000 0.000000
12:15:25 1.100000 0.000000 3.750000 0.000000 240.699997 0.000000 4.176000 0.000000 2604409.846000 530966.149000 23.549732 87.303406 0.000000 0.000000 0.000000 0.000000 20.850000 182.000000
12:15:27 1.200000 0.000000 3.750000 0.000000 250.488998 0.000000 4.848000 0.000000 2604409.866000 530966.159000 23.549732 87.303406 0.000000 0.000000 0.000000 0.000000 14.550000 180.000000
12:15:29 1.200000 0.000000 3.750000 0.000000 261.726990 0.000000 5.251000 0.000000 2604409.805000 530966.158000 23.549732 87.303406 0.000000 0.000000 0.000000 0.000000 3.000000 177.000000
12:15:31 1.300000 0.000000 3.750000 0.000000 273.535004 0.000000 5.677000 0.000000 2604409.890000 530966.171000 23.549734 87.303406 0.140969 0.000000 0.000000 0.000000 13.650000 175.000000
12:15:33 1.400000 0.000000 3.750000 0.000000 285.601990 0.000000 6.165000 0.000000 2604410.003000 530966.183000 23.549734 87.303406 0.253040 0.000000 0.000000 0.000000 2.550000 174.000000
12:15:34 1.500000 0.000000 3.750000 0.000000 297.574005 0.000000 6.696000 0.000000 2604410.031000 530966.231000 23.549734 87.303406 0.284347 0.000000 0.000000 0.000000 9.750000 176.000000
12:15:36 1.500000 0.000000 3.750000 0.000000 308.769989 0.000000 7.346000 0.000000 2604409.964000 530966.292000 23.549734 87.303406 0.238152 0.000000 0.000000 0.000000 22.799999 178.000000
12:15:38 1.500000 0.000000 3.750000 0.000000 319.289001 0.000000 7.971000 0.000000 2604409.961000 530966.372000 23.549734 87.303406 0.280288 0.000000 0.000000 0.000000 13.050000 181.000000
12:15:40 1.600000 0.000000 3.750000 0.000000 328.209991 0.000000 8.436000 0.000000 2604409.981000 530966.426000 23.549734 87.303406 0.332029 0.000000 0.000000 0.000000 14.250000 183.000000
12:15:42 1.600000 0.000000 3.750000 0.000000 335.487000 0.000000 8.495000 0.000000 2604410.011000 530966.494000 23.549734 87.303406 0.402571 0.000000 0.000000 0.000000 15.600000 184.000000
12:15:43 1.700000 0.000000 3.750000 0.000000 341.152008 0.000000 8.004000 0.000000 2604410.034000 530966.561000 23.549734 87.303406 0.469210 0.000000 0.000000 0.000000 5.250000 182.000000
12:15:45 1.800000 0.000000 3.750000 0.000000 345.445007 0.000000 6.943000 0.000000 2604409.933000 530966.604000 23.549734 87.303406 0.078811 0.000000 0.000000 0.000000 5.550000 180.000000
12:15:47 1.800000 0.000000 3.750000 0.000000 348.570007 0.000000 5.453000 0.000000 2604409.855000 530966.645000 23.549732 87.303413 0.166827 0.000000 0.000000 0.000000 5.400000 177.000000
12:15:49 1.900000 0.000000 3.750000 0.000000 350.954987 0.000000 3.453000 0.000000 2604409.737000 530966.670000 23.549732 87.303413 0.284122 0.000000 0.000000 0.000000 5.700000 175.000000
12:15:51 1.900000 0.000000 3.750000 0.000000 352.975006 0.000000 1.441000 0.000000 2604409.609000 530966.657000 23.549730 87.303406 0.402258 0.000000 0.000000 0.000000 10.950000 174.000000
12:15:52 2.000000 0.000000 3.750000 0.000000 354.484009 0.000000 -0.216000 0.000000 2604409.433000 530966.617000 23.549728 87.303406 0.569613 0.000000 0.000000 0.000000 9.900000 176.000000
12:15:54 2.000000 0.000000 3.750000 0.000000 355.681000 0.000000 -1.468000 0.000000 2604409.135000 530966.570000 23.549726 87.303406 0.865032 0.000000 0.000000 0.000000 6.300000 178.000000
12:15:56 2.100000 0.000000 3.750000 0.000000 356.431000 0.000000 -2.273000 0.000000 2604408.805000 530966.492000 23.549723 87.303406 1.197078 0.000000 0.000000 0.000000 7.050000 181.000000
12:15:58 2.100000 0.000000 3.750000 0.000000 356.654999 0.000000 -3.020000 0.000000 2604408.240000 530966.417000 23.549717 87.303406 1.766004 0.000000 0.000000 0.000000 7.050000 183.000000
12:16:00 2.100000 0.000000 3.750000 0.000000 355.938995 0.000000 -4.181000 0.000000 2604407.612000 530966.430000 23.549709 87.303406 2.391673 0.000000 0.000000 0.000000 10.350000 184.000000
12:16:01 2.200000 0.000000 3.750000 0.000000 354.993988 0.000000 -6.323000 0.000000 2604406.459000 530966.401000 23.549700 87.303406 3.544681 0.000000 0.000000 0.000000 6.300000 182.000000
12:16:03 2.300000 0.000000 3.750000 0.000000 353.723999 0.000000 -8.883000 0.000000 2604405.367000 530966.325000 23.549690 87.303406 4.639083 0.000000 0.000000 0.000000 6.150000 180.000000
12:16:05 2.300000 0.000000 3.750000 0.000000 352.466003 0.000000 -11.221000 0.000000 2604403.887000 530966.389000 23.549679 87.303406 6.115461 0.000000 0.000000 0.000000 6.900000 177.000000
12:16:07 2.500000 0.000000 3.750000 0.000000 351.648010 0.000000 -12.908000 0.000000 2604402.790000 530966.501000 23.549665 87.303406 7.210262 0.000000 0.000000 0.000000 5.850000 175.000000
12:16:09 2.600000 0.000000 3.750000 0.000000 351.187988 0.000000 -14.113000 0.000000 2604401.303000 530966.505000 23.549654 87.303406 8.697189 0.000000 0.000000 0.000000 5.550000 174.000000
12:16:10 2.700000 0.000000 3.750000 0.000000 350.729004 0.000000 -14.911000 0.000000 2604400.031000 530966.728000 23.549644 87.303413 9.970373 0.000000 0.000000 0.000000 6.450000 176.000000
12:16:12 2.700000 0.000000 3.750000 0.000000 350.312988 0.000000 -15.358000 0.000000 2604398.836000 530966.828000 23.549633 87.303413 11.167156 0.000000 0.000000 0.000000 7.500000 178.000000
12:16:14 2.900000 0.000000 3.750000 0.000000 349.634003 0.000000 -15.802000 0.000000 2604397.507000 530967.038000 23.549622 87.303413 12.502046 0.000000 0.000000 0.000000 7.500000 181.000000
12:16:16 3.000000 0.000000 3.750000 0.000000 348.464996 0.000000 -16.723000 0.000000 2604396.595000 530967.089000 23.549610 87.303413 13.415336 0.000000 0.000000 0.000000 7.650000 183.000000
12:16:18 3.100000 0.000000 3.750000 0.000000 346.502014 0.000000 -17.676001 0.000000 2604395.434000 530967.273000 23.549601 87.303413 14.583318 0.000000 0.000000 0.000000 7.350000 184.000000
12:16:19 3.100000 0.000000 3.750000 0.000000 344.175995 0.000000 -18.363001 0.000000 2604394.598000 530967.387000 23.549595 87.303413 15.424053 0.000000 0.000000 0.000000 6.600000 182.000000
12:16:21 3.200000 0.000000 3.750000 0.000000 341.964996 0.000000 -18.568001 0.000000 2604393.848000 530967.573000 23.549587 87.303421 16.183578 0.000000 0.000000 0.000000 6.300000 180.000000
12:16:23 3.200000 0.000000 3.750000 0.000000 340.243988 0.000000 -18.264999 0.000000 2604392.715000 530968.038000 23.549578 87.303421 0.451747 0.000000 0.000000 0.000000 6.300000 177.000000
12:16:25 3.300000 0.000000 3.750000 0.000000 339.345001 0.000000 -17.787001 0.000000 2604391.983000 530968.319000 23.549568 87.303429 1.197114 0.000000 0.000000 0.000000 16.950001 175.000000
12:16:27 3.300000 0.000000 3.750000 0.000000 338.851013 0.000000 -16.631001 0.000000 2604391.307000 530968.796000 23.549566 87.303429 2.023616 0.000000 0.000000 0.000000 6.000000 174.000000
12:16:29 3.000000 0.000000 3.750000 0.000000 339.015991 0.000000 -13.335000 0.000000 2604391.673000 530968.698000 23.549568 87.303429 1.667945 0.000000 0.000000 0.000000 16.650000 176.000000
12:16:30 2.700000 0.000000 3.750000 0.000000 339.618011 0.000000 -10.157000 0.000000 2604392.082000 530968.638000 23.549572 87.303429 1.321429 0.000000 0.000000 0.000000 6.750000 178.000000
12:16:32 2.500000 0.000000 3.750000 0.000000 340.554993 0.000000 -7.359000 0.000000 2604392.460000 530968.478000 23.549578 87.303429 0.957335 0.000000 0.000000 0.000000 18.150000 181.000000
12:16:34 2.200000 0.000000 3.750000 0.000000 340.960999 0.000000 -4.036000 0.000000 2604393.776000 530967.989000 23.549591 87.303421 0.832513 0.000000 0.000000 0.000000 6.450000 183.000000
12:16:36 1.800000 0.000000 3.750000 0.000000 341.407013 0.000000 0.088000 0.000000 2604395.708000 530967.695000 23.549610 87.303421 2.708010 0.000000 0.000000 0.000000 6.150000 184.000000
12:16:38 1.400000 0.000000 3.750000 0.000000 341.705994 0.000000 5.420000 0.000000 2604397.954000 530967.077000 23.549625 87.303413 4.991476 0.000000 0.000000 0.000000 5.400000 182.000000
12:16:39 1.200000 0.000000 3.750000 0.000000 342.384003 0.000000 11.885000 0.000000 2604399.472000 530966.567000 23.549644 87.303406 1.553159 0.000000 0.000000 0.000000 4.500000 180.000000
12:16:41 1.000000 0.000000 3.750000 0.000000 343.806000 0.000000 17.841999 0.000000 2604401.203000 530966.192000 23.549658 87.303406 3.319184 0.000000 0.000000 0.000000 4.500000 177.000000
12:16:43 0.900000 0.000000 3.750000 0.000000 345.924988 0.000000 21.896000 0.000000 2604402.455000 530965.854000 23.549669 87.303398 4.616004 0.000000 0.000000 0.000000 4.500000 177.000000
12:16:45 0.800000 0.000000 3.750000 0.000000 348.369995 0.000000 23.514000 0.000000 2604403.420000 530965.668000 23.549675 87.303398 5.596519 0.000000 0.000000 0.000000 17.100000 174.000000
12:16:47 0.800000 0.000000 3.750000 0.000000 350.285004 0.000000 22.573000 0.000000 2604404.052000 530965.551000 23.549681 87.303398 6.237895 0.000000 0.000000 0.000000 4.350000 176.000000
12:16:48 0.900000 0.000000 3.750000 0.000000 351.506012 0.000000 19.452999 0.000000 2604404.403000 530965.475000 23.549683 87.303398 6.596860 0.000000 0.000000 0.000000 4.800000 178.000000
12:16:50 1.100000 0.000000 3.750000 0.000000 352.428009 0.000000 15.073000 0.000000 2604404.664000 530965.451000 23.549686 87.303398 6.856080 0.000000 0.000000 0.000000 4.800000 181.000000
12:16:52 1.300000 0.000000 3.750000 0.000000 353.063995 0.000000 10.248000 0.000000 2604404.782000 530965.432000 23.549686 87.303398 6.975246 0.000000 0.000000 0.000000 5.700000 183.000000
12:16:54 1.400000 0.000000 3.750000 0.000000 353.390991 0.000000 5.624000 0.000000 2604404.807000 530965.426000 23.549686 87.303398 7.000956 0.000000 0.000000 0.000000 10.650000 184.000000
12:16:56 1.600000 0.000000 3.750000 0.000000 353.523010 0.000000 1.803000 0.000000 2604404.793000 530965.407000 23.549686 87.303398 6.991819 0.000000 0.000000 0.000000 5.100000 182.000000
12:16:57 1.700000 0.000000 3.750000 0.000000 353.638000 0.000000 -0.847000 0.000000 2604404.753000 530965.425000 23.549686 87.303398 6.948699 0.000000 0.000000 0.000000 4.950000 180.000000
12:16:59 1.800000 0.000000 3.750000 0.000000 353.858002 0.000000 -2.273000 0.000000 2604404.705000 530965.431000 23.549686 87.303398 6.900639 0.000000 0.000000 0.000000 4.950000 177.000000
12:17:01 1.900000 0.000000 3.750000 0.000000 354.325012 0.000000 -2.548000 0.000000 2604404.708000 530965.452000 23.549686 87.303398 6.898622 0.000000 0.000000 0.000000 13.800000 175.000000
12:17:03 1.900000 0.000000 3.750000 0.000000 355.072998 0.000000 -1.956000 0.000000 2604404.738000 530965.464000 23.549686 87.303398 6.925016 0.000000 0.000000 0.000000 4.800000 174.000000
12:17:05 1.900000 0.000000 3.750000 0.000000 356.092987 0.000000 -0.692000 0.000000 2604404.818000 530965.500000 23.549686 87.303398 6.994750 0.000000 0.000000 0.000000 5.400000 176.000000
12:17:06 2.000000 0.000000 3.750000 0.000000 357.386993 0.000000 0.939000 0.000000 2604404.907000 530965.536000 23.549688 87.303398 7.073673 0.000000 0.000000 0.000000 5.250000 178.000000
12:17:08 1.900000 0.000000 3.750000 0.000000 358.822998 0.000000 2.557000 0.000000 2604404.947000 530965.573000 23.549688 87.303398 7.104887 0.000000 0.000000 0.000000 5.550000 181.000000
12:17:10 1.900000 0.000000 3.750000 0.000000 0.445000 0.000000 3.901000 0.000000 2604404.949000 530965.585000 23.549688 87.303398 7.104337 0.000000 0.000000 0.000000 10.800000 183.000000
12:17:12 1.900000 0.000000 3.750000 0.000000 2.606000 0.000000 4.899000 0.000000 2604404.886000 530965.622000 23.549688 87.303398 7.104337 0.000000 0.000000 0.000000 10.950000 184.000000
12:17:14 1.900000 0.000000 3.750000 0.000000 7.164000 0.000000 5.365000 0.000000 2604404.845000 530965.634000 23.549686 87.303398 7.104337 0.000000 0.000000 0.000000 9.750000 182.000000
12:17:16 1.900000 0.000000 3.750000 0.000000 15.525000 0.000000 5.540000 0.000000 2604404.750000 530965.646000 23.549686 87.303398 7.104337 0.000000 0.000000 0.000000 9.600000 180.000000
12:17:18 1.900000 0.000000 3.750000 0.000000 26.136999 0.000000 5.388000 0.000000 2604404.688000 530965.671000 23.549685 87.303398 7.104337 0.000000 0.000000 0.000000 11.400000 177.000000
12:17:19 2.000000 0.000000 3.750000 0.000000 37.779999 0.000000 5.139000 0.000000 2604404.671000 530965.707000 23.549686 87.303398 7.104337 0.000000 0.000000 0.000000 11.100000 175.000000
12:17:21 2.000000 0.000000 3.750000 0.000000 49.744999 0.000000 5.334000 0.000000 2604404.674000 530965.732000 23.549686 87.303398 7.104337 0.000000 0.000000 0.000000 12.000000 174.000000
12:17:23 2.000000 0.000000 3.750000 0.000000 61.731998 0.000000 6.064000 0.000000 2604404.674000 530965.756000 23.549685 87.303398 7.104337 0.000000 0.000000 0.000000 11.250000 176.000000
12:17:25 2.000000 0.000000 3.750000 0.000000 73.619003 0.000000 7.179000 0.000000 2604404.654000 530965.768000 23.549685 87.303398 7.104337 0.000000 0.000000 0.000000 5.700000 178.000000
12:17:27 2.000000 0.000000 3.750000 0.000000 85.552002 0.000000 8.551000 0.000000 2604404.623000 530965.739000 23.549685 87.303398 0.127475 0.000000 0.000000 0.000000 4.650000 181.000000
12:17:28 2.000000 0.000000 3.750000 0.000000 97.735001 0.000000 9.900000 0.000000 2604404.605000 530965.707000 23.549685 87.303398 0.151242 0.000000 0.000000 0.000000 4.650000 181.000000
12:17:30 2.100000 0.000000 3.750000 0.000000 110.167999 0.000000 10.764000 0.000000 2604404.564000 530965.640000 23.549685 87.303398 0.216093 0.000000 0.000000 0.000000 11.700000 184.000000
12:17:32 2.100000 0.000000 3.750000 0.000000 122.738998 0.000000 11.092000 0.000000 2604404.540000 530965.561000 23.549685 87.303398 0.282526 0.000000 0.000000 0.000000 4.350000 182.000000
12:17:34 2.100000 0.000000 3.750000 0.000000 135.315994 0.000000 11.212000 0.000000 2604404.565000 530965.438000 23.549685 87.303398 0.362724 0.000000 0.000000 0.000000 13.200000 180.000000
12:17:36 2.100000 0.000000 3.750000 0.000000 147.205002 0.000000 11.350000 0.000000 2604404.719000 530965.352000 23.549686 87.303398 0.399205 0.000000 0.000000 0.000000 14.400000 177.000000
12:17:37 2.100000 0.000000 3.750000 0.000000 156.725006 0.000000 10.836000 0.000000 2604404.811000 530965.292000 23.549688 87.303398 0.462044 0.000000 0.000000 0.000000 5.850000 175.000000
12:17:39 2.100000 0.000000 3.750000 0.000000 164.259995 0.000000 9.916000 0.000000 2604405.049000 530965.230000 23.549690 87.303398 0.599834 0.000000 0.000000 0.000000 7.050000 174.000000
12:17:41 2.100000 0.000000 3.750000 0.000000 170.209000 0.000000 8.565000 0.000000 2604405.322000 530965.162000 23.549692 87.303398 0.820322 0.000000 0.000000 0.000000 8.250000 176.000000
12:17:43 2.200000 0.000000 3.750000 0.000000 174.623001 0.000000 6.960000 0.000000 2604405.611000 530965.094000 23.549694 87.303398 1.082431 0.000000 0.000000 0.000000 8.250000 178.000000
12:17:45 2.200000 0.000000 3.750000 0.000000 178.199997 0.000000 5.275000 0.000000 2604406.005000 530965.075000 23.549698 87.303398 0.507469 0.000000 0.000000 0.000000 10.350000 181.000000
12:17:46 2.200000 0.000000 3.750000 0.000000 180.822006 0.000000 3.456000 0.000000 2604406.814000 530965.156000 23.549706 87.303398 1.314366 0.000000 0.000000 0.000000 12.900000 183.000000
12:17:48 2.100000 0.000000 3.750000 0.000000 182.417999 0.000000 1.040000 0.000000 2604408.125000 530965.430000 23.549717 87.303398 2.642660 0.000000 0.000000 0.000000 13.050000 184.000000
12:17:50 2.200000 0.000000 3.750000 0.000000 183.214005 0.000000 -2.194000 0.000000 2604409.770000 530965.786000 23.549732 87.303398 4.320859 0.000000 0.000000 0.000000 11.850000 182.000000
12:17:52 2.200000 0.000000 3.750000 0.000000 183.240997 0.000000 -5.729000 0.000000 2604411.050000 530966.106000 23.549747 87.303406 5.636033 0.000000 0.000000 0.000000 10.950000 180.000000
12:17:54 2.300000 0.000000 3.750000 0.000000 183.056000 0.000000 -8.680000 0.000000 2604412.956000 530966.722000 23.549765 87.303413 7.625113 0.000000 0.000000 0.000000 10.500000 177.000000
12:17:55 2.400000 0.000000 3.750000 0.000000 182.899002 0.000000 -11.188000 0.000000 2604414.846000 530967.010000 23.549778 87.303413 9.534198 0.000000 0.000000 0.000000 11.250000 175.000000
12:17:57 2.500000 0.000000 3.750000 0.000000 182.750000 0.000000 -13.035000 0.000000 2604416.501000 530967.445000 23.549793 87.303421 11.242971 0.000000 0.000000 0.000000 9.600000 174.000000
12:17:59 2.600000 0.000000 3.750000 0.000000 182.462997 0.000000 -14.463000 0.000000 2604417.805000 530967.672000 23.549807 87.303421 12.565836 0.000000 0.000000 0.000000 9.900000 176.000000
12:18:01 2.800000 0.000000 3.750000 0.000000 182.188995 0.000000 -15.543000 0.000000 2604419.345000 530968.132000 23.549820 87.303429 14.167783 0.000000 0.000000 0.000000 10.650000 178.000000
12:18:03 3.000000 0.000000 3.750000 0.000000 182.184006 0.000000 -16.493000 0.000000 2604420.882000 530968.619000 23.549837 87.303429 15.773838 0.000000 0.000000 0.000000 10.800000 181.000000
12:18:04 3.100000 0.000000 3.750000 0.000000 182.272995 0.000000 -17.396000 0.000000 2604422.577000 530968.914000 23.549847 87.303429 17.492296 0.000000 0.000000 0.000000 11.850000 183.000000
12:18:06 3.300000 0.000000 3.750000 0.000000 182.431000 0.000000 -18.191000 0.000000 2604423.751000 530969.283000 23.549858 87.303436 18.718653 0.000000 0.000000 0.000000 12.450000 184.000000
12:18:08 3.500000 0.000000 3.750000 0.000000 182.770996 0.000000 -19.547001 0.000000 2604424.772000 530969.437000 23.549868 87.303436 19.748501 0.000000 0.000000 0.000000 12.300000 182.000000
12:18:10 3.400000 0.000000 3.750000 0.000000 183.423996 0.000000 -21.264000 0.000000 2604424.770000 530969.336000 23.549866 87.303436 19.724741 0.000000 0.000000 0.000000 10.800000 180.000000
12:18:12 3.300000 0.000000 3.750000 0.000000 183.518997 0.000000 -19.049000 0.000000 2604424.331000 530969.170000 23.549862 87.303436 19.260544 0.000000 0.000000 0.000000 10.350000 177.000000
