17:46:32 0.300000 0.000000 3.610000 0.000000 219.548004 0.000000 -0.381000 0.000000 2604412.214000 530964.298000 23.549755 87.303391 0.000000 0.000000 0.000000 0.000000 0.000000 0.000000
17:46:33 0.300000 0.000000 3.610000 0.000000 219.666000 0.000000 -0.365000 0.000000 2604412.458000 530964.312000 23.549755 87.303391 0.000000 0.000000 0.000000 0.000000 0.000000 0.000000
17:46:33 0.300000 0.000000 3.610000 0.000000 219.666000 0.000000 -0.365000 0.000000 2604412.458000 530964.312000 23.549755 87.303391 0.000000 0.000000 0.000000 0.000000 0.000000 0.000000
17:46:33 0.300000 0.000000 3.610000 0.000000 219.666000 0.000000 -0.365000 0.000000 2604412.458000 530964.312000 23.549755 87.303391 0.000000 0.000000 0.000000 0.000000 0.000000 0.000000
17:46:33 0.300000 0.000000 3.610000 0.000000 219.666000 0.000000 -0.365000 0.000000 2604412.458000 530964.312000 23.549755 87.303391 0.000000 0.000000 0.000000 0.000000 0.000000 0.000000
17:46:34 0.300000 0.000000 3.610000 0.000000 219.666000 0.000000 -0.365000 0.000000 2604412.458000 530964.312000 23.549755 87.303391 0.000000 0.000000 0.000000 0.000000 0.000000 0.000000
17:46:34 0.300000 0.000000 3.610000 0.000000 219.666000 0.000000 -0.365000 0.000000 2604412.458000 530964.312000 23.549755 87.303391 0.000000 0.000000 0.000000 0.000000 0.000000 0.000000
17:46:34 0.300000 0.000000 3.610000 0.000000 220.731995 0.000000 -0.291000 0.000000 2604412.677000 530964.294000 23.549759 87.303391 0.000000 0.000000 0.000000 0.000000 0.000000 0.000000
17:46:34 0.300000 0.000000 3.610000 0.000000 220.731995 0.000000 -0.291000 0.000000 2604412.677000 530964.294000 23.549759 87.303391 0.000000 0.000000 0.000000 0.000000 0.000000 0.000000
17:46:35 0.300000 0.000000 3.610000 0.000000 220.731995 0.000000 -0.291000 0.000000 2604412.677000 530964.294000 23.549759 87.303391 0.000000 0.000000 0.000000 0.000000 0.000000 0.000000
17:46:35 0.300000 0.000000 3.610000 0.000000 220.731995 0.000000 -0.291000 0.000000 2604412.677000 530964.294000 23.549759 87.303391 0.000000 0.000000 0.000000 0.000000 0.000000 0.000000
17:46:35 0.300000 0.000000 3.610000 0.000000 220.731995 0.000000 -0.291000 0.000000 2604412.677000 530964.294000 23.549759 87.303391 0.000000 0.000000 0.000000 0.000000 0.000000 0.000000
17:46:35 0.300000 0.000000 3.610000 0.000000 220.731995 0.000000 -0.291000 0.000000 2604412.895000 530964.270000 23.549759 87.303391 0.000000 0.000000 0.000000 0.000000 0.000000 0.000000
17:46:36 0.300000 0.000000 3.610000 0.000000 220.731995 0.000000 -0.291000 0.000000 2604412.895000 530964.270000 23.549759 87.303391 0.000000 0.000000 0.000000 0.000000 0.000000 0.000000
17:46:36 0.300000 0.000000 3.610000 0.000000 220.731995 0.000000 -0.291000 0.000000 2604412.895000 530964.270000 23.549759 87.303391 0.000000 0.000000 0.000000 0.000000 0.000000 0.000000
17:46:36 0.300000 0.000000 3.610000 0.000000 220.731995 0.000000 -0.291000 0.000000 2604412.895000 530964.270000 23.549759 87.303391 0.000000 0.000000 0.000000 0.000000 0.000000 0.000000
17:46:36 0.300000 0.000000 3.610000 0.000000 220.731995 0.000000 -0.291000 0.000000 2604412.895000 530964.270000 23.549759 87.303391 0.000000 0.000000 0.000000 0.000000 0.000000 0.000000
17:46:37 0.300000 0.000000 3.610000 0.000000 226.255005 0.000000 -0.048000 0.000000 2604413.054000 530964.274000 23.549761 87.303383 0.000000 0.000000 0.000000 0.000000 0.000000 0.000000
17:46:37 0.300000 0.000000 3.610000 0.000000 226.255005 0.000000 -0.048000 0.000000 2604413.054000 530964.274000 23.549761 87.303383 0.000000 0.000000 0.000000 0.000000 0.000000 0.000000
17:46:37 0.300000 0.000000 3.610000 0.000000 227.373001 0.000000 -0.028000 0.000000 2604413.054000 530964.255000 23.549761 87.303383 0.000000 0.000000 0.000000 0.000000 0.000000 0.000000
17:46:37 0.300000 0.000000 3.610000 0.000000 228.548996 0.000000 -0.012000 0.000000 2604413.054000 530964.235000 23.549761 87.303383 0.000000 0.000000 0.000000 0.000000 0.000000 0.000000
17:46:38 0.300000 0.000000 3.610000 0.000000 228.548996 0.000000 -0.012000 0.000000 2604413.054000 530964.235000 23.549761 87.303383 0.000000 0.000000 0.000000 0.000000 0.000000 0.000000
17:46:38 0.300000 0.000000 3.610000 0.000000 228.548996 0.000000 -0.012000 0.000000 2604413.054000 530964.235000 23.549761 87.303383 0.000000 0.000000 0.000000 0.000000 0.000000 0.000000
17:46:38 0.300000 0.000000 3.610000 0.000000 228.548996 0.000000 -0.012000 0.000000 2604413.054000 530964.235000 23.549761 87.303383 0.000000 0.000000 0.000000 0.000000 0.000000 0.000000
17:46:38 0.300000 0.000000 3.610000 0.000000 228.548996 0.000000 -0.012000 0.000000 2604413.102000 530964.212000 23.549761 87.303383 0.000000 0.000000 0.000000 0.000000 0.000000 0.000000
17:46:39 0.300000 0.000000 3.610000 0.000000 228.548996 0.000000 -0.012000 0.000000 2604413.102000 530964.212000 23.549761 87.303383 0.000000 0.000000 0.000000 0.000000 0.000000 0.000000
17:46:39 0.300000 0.000000 3.610000 0.000000 233.029999 0.000000 0.006000 0.000000 2604412.909000 530964.194000 23.549759 87.303383 0.000000 0.000000 0.000000 0.000000 0.000000 0.000000
17:46:39 0.300000 0.000000 3.610000 0.000000 233.029999 0.000000 0.006000 0.000000 2604412.909000 530964.194000 23.549759 87.303383 0.000000 0.000000 0.000000 0.000000 0.000000 0.000000
17:46:39 0.300000 0.000000 3.610000 0.000000 233.029999 0.000000 0.006000 0.000000 2604412.909000 530964.165000 23.549759 87.303383 0.000000 0.000000 0.000000 0.000000 0.000000 0.000000
17:46:40 0.300000 0.000000 3.610000 0.000000 233.029999 0.000000 0.006000 0.000000 2604412.909000 530964.165000 23.549759 87.303383 0.000000 0.000000 0.000000 0.000000 0.000000 0.000000
17:46:40 0.300000 0.000000 3.610000 0.000000 233.029999 0.000000 0.006000 0.000000 2604412.909000 530964.165000 23.549759 87.303383 0.000000 0.000000 0.000000 0.000000 0.000000 0.000000
17:46:40 0.300000 0.000000 3.610000 0.000000 233.029999 0.000000 0.006000 0.000000 2604412.909000 530964.165000 23.549759 87.303383 0.000000 0.000000 0.000000 0.000000 0.000000 0.000000
17:46:40 0.300000 0.000000 3.610000 0.000000 237.875000 0.000000 -0.141000 0.000000 2604412.728000 530964.139000 23.549757 87.303383 0.000000 0.000000 0.000000 0.000000 0.000000 0.000000
17:46:41 0.300000 0.000000 3.610000 0.000000 237.875000 0.000000 -0.141000 0.000000 2604412.728000 530964.139000 23.549757 87.303383 0.000000 0.000000 0.000000 0.000000 0.000000 0.000000
17:46:41 0.300000 0.000000 3.610000 0.000000 237.875000 0.000000 -0.141000 0.000000 2604412.728000 530964.139000 23.549757 87.303383 0.000000 0.000000 0.000000 0.000000 0.000000 0.000000
17:46:41 0.300000 0.000000 3.610000 0.000000 237.875000 0.000000 -0.141000 0.000000 2604412.728000 530964.139000 23.549757 87.303383 0.000000 0.000000 0.000000 0.000000 0.000000 0.000000
17:46:41 0.300000 0.000000 3.610000 0.000000 237.875000 0.000000 -0.141000 0.000000 2604412.728000 530964.139000 23.549757 87.303383 0.000000 0.000000 0.000000 0.000000 0.000000 0.000000
17:46:42 0.300000 0.000000 3.610000 0.000000 242.895004 0.000000 -0.356000 0.000000 2604412.598000 530964.157000 23.549757 87.303383 0.000000 0.000000 0.000000 0.000000 0.000000 0.000000
17:46:42 0.300000 0.000000 3.610000 0.000000 242.895004 0.000000 -0.356000 0.000000 2604412.598000 530964.157000 23.549757 87.303383 0.000000 0.000000 0.000000 0.000000 0.000000 0.000000
17:46:42 0.300000 0.000000 3.610000 0.000000 244.356003 0.000000 -0.418000 0.000000 2604412.590000 530964.187000 23.549757 87.303383 0.000000 0.000000 0.000000 0.000000 0.000000 0.000000
17:46:42 0.300000 0.000000 3.610000 0.000000 245.796005 0.000000 -0.481000 0.000000 2604412.590000 530964.168000 23.549757 87.303383 0.000000 0.000000 0.000000 0.000000 0.000000 0.000000
17:46:43 0.300000 0.000000 3.610000 0.000000 245.796005 0.000000 -0.481000 0.000000 2604412.590000 530964.168000 23.549757 87.303383 0.000000 0.000000 0.000000 0.000000 0.000000 0.000000
17:46:43 0.300000 0.000000 3.610000 0.000000 245.796005 0.000000 -0.481000 0.000000 2604412.590000 530964.168000 23.549757 87.303383 0.000000 0.000000 0.000000 0.000000 0.000000 0.000000
17:46:43 0.300000 0.000000 3.610000 0.000000 245.796005 0.000000 -0.481000 0.000000 2604412.590000 530964.168000 23.549757 87.303383 0.000000 0.000000 0.000000 0.000000 0.000000 0.000000
17:46:43 0.300000 0.000000 3.610000 0.000000 245.796005 0.000000 -0.481000 0.000000 2604412.588000 530964.169000 23.549757 87.303383 0.000000 0.000000 0.000000 0.000000 0.000000 0.000000
17:46:44 0.300000 0.000000 3.610000 0.000000 245.796005 0.000000 -0.481000 0.000000 2604412.588000 530964.169000 23.549757 87.303383 0.000000 0.000000 0.000000 0.000000 0.000000 0.000000
17:46:44 0.300000 0.000000 3.610000 0.000000 250.660995 0.000000 -0.670000 0.000000 2604412.502000 530964.139000 23.549757 87.303383 0.000000 0.000000 0.000000 0.000000 0.000000 0.000000
17:46:44 0.300000 0.000000 3.610000 0.000000 250.660995 0.000000 -0.670000 0.000000 2604412.502000 530964.139000 23.549757 87.303383 0.000000 0.000000 0.000000 0.000000 0.000000 0.000000
17:46:44 0.300000 0.000000 3.610000 0.000000 250.660995 0.000000 -0.670000 0.000000 2604412.502000 530964.109000 23.549757 87.303383 0.000000 0.000000 0.000000 0.000000 0.000000 0.000000
17:46:45 0.300000 0.000000 3.610000 0.000000 250.660995 0.000000 -0.670000 0.000000 2604412.502000 530964.109000 23.549757 87.303383 0.000000 0.000000 0.000000 0.000000 0.000000 0.000000
17:46:45 0.300000 0.000000 3.610000 0.000000 250.660995 0.000000 -0.670000 0.000000 2604412.502000 530964.109000 23.549757 87.303383 0.000000 0.000000 0.000000 0.000000 0.000000 0.000000
17:46:45 0.300000 0.000000 3.610000 0.000000 250.660995 0.000000 -0.670000 0.000000 2604412.502000 530964.109000 23.549757 87.303383 0.000000 0.000000 0.000000 0.000000 0.000000 0.000000
17:46:45 0.300000 0.000000 3.610000 0.000000 255.335999 0.000000 -0.637000 0.000000 2604412.412000 530964.060000 23.549755 87.303383 0.000000 0.000000 0.000000 0.000000 0.000000 0.000000
17:46:46 0.300000 0.000000 3.610000 0.000000 255.335999 0.000000 -0.637000 0.000000 2604412.412000 530964.060000 23.549755 87.303383 0.000000 0.000000 0.000000 0.000000 0.000000 0.000000
17:46:46 0.300000 0.000000 3.610000 0.000000 255.335999 0.000000 -0.637000 0.000000 2604412.412000 530964.060000 23.549755 87.303383 0.000000 0.000000 0.000000 0.000000 0.000000 0.000000
17:46:46 0.300000 0.000000 3.610000 0.000000 255.335999 0.000000 -0.637000 0.000000 2604412.412000 530964.060000 23.549755 87.303383 0.000000 0.000000 0.000000 0.000000 0.000000 0.000000
17:46:46 0.300000 0.000000 3.610000 0.000000 255.335999 0.000000 -0.637000 0.000000 2604412.412000 530964.060000 23.549755 87.303383 0.000000 0.000000 0.000000 0.000000 0.000000 0.000000
17:46:47 0.300000 0.000000 3.610000 0.000000 259.686005 0.000000 -0.498000 0.000000 2604412.172000 530963.968000 23.549753 87.303383 0.000000 0.000000 0.000000 0.000000 0.000000 0.000000
17:46:47 0.300000 0.000000 3.610000 0.000000 259.686005 0.000000 -0.498000 0.000000 2604412.172000 530963.968000 23.549753 87.303383 0.000000 0.000000 0.000000 0.000000 0.000000 0.000000
17:46:47 0.300000 0.000000 3.610000 0.000000 260.881989 0.000000 -0.444000 0.000000 2604412.216000 530963.950000 23.549753 87.303383 0.000000 0.000000 0.000000 0.000000 0.000000 0.000000
17:46:47 0.300000 0.000000 3.610000 0.000000 262.049988 0.000000 -0.401000 0.000000 2604412.216000 530963.930000 23.549753 87.303383 0.000000 0.000000 0.000000 0.000000 0.000000 0.000000
17:46:48 0.300000 0.000000 3.610000 0.000000 262.049988 0.000000 -0.401000 0.000000 2604412.216000 530963.930000 23.549753 87.303383 0.000000 0.000000 0.000000 0.000000 0.000000 0.000000
17:46:48 0.300000 0.000000 3.610000 0.000000 262.049988 0.000000 -0.401000 0.000000 2604412.216000 530963.930000 23.549753 87.303383 0.000000 0.000000 0.000000 0.000000 0.000000 0.000000
17:46:48 0.300000 0.000000 3.610000 0.000000 262.049988 0.000000 -0.401000 0.000000 2604412.216000 530963.930000 23.549753 87.303383 0.000000 0.000000 0.000000 0.000000 0.000000 0.000000
17:46:48 0.300000 0.000000 3.610000 0.000000 262.049988 0.000000 -0.401000 0.000000 2604412.216000 530963.930000 23.549753 87.303383 0.000000 0.000000 0.000000 0.000000 0.000000 0.000000
17:46:49 0.300000 0.000000 3.610000 0.000000 262.049988 0.000000 -0.401000 0.000000 2604412.216000 530963.930000 23.549753 87.303383 0.000000 0.000000 0.000000 0.000000 0.000000 0.000000
17:46:49 0.300000 0.000000 3.610000 0.000000 262.049988 0.000000 -0.401000 0.000000 2604412.216000 530963.930000 23.549753 87.303383 0.000000 0.000000 0.000000 0.000000 0.000000 0.000000
17:46:49 0.300000 0.000000 3.610000 0.000000 262.049988 0.000000 -0.401000 0.000000 2604412.216000 530963.930000 23.549753 87.303383 0.000000 0.000000 0.000000 0.000000 0.000000 0.000000
17:46:49 0.300000 0.000000 3.610000 0.000000 262.049988 0.000000 -0.401000 0.000000 2604412.022000 530963.821000 23.549753 87.303383 0.000000 0.000000 0.000000 0.000000 0.000000 0.000000
17:46:50 0.300000 0.000000 3.610000 0.000000 262.049988 0.000000 -0.401000 0.000000 2604412.022000 530963.821000 23.549753 87.303383 0.000000 0.000000 0.000000 0.000000 0.000000 0.000000
17:46:50 0.300000 0.000000 3.610000 0.000000 262.049988 0.000000 -0.401000 0.000000 2604412.022000 530963.821000 23.549753 87.303383 0.000000 0.000000 0.000000 0.000000 0.000000 0.000000
17:46:50 0.300000 0.000000 3.610000 0.000000 269.342987 0.000000 -0.056000 0.000000 2604411.763000 530963.759000 23.549749 87.303383 0.000000 0.000000 0.000000 0.000000 0.000000 0.000000
17:46:50 0.300000 0.000000 3.610000 0.000000 269.342987 0.000000 -0.056000 0.000000 2604411.763000 530963.759000 23.549749 87.303383 0.000000 0.000000 0.000000 0.000000 0.000000 0.000000
17:46:51 0.300000 0.000000 3.610000 0.000000 269.342987 0.000000 -0.056000 0.000000 2604411.763000 530963.759000 23.549749 87.303383 0.000000 0.000000 0.000000 0.000000 0.000000 0.000000
17:46:51 0.300000 0.000000 3.610000 0.000000 269.342987 0.000000 -0.056000 0.000000 2604411.763000 530963.759000 23.549749 87.303383 0.000000 0.000000 0.000000 0.000000 0.000000 0.000000
17:46:51 0.300000 0.000000 3.610000 0.000000 269.342987 0.000000 -0.056000 0.000000 2604411.763000 530963.759000 23.549749 87.303383 0.000000 0.000000 0.000000 0.000000 0.000000 0.000000
17:46:51 0.300000 0.000000 3.610000 0.000000 273.069000 0.000000 -0.080000 0.000000 2604411.811000 530963.680000 23.549749 87.303383 0.000000 0.000000 0.000000 0.000000 0.000000 0.000000
17:46:52 0.300000 0.000000 3.610000 0.000000 273.069000 0.000000 -0.080000 0.000000 2604411.811000 530963.680000 23.549749 87.303383 0.000000 0.000000 0.000000 0.000000 0.000000 0.000000
17:46:52 0.300000 0.000000 3.610000 0.000000 273.069000 0.000000 -0.080000 0.000000 2604411.811000 530963.680000 23.549749 87.303383 0.000000 0.000000 0.000000 0.000000 0.000000 0.000000
17:46:52 0.300000 0.000000 3.610000 0.000000 273.069000 0.000000 -0.080000 0.000000 2604411.811000 530963.680000 23.549749 87.303383 0.000000 0.000000 0.000000 0.000000 0.000000 0.000000
17:46:52 0.300000 0.000000 3.610000 0.000000 273.069000 0.000000 -0.080000 0.000000 2604411.551000 530963.608000 23.549749 87.303383 0.000000 0.000000 0.000000 0.000000 0.000000 0.000000
17:46:53 0.300000 0.000000 3.610000 0.000000 273.069000 0.000000 -0.080000 0.000000 2604411.551000 530963.608000 23.549749 87.303383 0.000000 0.000000 0.000000 0.000000 0.000000 0.000000
17:46:53 0.300000 0.000000 3.610000 0.000000 276.325989 0.000000 -0.208000 0.000000 2604411.551000 530963.589000 23.549747 87.303383 0.000000 0.000000 0.000000 0.000000 0.000000 0.000000
17:46:53 0.300000 0.000000 3.610000 0.000000 276.325989 0.000000 -0.208000 0.000000 2604411.551000 530963.589000 23.549747 87.303383 0.000000 0.000000 0.000000 0.000000 0.000000 0.000000
17:46:53 0.300000 0.000000 3.610000 0.000000 276.325989 0.000000 -0.208000 0.000000 2604411.448000 530963.561000 23.549747 87.303383 0.000000 0.000000 0.000000 0.000000 0.000000 0.000000
17:46:54 0.300000 0.000000 3.610000 0.000000 276.325989 0.000000 -0.208000 0.000000 2604411.448000 530963.561000 23.549747 87.303383 0.000000 0.000000 0.000000 0.000000 0.000000 0.000000
17:46:54 0.300000 0.000000 3.610000 0.000000 276.325989 0.000000 -0.208000 0.000000 2604411.448000 530963.561000 23.549747 87.303383 0.000000 0.000000 0.000000 0.000000 0.000000 0.000000
17:46:54 0.300000 0.000000 3.610000 0.000000 276.325989 0.000000 -0.208000 0.000000 2604411.448000 530963.561000 23.549747 87.303383 0.000000 0.000000 0.000000 0.000000 0.000000 0.000000
17:46:54 0.300000 0.000000 3.610000 0.000000 278.705994 0.000000 -0.438000 0.000000 2604411.331000 530963.511000 23.549746 87.303375 0.000000 0.000000 0.000000 0.000000 0.000000 0.000000
17:46:55 0.300000 0.000000 3.610000 0.000000 278.705994 0.000000 -0.438000 0.000000 2604411.331000 530963.511000 23.549746 87.303375 0.000000 0.000000 0.000000 0.000000 0.000000 0.000000
17:46:55 0.300000 0.000000 3.610000 0.000000 278.705994 0.000000 -0.438000 0.000000 2604411.331000 530963.511000 23.549746 87.303375 0.000000 0.000000 0.000000 0.000000 0.000000 0.000000
17:46:55 0.300000 0.000000 3.610000 0.000000 278.705994 0.000000 -0.438000 0.000000 2604411.331000 530963.511000 23.549746 87.303375 0.000000 0.000000 0.000000 0.000000 0.000000 0.000000
17:46:55 0.300000 0.000000 3.610000 0.000000 278.705994 0.000000 -0.438000 0.000000 2604411.331000 530963.511000 23.549746 87.303375 0.000000 0.000000 0.000000 0.000000 0.000000 0.000000
17:46:56 0.300000 0.000000 3.610000 0.000000 280.553986 0.000000 -0.615000 0.000000 2604411.201000 530963.444000 23.549746 87.303375 0.000000 0.000000 0.000000 0.000000 0.000000 0.000000
17:46:56 0.300000 0.000000 3.610000 0.000000 280.553986 0.000000 -0.615000 0.000000 2604411.201000 530963.444000 23.549746 87.303375 0.000000 0.000000 0.000000 0.000000 0.000000 0.000000
17:46:56 0.300000 0.000000 3.610000 0.000000 281.006989 0.000000 -0.635000 0.000000 2604411.066000 530963.414000 23.549744 87.303375 0.000000 0.000000 0.000000 0.000000 0.000000 0.000000
17:46:56 0.300000 0.000000 3.610000 0.000000 281.432007 0.000000 -0.636000 0.000000 2604411.066000 530963.394000 23.549744 87.303375 0.000000 0.000000 0.000000 0.000000 0.000000 0.000000
17:46:57 0.300000 0.000000 3.610000 0.000000 281.432007 0.000000 -0.636000 0.000000 2604411.066000 530963.394000 23.549744 87.303375 0.000000 0.000000 0.000000 0.000000 0.000000 0.000000
17:46:57 0.300000 0.000000 3.610000 0.000000 281.432007 0.000000 -0.636000 0.000000 2604411.066000 530963.394000 23.549744 87.303375 0.000000 0.000000 0.000000 0.000000 0.000000 0.000000
17:46:57 0.300000 0.000000 3.610000 0.000000 281.432007 0.000000 -0.636000 0.000000 2604411.066000 530963.394000 23.549744 87.303375 0.000000 0.000000 0.000000 0.000000 0.000000 0.000000
17:46:57 0.300000 0.000000 3.610000 0.000000 281.432007 0.000000 -0.636000 0.000000 2604410.950000 530963.346000 23.549744 87.303375 0.000000 0.000000 0.000000 0.000000 0.000000 0.000000
17:46:58 0.300000 0.000000 3.610000 0.000000 281.432007 0.000000 -0.636000 0.000000 2604410.950000 530963.346000 23.549744 87.303375 0.000000 0.000000 0.000000 0.000000 0.000000 0.000000
17:46:58 0.300000 0.000000 3.610000 0.000000 281.432007 0.000000 -0.636000 0.000000 2604410.950000 530963.346000 23.549744 87.303375 0.000000 0.000000 0.000000 0.000000 0.000000 0.000000
17:46:58 0.300000 0.000000 3.610000 0.000000 281.432007 0.000000 -0.636000 0.000000 2604410.950000 530963.346000 23.549744 87.303375 0.000000 0.000000 0.000000 0.000000 0.000000 0.000000
17:46:58 0.300000 0.000000 3.610000 0.000000 281.432007 0.000000 -0.636000 0.000000 2604410.950000 530963.346000 23.549744 87.303375 0.000000 0.000000 0.000000 0.000000 0.000000 0.000000
17:46:59 0.300000 0.000000 3.610000 0.000000 281.432007 0.000000 -0.636000 0.000000 2604410.950000 530963.346000 23.549744 87.303375 0.000000 0.000000 0.000000 0.000000 0.000000 0.000000
17:46:59 0.300000 0.000000 3.610000 0.000000 281.432007 0.000000 -0.636000 0.000000 2604410.950000 530963.346000 23.549744 87.303375 0.000000 0.000000 0.000000 0.000000 0.000000 0.000000
17:46:59 0.300000 0.000000 3.610000 0.000000 283.597992 0.000000 -0.587000 0.000000 2604410.714000 530963.258000 23.549740 87.303375 0.000000 0.000000 0.000000 0.000000 0.000000 0.000000
17:46:59 0.300000 0.000000 3.610000 0.000000 283.597992 0.000000 -0.587000 0.000000 2604410.714000 530963.258000 23.549740 87.303375 0.000000 0.000000 0.000000 0.000000 0.000000 0.000000
17:47:00 0.300000 0.000000 3.610000 0.000000 283.597992 0.000000 -0.587000 0.000000 2604410.714000 530963.258000 23.549740 87.303375 0.000000 0.000000 0.000000 0.000000 0.000000 0.000000
17:47:00 0.300000 0.000000 3.610000 0.000000 283.597992 0.000000 -0.587000 0.000000 2604410.714000 530963.258000 23.549740 87.303375 0.000000 0.000000 0.000000 0.000000 0.000000 0.000000
17:47:00 0.300000 0.000000 3.610000 0.000000 283.597992 0.000000 -0.587000 0.000000 2604410.714000 530963.258000 23.549740 87.303375 0.000000 0.000000 0.000000 0.000000 0.000000 0.000000
17:47:00 0.300000 0.000000 3.610000 0.000000 283.597992 0.000000 -0.587000 0.000000 2604410.714000 530963.258000 23.549740 87.303375 0.000000 0.000000 0.000000 0.000000 0.000000 0.000000
17:47:01 0.300000 0.000000 3.610000 0.000000 283.597992 0.000000 -0.587000 0.000000 2604410.714000 530963.258000 23.549740 87.303375 0.000000 0.000000 0.000000 0.000000 0.000000 0.000000
17:47:01 0.300000 0.000000 3.610000 0.000000 283.597992 0.000000 -0.587000 0.000000 2604410.714000 530963.258000 23.549740 87.303375 0.000000 0.000000 0.000000 0.000000 0.000000 0.000000
17:47:01 0.300000 0.000000 3.610000 0.000000 283.597992 0.000000 -0.587000 0.000000 2604410.714000 530963.258000 23.549740 87.303375 0.000000 0.000000 0.000000 0.000000 0.000000 0.000000
17:47:01 0.300000 0.000000 3.610000 0.000000 283.597992 0.000000 -0.587000 0.000000 2604410.714000 530963.258000 23.549740 87.303375 0.000000 0.000000 0.000000 0.000000 0.000000 0.000000
17:47:02 0.300000 0.000000 3.610000 0.000000 284.924011 0.000000 -0.253000 0.000000 2604410.485000 530963.108000 23.549738 87.303375 0.000000 0.000000 0.000000 0.000000 0.000000 0.000000
17:47:02 0.300000 0.000000 3.610000 0.000000 284.924011 0.000000 -0.253000 0.000000 2604410.485000 530963.108000 23.549738 87.303375 0.000000 0.000000 0.000000 0.000000 0.000000 0.000000
17:47:02 0.300000 0.000000 3.610000 0.000000 285.071991 0.000000 -0.213000 0.000000 2604410.485000 530963.079000 23.549738 87.303375 0.000000 0.000000 0.000000 0.000000 0.000000 0.000000
17:47:02 0.300000 0.000000 3.610000 0.000000 285.196991 0.000000 -0.183000 0.000000 2604410.372000 530963.064000 23.549738 87.303375 0.000000 0.000000 0.000000 0.000000 0.000000 0.000000
17:47:03 0.300000 0.000000 3.610000 0.000000 285.196991 0.000000 -0.183000 0.000000 2604410.372000 530963.064000 23.549738 87.303375 0.000000 0.000000 0.000000 0.000000 0.000000 0.000000
17:47:03 0.300000 0.000000 3.610000 0.000000 285.196991 0.000000 -0.183000 0.000000 2604410.372000 530963.064000 23.549738 87.303375 0.000000 0.000000 0.000000 0.000000 0.000000 0.000000
17:47:03 0.300000 0.000000 3.610000 0.000000 285.196991 0.000000 -0.183000 0.000000 2604410.372000 530963.064000 23.549738 87.303375 0.000000 0.000000 0.000000 0.000000 0.000000 0.000000
17:47:03 0.300000 0.000000 3.610000 0.000000 285.196991 0.000000 -0.183000 0.000000 2604410.258000 530963.017000 23.549738 87.303375 0.000000 0.000000 0.000000 0.000000 0.000000 0.000000
17:47:04 0.300000 0.000000 3.610000 0.000000 285.196991 0.000000 -0.183000 0.000000 2604410.258000 530963.017000 23.549738 87.303375 0.000000 0.000000 0.000000 0.000000 0.000000 0.000000
17:47:04 0.300000 0.000000 3.610000 0.000000 285.472992 0.000000 -0.082000 0.000000 2604410.236000 530962.988000 23.549734 87.303375 0.000000 0.000000 0.000000 0.000000 0.000000 0.000000
17:47:04 0.300000 0.000000 3.610000 0.000000 285.472992 0.000000 -0.082000 0.000000 2604410.236000 530962.988000 23.549734 87.303375 0.000000 0.000000 0.000000 0.000000 0.000000 0.000000
17:47:04 0.300000 0.000000 3.610000 0.000000 285.472992 0.000000 -0.082000 0.000000 2604410.109000 530962.970000 23.549734 87.303375 0.000000 0.000000 0.000000 0.000000 0.000000 0.000000
17:47:05 0.300000 0.000000 3.610000 0.000000 285.472992 0.000000 -0.082000 0.000000 2604410.109000 530962.970000 23.549734 87.303375 0.000000 0.000000 0.000000 0.000000 0.000000 0.000000
17:47:05 0.300000 0.000000 3.610000 0.000000 285.472992 0.000000 -0.082000 0.000000 2604410.109000 530962.970000 23.549734 87.303375 0.000000 0.000000 0.000000 0.000000 0.000000 0.000000
17:47:05 0.300000 0.000000 3.610000 0.000000 285.472992 0.000000 -0.082000 0.000000 2604410.109000 530962.970000 23.549734 87.303375 0.000000 0.000000 0.000000 0.000000 0.000000 0.000000
17:47:05 0.300000 0.000000 3.610000 0.000000 285.445007 0.000000 -0.184000 0.000000 2604410.017000 530962.925000 23.549734 87.303375 0.000000 0.000000 0.000000 0.000000 0.000000 0.000000
17:47:06 0.300000 0.000000 3.610000 0.000000 285.445007 0.000000 -0.184000 0.000000 2604410.017000 530962.925000 23.549734 87.303375 0.000000 0.000000 0.000000 0.000000 0.000000 0.000000
17:47:06 0.300000 0.000000 3.610000 0.000000 285.445007 0.000000 -0.184000 0.000000 2604410.017000 530962.925000 23.549734 87.303375 0.000000 0.000000 0.000000 0.000000 0.000000 0.000000
17:47:06 0.300000 0.000000 3.610000 0.000000 285.445007 0.000000 -0.184000 0.000000 2604410.017000 530962.925000 23.549734 87.303375 0.000000 0.000000 0.000000 0.000000 0.000000 0.000000
17:47:06 0.300000 0.000000 3.610000 0.000000 285.445007 0.000000 -0.184000 0.000000 2604410.017000 530962.925000 23.549734 87.303375 0.000000 0.000000 0.000000 0.000000 0.000000 0.000000
17:47:07 0.300000 0.000000 3.610000 0.000000 285.243011 0.000000 -0.413000 0.000000 2604409.875000 530962.849000 23.549732 87.303375 0.000000 0.000000 0.000000 0.000000 0.000000 0.000000
17:47:07 0.300000 0.000000 3.610000 0.000000 285.243011 0.000000 -0.413000 0.000000 2604409.875000 530962.849000 23.549732 87.303375 0.000000 0.000000 0.000000 0.000000 0.000000 0.000000
17:47:07 0.300000 0.000000 3.610000 0.000000 285.243011 0.000000 -0.413000 0.000000 2604409.875000 530962.849000 23.549732 87.303375 0.000000 0.000000 0.000000 0.000000 0.000000 0.000000
17:47:07 0.300000 0.000000 3.610000 0.000000 285.243011 0.000000 -0.413000 0.000000 2604409.875000 530962.849000 23.549732 87.303375 0.000000 0.000000 0.000000 0.000000 0.000000 0.000000
17:47:08 0.300000 0.000000 3.610000 0.000000 285.243011 0.000000 -0.413000 0.000000 2604409.875000 530962.849000 23.549732 87.303375 0.000000 0.000000 0.000000 0.000000 0.000000 0.000000
17:47:08 0.300000 0.000000 3.610000 0.000000 285.243011 0.000000 -0.413000 0.000000 2604409.875000 530962.849000 23.549732 87.303375 0.000000 0.000000 0.000000 0.000000 0.000000 0.000000
17:47:08 0.300000 0.000000 3.610000 0.000000 284.765015 0.000000 -0.533000 0.000000 2604409.951000 530962.870000 23.549736 87.303375 0.000000 0.000000 0.000000 0.000000 0.000000 0.000000
17:47:08 0.300000 0.000000 3.610000 0.000000 284.765015 0.000000 -0.533000 0.000000 2604409.951000 530962.870000 23.549736 87.303375 0.000000 0.000000 0.000000 0.000000 0.000000 0.000000
17:47:09 0.300000 0.000000 3.610000 0.000000 284.765015 0.000000 -0.533000 0.000000 2604409.951000 530962.870000 23.549736 87.303375 0.000000 0.000000 0.000000 0.000000 0.000000 0.000000
17:47:09 0.300000 0.000000 3.610000 0.000000 284.765015 0.000000 -0.533000 0.000000 2604409.951000 530962.870000 23.549736 87.303375 0.000000 0.000000 0.000000 0.000000 0.000000 0.000000
17:47:09 0.300000 0.000000 3.610000 0.000000 284.765015 0.000000 -0.533000 0.000000 2604409.951000 530962.870000 23.549736 87.303375 0.000000 0.000000 0.000000 0.000000 0.000000 0.000000
17:47:09 0.300000 0.000000 3.610000 0.000000 284.765015 0.000000 -0.533000 0.000000 2604410.119000 530962.843000 23.549736 87.303375 0.000000 0.000000 0.000000 0.000000 0.000000 0.000000
17:47:10 0.300000 0.000000 3.610000 0.000000 284.765015 0.000000 -0.533000 0.000000 2604410.119000 530962.843000 23.549736 87.303375 0.000000 0.000000 0.000000 0.000000 0.000000 0.000000
17:47:10 0.300000 0.000000 3.610000 0.000000 284.765015 0.000000 -0.533000 0.000000 2604410.119000 530962.843000 23.549736 87.303375 0.000000 0.000000 0.000000 0.000000 0.000000 0.000000
17:47:10 0.300000 0.000000 3.610000 0.000000 284.765015 0.000000 -0.533000 0.000000 2604410.119000 530962.843000 23.549736 87.303375 0.000000 0.000000 0.000000 0.000000 0.000000 0.000000
17:47:10 0.300000 0.000000 3.610000 0.000000 284.765015 0.000000 -0.533000 0.000000 2604410.119000 530962.843000 23.549736 87.303375 0.000000 0.000000 0.000000 0.000000 0.000000 0.000000
17:47:11 0.300000 0.000000 3.610000 0.000000 283.427002 0.000000 -0.355000 0.000000 2604409.986000 530962.782000 23.549732 87.303375 0.000000 0.000000 0.000000 0.000000 0.000000 0.000000
17:47:11 0.300000 0.000000 3.610000 0.000000 283.427002 0.000000 -0.355000 0.000000 2604409.986000 530962.782000 23.549732 87.303375 0.000000 0.000000 0.000000 0.000000 0.000000 0.000000
17:47:11 0.300000 0.000000 3.610000 0.000000 283.153992 0.000000 -0.309000 0.000000 2604409.947000 530962.752000 23.549732 87.303375 0.000000 0.000000 0.000000 0.000000 0.000000 0.000000
17:47:11 0.300000 0.000000 3.610000 0.000000 282.860992 0.000000 -0.275000 0.000000 2604409.885000 530962.737000 23.549732 87.303375 0.000000 0.000000 0.000000 0.000000 0.000000 0.000000
17:47:12 0.300000 0.000000 3.610000 0.000000 282.860992 0.000000 -0.275000 0.000000 2604409.885000 530962.737000 23.549732 87.303375 0.000000 0.000000 0.000000 0.000000 0.000000 0.000000
17:47:12 0.300000 0.000000 3.610000 0.000000 282.860992 0.000000 -0.275000 0.000000 2604409.885000 530962.737000 23.549732 87.303375 0.000000 0.000000 0.000000 0.000000 0.000000 0.000000
17:47:12 0.300000 0.000000 3.610000 0.000000 282.860992 0.000000 -0.275000 0.000000 2604409.885000 530962.737000 23.549732 87.303375 0.000000 0.000000 0.000000 0.000000 0.000000 0.000000
17:47:12 0.300000 0.000000 3.610000 0.000000 282.860992 0.000000 -0.275000 0.000000 2604409.776000 530962.690000 23.549732 87.303375 0.000000 0.000000 0.000000 0.000000 0.000000 0.000000
17:47:13 0.300000 0.000000 3.610000 0.000000 282.860992 0.000000 -0.275000 0.000000 2604409.776000 530962.690000 23.549732 87.303375 0.000000 0.000000 0.000000 0.000000 0.000000 0.000000
17:47:13 0.300000 0.000000 3.610000 0.000000 281.811005 0.000000 -0.190000 0.000000 2604409.737000 530962.661000 23.549730 87.303368 0.000000 0.000000 0.000000 0.000000 0.000000 0.000000
17:47:13 0.300000 0.000000 3.610000 0.000000 281.811005 0.000000 -0.190000 0.000000 2604409.737000 530962.661000 23.549730 87.303368 0.000000 0.000000 0.000000 0.000000 0.000000 0.000000
17:47:13 0.300000 0.000000 3.610000 0.000000 281.811005 0.000000 -0.190000 0.000000 2604409.737000 530962.661000 23.549730 87.303368 0.000000 0.000000 0.000000 0.000000 0.000000 0.000000
17:47:14 0.300000 0.000000 3.610000 0.000000 281.811005 0.000000 -0.190000 0.000000 2604409.737000 530962.661000 23.549730 87.303368 0.000000 0.000000 0.000000 0.000000 0.000000 0.000000
17:47:14 0.300000 0.000000 3.610000 0.000000 281.811005 0.000000 -0.190000 0.000000 2604409.737000 530962.661000 23.549730 87.303368 0.000000 0.000000 0.000000 0.000000 0.000000 0.000000
17:47:14 0.300000 0.000000 3.610000 0.000000 281.811005 0.000000 -0.190000 0.000000 2604409.737000 530962.661000 23.549730 87.303368 0.000000 0.000000 0.000000 0.000000 0.000000 0.000000
17:47:14 0.300000 0.000000 3.610000 0.000000 280.638000 0.000000 -0.258000 0.000000 2604409.584000 530962.585000 23.549730 87.303368 0.000000 0.000000 0.000000 0.000000 0.000000 0.000000
17:47:15 0.300000 0.000000 3.610000 0.000000 280.638000 0.000000 -0.258000 0.000000 2604409.584000 530962.585000 23.549730 87.303368 0.000000 0.000000 0.000000 0.000000 0.000000 0.000000
17:47:15 0.300000 0.000000 3.610000 0.000000 280.638000 0.000000 -0.258000 0.000000 2604409.584000 530962.585000 23.549730 87.303368 0.000000 0.000000 0.000000 0.000000 0.000000 0.000000
17:47:15 0.300000 0.000000 3.610000 0.000000 280.638000 0.000000 -0.258000 0.000000 2604409.584000 530962.585000 23.549730 87.303368 0.000000 0.000000 0.000000 0.000000 0.000000 0.000000
17:47:15 0.300000 0.000000 3.610000 0.000000 280.638000 0.000000 -0.258000 0.000000 2604409.584000 530962.585000 23.549730 87.303368 0.000000 0.000000 0.000000 0.000000 0.000000 0.000000
17:47:16 0.300000 0.000000 3.610000 0.000000 279.373993 0.000000 -0.314000 0.000000 2604409.437000 530962.522000 23.549728 87.303368 0.000000 0.000000 0.000000 0.000000 0.000000 0.000000
17:47:16 0.300000 0.000000 3.610000 0.000000 279.373993 0.000000 -0.314000 0.000000 2604409.437000 530962.522000 23.549728 87.303368 0.000000 0.000000 0.000000 0.000000 0.000000 0.000000
17:47:16 0.300000 0.000000 3.610000 0.000000 279.003998 0.000000 -0.311000 0.000000 2604409.398000 530962.493000 23.549728 87.303368 0.000000 0.000000 0.000000 0.000000 0.000000 0.000000
17:47:16 0.300000 0.000000 3.610000 0.000000 278.626007 0.000000 -0.318000 0.000000 2604409.369000 530962.478000 23.549728 87.303368 0.000000 0.000000 0.000000 0.000000 0.000000 0.000000
17:47:17 0.300000 0.000000 3.610000 0.000000 278.626007 0.000000 -0.318000 0.000000 2604409.369000 530962.478000 23.549728 87.303368 0.000000 0.000000 0.000000 0.000000 0.000000 0.000000
17:47:17 0.300000 0.000000 3.610000 0.000000 278.626007 0.000000 -0.318000 0.000000 2604409.369000 530962.478000 23.549728 87.303368 0.000000 0.000000 0.000000 0.000000 0.000000 0.000000
17:47:17 0.300000 0.000000 3.610000 0.000000 278.626007 0.000000 -0.318000 0.000000 2604409.369000 530962.478000 23.549728 87.303368 0.000000 0.000000 0.000000 0.000000 0.000000 0.000000
17:47:17 0.300000 0.000000 3.610000 0.000000 278.626007 0.000000 -0.318000 0.000000 2604409.369000 530962.478000 23.549728 87.303368 0.000000 0.000000 0.000000 0.000000 0.000000 0.000000
17:47:18 0.300000 0.000000 3.610000 0.000000 278.626007 0.000000 -0.318000 0.000000 2604409.369000 530962.478000 23.549728 87.303368 0.000000 0.000000 0.000000 0.000000 0.000000 0.000000
17:47:18 0.300000 0.000000 3.610000 0.000000 277.204987 0.000000 -0.392000 0.000000 2604409.230000 530962.402000 23.549726 87.303368 0.000000 0.000000 0.000000 0.000000 0.000000 0.000000
17:47:18 0.300000 0.000000 3.610000 0.000000 277.204987 0.000000 -0.392000 0.000000 2604409.230000 530962.402000 23.549726 87.303368 0.000000 0.000000 0.000000 0.000000 0.000000 0.000000
17:47:18 0.300000 0.000000 3.610000 0.000000 277.204987 0.000000 -0.392000 0.000000 2604409.230000 530962.402000 23.549726 87.303368 0.000000 0.000000 0.000000 0.000000 0.000000 0.000000
17:47:19 0.300000 0.000000 3.610000 0.000000 277.204987 0.000000 -0.392000 0.000000 2604409.230000 530962.402000 23.549726 87.303368 0.000000 0.000000 0.000000 0.000000 0.000000 0.000000
17:47:19 0.300000 0.000000 3.610000 0.000000 277.204987 0.000000 -0.392000 0.000000 2604409.230000 530962.402000 23.549726 87.303368 0.000000 0.000000 0.000000 0.000000 0.000000 0.000000
17:47:19 0.300000 0.000000 3.610000 0.000000 277.204987 0.000000 -0.392000 0.000000 2604409.230000 530962.402000 23.549726 87.303368 0.000000 0.000000 0.000000 0.000000 0.000000 0.000000
17:47:19 0.300000 0.000000 3.610000 0.000000 275.744995 0.000000 -0.391000 0.000000 2604409.098000 530962.313000 23.549725 87.303368 0.000000 0.000000 0.000000 0.000000 0.000000 0.000000
17:47:20 0.300000 0.000000 3.610000 0.000000 275.744995 0.000000 -0.391000 0.000000 2604409.098000 530962.313000 23.549725 87.303368 0.000000 0.000000 0.000000 0.000000 0.000000 0.000000
