10:26:08 0.600000 0.000000 0.000000 0.000000 135.720993 0.000000 1.989000 0.000000 -4.017000 1471713.137000 449950.258000 13.312250 80.537880 0.000000 0.000000 0.000000 0.000000 0.000000 0.000000
10:26:49 0.600000 0.000000 0.000000 0.000000 135.164001 163.500000 0.953000 -3.820000 -4.720000 1471994.648000 449976.661000 13.314795 80.538124 0.000000 0.000000 0.000000 0.000000 0.000000 0.000000
10:26:53 0.600000 0.000000 0.000000 0.000000 135.091003 164.000000 0.362000 -2.940000 -4.150000 1472003.040000 449977.459000 13.314872 80.538132 0.000000 0.000000 0.000000 0.000000 0.000000 0.000000
10:26:55 0.600000 0.000000 0.000000 0.000000 135.022003 163.509995 1.026000 -3.740000 -4.270000 0.118000 0.113700 13.315097 80.538155 0.000000 0.000000 0.000000 0.000000 0.000000 0.000000
10:26:57 0.600000 0.000000 0.000000 0.000000 135.076996 163.110001 1.443000 -4.440000 -4.611000 1472043.111000 449981.583000 13.315234 80.538170 0.000000 0.000000 0.000000 0.000000 0.000000 0.000000
10:26:59 0.600000 0.000000 0.000000 0.000000 134.776993 163.800003 0.553000 -2.740000 -3.856000 0.118000 0.113100 13.315372 80.538177 0.000000 0.000000 0.000000 0.000000 0.000000 0.000000
10:27:02 0.600000 0.000000 0.000000 0.000000 135.046997 163.619995 0.583000 -3.700000 -4.720000 1472072.018000 449984.530000 13.315495 80.538193 0.000000 0.000000 0.000000 0.000000 0.000000 0.000000
10:27:04 0.600000 0.000000 0.000000 0.000000 135.029999 163.580002 1.272000 -3.340000 -4.030000 1472090.001000 449986.422000 13.315658 80.538208 0.000000 0.000000 0.000000 0.000000 0.000000 0.000000
10:27:06 0.600000 0.000000 0.000000 0.000000 135.115997 163.660004 1.115000 -3.690000 -4.053000 1472105.004000 449988.170000 13.315794 80.538223 0.000000 0.000000 0.000000 0.000000 0.000000 0.000000
10:27:08 0.600000 0.000000 0.000000 0.000000 135.115997 163.869995 1.115000 -4.620000 -4.053000 1472118.888000 449989.724000 13.315919 80.538239 0.000000 0.000000 0.000000 0.000000 0.000000 0.000000
10:27:11 0.600000 0.000000 0.000000 0.000000 135.421005 164.880005 0.136000 -2.300000 -3.488000 1472134.373000 449991.066000 13.316059 80.538254 0.000000 0.000000 0.000000 0.000000 0.000000 0.000000
10:27:13 0.600000 0.000000 0.000000 0.000000 135.421005 163.570007 0.136000 -4.370000 -3.488000 1472149.475000 449992.633000 13.316059 80.538254 0.000000 0.000000 0.000000 0.000000 0.000000 0.000000
10:27:15 0.500000 0.000000 0.000000 0.000000 135.350998 163.190002 2.129000 -4.800000 -4.939000 1472167.061000 449994.689000 13.316355 80.538284 0.000000 0.000000 0.000000 0.000000 0.000000 0.000000
10:27:17 0.600000 0.000000 0.000000 0.000000 135.462006 163.190002 0.476000 -4.800000 -4.292000 1472182.256000 449996.375000 13.316492 80.538300 0.000000 0.000000 0.000000 0.000000 0.000000 0.000000
10:27:19 0.600000 0.000000 0.000000 0.000000 135.057999 164.720001 -0.713000 -2.090000 -3.737000 1472196.318000 449997.695000 13.316620 80.538315 0.000000 0.000000 0.000000 0.000000 0.000000 0.000000
10:27:22 0.600000 0.000000 0.000000 0.000000 134.817993 163.539993 0.895000 -3.400000 -4.435000 1472210.161000 449999.055000 13.316745 80.538322 0.000000 0.000000 0.000000 0.000000 0.000000 0.000000
10:27:24 0.600000 0.000000 0.000000 0.000000 134.912003 162.789993 2.443000 -4.450000 -4.554000 0.118000 0.113900 13.316894 80.538338 0.000000 0.000000 0.000000 0.000000 0.000000 0.000000
10:27:26 0.600000 0.000000 0.000000 0.000000 134.591003 163.380005 0.629000 -3.410000 -3.973000 1472243.041000 450002.769000 13.317042 80.538361 0.000000 0.000000 0.000000 0.000000 0.000000 0.000000
10:27:28 0.600000 0.000000 0.000000 0.000000 134.591003 163.759995 0.629000 -2.750000 -3.973000 1472256.549000 450004.349000 13.317164 80.538376 0.000000 0.000000 0.000000 0.000000 0.000000 0.000000
10:27:31 0.600000 0.000000 0.000000 0.000000 135.003998 163.759995 0.799000 -2.750000 -4.929000 1472274.436000 450006.241000 13.317326 80.538391 0.000000 0.000000 0.000000 0.000000 0.000000 0.000000
10:27:33 0.600000 0.000000 0.000000 0.000000 135.134003 163.929993 1.399000 -3.150000 -4.065000 1472288.294000 450007.662000 13.317451 80.538406 0.000000 0.000000 0.000000 0.000000 0.000000 0.000000
10:27:35 0.500000 0.000000 0.000000 0.000000 135.149002 163.850006 1.226000 -3.590000 -4.063000 1472304.529000 450009.763000 13.317598 80.538422 0.000000 0.000000 0.000000 0.000000 0.000000 0.000000
10:27:37 0.500000 0.000000 0.000000 0.000000 135.240005 163.279999 1.387000 -4.750000 -4.681000 1472317.875000 450011.618000 13.317719 80.538437 0.000000 -32.768002 -32.768002 -32.768002 0.000000 0.000000
10:27:39 0.500000 0.000000 0.000000 0.000000 135.352997 163.990005 0.722000 -3.610000 -4.107000 1472332.790000 450013.313000 13.317854 80.538452 0.000000 -32.768002 -32.768002 -32.768002 0.000000 0.000000
10:27:42 0.500000 0.000000 0.000000 0.000000 135.727005 164.250000 0.338000 -3.740000 -4.624000 1472346.755000 450014.666000 13.317981 80.538467 0.000000 -32.768002 -32.768002 -32.768002 0.000000 0.000000
