22:06:21 0.300000 0.000000 0.000000 0.000000 104.598999 0.000000 3.989000 0.000000 1460935.182000 449170.736000 13.214780 80.530869 0.000000 0.000000 0.000000 0.000000 0.000000 0.000000
22:06:22 0.400000 0.000000 0.000000 0.000000 104.598999 0.000000 3.989000 0.000000 1460935.182000 449170.736000 13.214780 80.530869 0.000000 0.000000 0.000000 0.000000 0.000000 0.000000
22:06:22 0.300000 0.000000 0.000000 0.000000 104.598999 0.000000 3.989000 0.000000 1460935.182000 449170.736000 13.214780 80.530869 0.000000 0.000000 0.000000 0.000000 0.000000 0.000000
22:06:23 0.300000 0.000000 0.000000 0.000000 104.598999 0.000000 3.989000 0.000000 1460935.182000 449170.736000 13.214780 80.530869 0.000000 0.000000 0.000000 0.000000 0.000000 0.000000
22:06:24 0.300000 0.000000 0.000000 0.000000 104.598999 0.000000 3.989000 0.000000 1460935.182000 449170.736000 13.214780 80.530869 0.000000 0.000000 0.000000 0.000000 0.000000 0.000000
22:06:25 0.400000 0.000000 0.000000 0.000000 104.598999 0.000000 3.989000 0.000000 0.005000 0.004000 13.214780 80.530869 0.000000 0.000000 0.000000 0.000000 0.000000 0.000000
22:06:25 0.400000 0.000000 0.000000 0.000000 104.598999 0.000000 3.989000 0.000000 0.005000 0.004000 13.214780 80.530869 0.000000 0.000000 0.000000 0.000000 0.000000 0.000000
22:06:26 0.400000 0.000000 0.000000 0.000000 104.598999 0.000000 3.989000 0.000000 1460935.182000 449170.736000 13.214780 80.530869 0.000000 0.000000 0.000000 0.000000 0.000000 0.000000
22:06:27 0.400000 0.000000 0.000000 0.000000 104.598999 0.000000 3.989000 0.000000 1460935.182000 449170.736000 13.214780 80.530869 0.000000 0.000000 0.000000 0.000000 0.000000 0.000000
22:06:28 0.400000 0.000000 0.000000 0.000000 104.598999 0.000000 3.989000 0.000000 1460935.182000 449170.736000 13.214780 80.530869 0.000000 0.000000 0.000000 0.000000 0.000000 0.000000
22:06:28 0.300000 0.000000 0.000000 0.000000 104.598999 0.000000 3.989000 0.000000 1460935.182000 449170.736000 13.214780 80.530869 0.000000 0.000000 0.000000 0.000000 0.000000 0.000000
22:06:29 0.300000 0.000000 0.000000 0.000000 104.598999 0.000000 3.989000 0.000000 1460935.182000 449170.736000 13.214780 80.530869 0.000000 0.000000 0.000000 0.000000 0.000000 0.000000
22:06:30 0.300000 0.000000 0.000000 0.000000 104.598999 0.000000 3.989000 0.000000 1460935.182000 449170.736000 13.214780 80.530869 0.000000 0.000000 0.000000 0.000000 0.000000 0.000000
22:06:31 0.300000 0.000000 0.000000 0.000000 104.598999 0.000000 3.989000 0.000000 1460935.182000 449170.736000 13.214780 80.530869 0.000000 0.000000 0.000000 0.000000 0.000000 0.000000
22:06:31 0.300000 0.000000 0.000000 0.000000 104.598999 0.000000 3.989000 0.000000 1460935.182000 449170.736000 13.214780 80.530869 0.000000 0.000000 0.000000 0.000000 0.000000 0.000000
22:06:32 0.300000 0.000000 0.000000 0.000000 104.598999 0.000000 3.989000 0.000000 1460935.182000 449170.736000 13.214780 80.530869 0.000000 0.000000 0.000000 0.000000 0.000000 0.000000
22:06:33 0.400000 0.000000 0.000000 0.000000 104.598999 0.000000 3.989000 0.000000 1460935.182000 449170.736000 13.214780 80.530869 0.000000 0.000000 0.000000 0.000000 0.000000 0.000000
22:06:33 0.300000 0.000000 0.000000 0.000000 104.598999 0.000000 3.989000 0.000000 1460935.182000 449170.736000 13.214780 80.530869 0.000000 0.000000 0.000000 0.000000 0.000000 0.000000
22:06:34 0.300000 0.000000 0.000000 0.000000 104.598999 0.000000 3.989000 0.000000 1460935.182000 449170.736000 13.214780 80.530869 0.000000 0.000000 0.000000 0.000000 0.000000 0.000000
22:06:35 0.400000 0.000000 0.000000 0.000000 104.598999 0.000000 3.989000 0.000000 1460935.182000 449170.736000 13.214780 80.530869 0.000000 0.000000 0.000000 0.000000 0.000000 0.000000
22:06:36 0.400000 0.000000 0.000000 0.000000 104.598999 0.000000 3.989000 0.000000 1460935.182000 449170.736000 13.214780 80.530869 0.000000 0.000000 0.000000 0.000000 0.000000 0.000000
22:06:36 0.400000 0.000000 28.000000 0.000000 104.598999 0.000000 3.989000 0.000000 0.005000 0.004000 13.214780 80.530869 0.000000 0.000000 0.000000 0.000000 0.000000 0.000000
22:06:37 0.400000 0.000000 0.000000 0.000000 104.598999 0.000000 3.989000 0.000000 1460935.182000 449170.736000 13.214780 80.530869 0.000000 0.000000 0.000000 0.000000 0.000000 0.000000
22:06:38 0.400000 0.000000 0.000000 0.000000 104.598999 0.000000 3.989000 0.000000 1460935.182000 449170.736000 13.214780 80.530869 0.000000 0.000000 0.000000 0.000000 0.000000 0.000000
22:06:39 0.400000 0.000000 0.000000 0.000000 104.598999 0.000000 3.989000 0.000000 0.005000 0.004000 13.214780 80.530869 0.000000 0.000000 0.000000 0.000000 0.000000 0.000000
22:06:39 0.400000 0.000000 0.000000 0.000000 104.598999 0.000000 3.989000 0.000000 0.005000 0.004000 13.214780 80.530869 0.000000 0.000000 0.000000 0.000000 0.000000 0.000000
22:06:40 0.400000 0.000000 0.000000 0.000000 104.598999 0.000000 3.989000 0.000000 1460935.182000 449170.736000 13.214780 80.530869 0.000000 0.000000 0.000000 0.000000 0.000000 0.000000
22:06:41 0.400000 0.000000 0.000000 0.000000 104.598999 0.000000 3.989000 0.000000 1460935.182000 449170.736000 13.214780 80.530869 0.000000 0.000000 0.000000 0.000000 0.000000 0.000000
22:06:42 0.400000 0.000000 0.000000 0.000000 104.598999 0.000000 3.989000 0.000000 1460935.182000 449170.736000 13.214780 80.530869 0.000000 0.000000 0.000000 0.000000 0.000000 0.000000
22:06:42 0.400000 0.000000 0.000000 0.000000 104.598999 0.000000 3.989000 0.000000 1460935.182000 449170.736000 13.214780 80.530869 0.000000 0.000000 0.000000 0.000000 0.000000 0.000000
22:06:43 0.400000 0.000000 0.000000 0.000000 104.598999 0.000000 3.989000 0.000000 1460935.182000 449170.736000 13.214780 80.530869 0.000000 0.000000 0.000000 0.000000 0.000000 0.000000
22:06:44 0.400000 0.000000 0.000000 0.000000 104.598999 0.000000 3.989000 0.000000 1460935.182000 449170.736000 13.214780 80.530869 0.000000 0.000000 0.000000 0.000000 0.000000 0.000000
22:06:45 0.400000 0.000000 0.000000 0.000000 104.598999 0.000000 3.989000 0.000000 1460935.182000 449170.736000 13.214780 80.530869 0.000000 0.000000 0.000000 0.000000 0.000000 0.000000
22:06:45 0.300000 0.000000 0.000000 0.000000 104.598999 0.000000 3.989000 0.000000 1460935.182000 449170.736000 13.214780 80.530869 0.000000 0.000000 0.000000 0.000000 0.000000 0.000000
22:06:46 0.300000 0.000000 0.000000 0.000000 104.598999 0.000000 3.989000 0.000000 1460935.182000 449170.736000 13.214780 80.530869 0.000000 0.000000 0.000000 0.000000 0.000000 0.000000
22:06:47 0.400000 0.000000 0.000000 0.000000 104.598999 0.000000 3.989000 0.000000 1460935.182000 449170.736000 13.214780 80.530869 0.000000 0.000000 0.000000 0.000000 0.000000 0.000000
22:06:48 0.400000 0.000000 0.000000 0.000000 104.598999 0.000000 3.989000 0.000000 1460935.182000 449170.736000 13.214780 80.530869 0.000000 0.000000 0.000000 0.000000 0.000000 0.000000
22:06:48 0.300000 0.000000 0.000000 0.000000 104.598999 0.000000 3.989000 0.000000 0.005000 0.004000 13.214780 80.530869 0.000000 0.000000 0.000000 0.000000 0.000000 0.000000
22:06:49 0.300000 0.000000 0.000000 0.000000 104.598999 0.000000 3.989000 0.000000 1460935.182000 449170.736000 13.214780 80.530869 0.000000 0.000000 0.000000 0.000000 0.000000 0.000000
22:06:50 0.400000 0.000000 0.000000 0.000000 104.598999 0.000000 3.989000 0.000000 1460935.182000 449170.736000 13.214780 80.530869 0.000000 0.000000 0.000000 0.000000 0.000000 0.000000
22:06:50 0.300000 0.000000 0.000000 0.000000 104.598999 0.000000 3.989000 0.000000 1460935.182000 449170.736000 13.214780 80.530869 0.000000 0.000000 0.000000 0.000000 0.000000 0.000000
22:06:51 0.300000 0.000000 0.000000 0.000000 104.598999 0.000000 3.989000 0.000000 1460935.182000 449170.736000 13.214780 80.530869 0.000000 0.000000 0.000000 0.000000 0.000000 0.000000
22:06:52 0.300000 0.000000 0.000000 0.000000 104.598999 0.000000 3.989000 0.000000 1460935.182000 449170.736000 13.214780 80.530869 0.000000 0.000000 0.000000 0.000000 0.000000 0.000000
22:06:53 0.300000 0.000000 0.000000 0.000000 104.598999 0.000000 3.989000 0.000000 1460935.182000 449170.736000 13.214780 80.530869 0.000000 0.000000 0.000000 0.000000 0.000000 0.000000
22:06:53 0.300000 0.000000 0.000000 0.000000 104.598999 0.000000 3.989000 0.000000 1460935.182000 449170.736000 13.214780 80.530869 0.000000 0.000000 0.000000 0.000000 0.000000 0.000000
22:06:54 0.300000 0.000000 0.000000 0.000000 104.598999 0.000000 3.989000 0.000000 1460935.182000 449170.736000 13.214780 80.530869 0.000000 0.000000 0.000000 0.000000 0.000000 0.000000
22:06:55 0.400000 0.000000 0.000000 0.000000 104.598999 0.000000 3.989000 0.000000 1460935.182000 449170.736000 13.214780 80.530869 0.000000 0.000000 0.000000 0.000000 0.000000 0.000000
22:06:56 0.400000 0.000000 0.000000 0.000000 104.598999 0.000000 3.989000 0.000000 1460935.182000 449170.736000 13.214780 80.530869 0.000000 0.000000 0.000000 0.000000 0.000000 0.000000
22:06:56 0.400000 0.000000 0.000000 0.000000 104.598999 0.000000 3.989000 0.000000 1460935.182000 449170.736000 13.214780 80.530869 0.000000 0.000000 0.000000 0.000000 0.000000 0.000000
22:06:57 0.400000 0.000000 0.000000 0.000000 104.598999 0.000000 3.989000 0.000000 1460935.182000 449170.736000 13.214780 80.530869 0.000000 0.000000 0.000000 0.000000 0.000000 0.000000
22:06:58 0.400000 0.000000 0.000000 0.000000 104.598999 0.000000 3.989000 0.000000 0.005000 0.004000 13.214780 80.530869 0.000000 0.000000 0.000000 0.000000 0.000000 0.000000
22:06:59 0.400000 0.000000 0.000000 0.000000 104.598999 0.000000 3.989000 0.000000 1460935.182000 449170.736000 13.214780 80.530869 0.000000 0.000000 0.000000 0.000000 0.000000 0.000000
22:06:59 0.400000 0.000000 0.000000 0.000000 104.598999 0.000000 3.989000 0.000000 1460935.182000 449170.736000 13.214780 80.530869 0.000000 0.000000 0.000000 0.000000 0.000000 0.000000
22:07:00 0.400000 0.000000 0.000000 0.000000 104.598999 0.000000 3.989000 0.000000 0.005000 0.004000 13.214780 80.530869 0.000000 0.000000 0.000000 0.000000 0.000000 0.000000
22:07:01 0.300000 0.000000 0.000000 0.000000 104.598999 0.000000 3.989000 0.000000 1460935.182000 449170.736000 13.214780 80.530869 0.000000 0.000000 0.000000 0.000000 0.000000 0.000000
22:07:02 0.400000 0.000000 0.000000 0.000000 104.598999 0.000000 3.989000 0.000000 1460935.182000 449170.736000 13.214780 80.530869 0.000000 0.000000 0.000000 0.000000 0.000000 0.000000
22:07:02 0.400000 0.000000 0.000000 0.000000 104.598999 0.000000 3.989000 0.000000 1460935.182000 449170.736000 13.214780 80.530869 0.000000 0.000000 0.000000 0.000000 0.000000 0.000000
22:07:03 0.400000 0.000000 0.000000 0.000000 104.598999 0.000000 3.989000 0.000000 1460935.182000 449170.736000 13.214780 80.530869 0.000000 0.000000 0.000000 0.000000 0.000000 0.000000
22:07:04 0.400000 0.000000 0.000000 0.000000 104.598999 0.000000 3.989000 0.000000 1460935.182000 449170.736000 13.214780 80.530869 0.000000 0.000000 0.000000 0.000000 0.000000 0.000000
22:07:04 0.400000 0.000000 0.000000 0.000000 104.598999 0.000000 3.989000 0.000000 1460935.182000 449170.736000 13.214780 80.530869 0.000000 0.000000 0.000000 0.000000 0.000000 0.000000
22:07:05 0.400000 0.000000 0.000000 0.000000 104.598999 0.000000 3.989000 0.000000 1460935.182000 449170.736000 13.214780 80.530869 0.000000 0.000000 0.000000 0.000000 0.000000 0.000000
22:07:06 0.400000 0.000000 0.000000 0.000000 104.598999 0.000000 3.989000 0.000000 1460935.182000 449170.736000 13.214780 80.530869 0.000000 0.000000 0.000000 0.000000 0.000000 0.000000
22:07:07 0.300000 0.000000 0.000000 0.000000 104.598999 0.000000 3.989000 0.000000 1460935.182000 449170.736000 13.214780 80.530869 0.000000 0.000000 0.000000 0.000000 0.000000 0.000000
22:07:07 0.400000 0.000000 0.000000 0.000000 104.598999 0.000000 3.989000 0.000000 0.005000 0.004000 13.214780 80.530869 0.000000 0.000000 0.000000 0.000000 0.000000 0.000000
22:07:08 0.400000 0.000000 0.000000 0.000000 104.598999 0.000000 3.989000 0.000000 1460935.182000 449170.736000 13.214780 80.530869 0.000000 0.000000 0.000000 0.000000 0.000000 0.000000
22:07:09 0.400000 0.000000 0.000000 0.000000 104.598999 0.000000 3.989000 0.000000 1460935.182000 449170.736000 13.214780 80.530869 0.000000 0.000000 0.000000 0.000000 0.000000 0.000000
22:07:10 0.300000 0.000000 0.000000 0.000000 104.598999 0.000000 3.989000 0.000000 0.005000 0.004000 13.214780 80.530869 0.000000 0.000000 0.000000 0.000000 0.000000 0.000000
22:07:10 0.400000 0.000000 0.000000 0.000000 104.598999 0.000000 3.989000 0.000000 1460935.182000 449170.736000 13.214780 80.530869 0.000000 0.000000 0.000000 0.000000 0.000000 0.000000
22:07:11 0.400000 0.000000 0.000000 0.000000 104.598999 0.000000 3.989000 0.000000 1460935.182000 449170.736000 13.214780 80.530869 0.000000 0.000000 0.000000 0.000000 0.000000 0.000000
22:07:12 0.400000 0.000000 0.000000 0.000000 104.598999 0.000000 3.989000 0.000000 1460935.182000 449170.736000 13.214780 80.530869 0.000000 0.000000 0.000000 0.000000 0.000000 0.000000
22:07:13 0.400000 0.000000 0.000000 0.000000 104.598999 0.000000 3.989000 0.000000 1460935.182000 449170.736000 13.214780 80.530869 0.000000 0.000000 0.000000 0.000000 0.000000 0.000000
22:07:13 0.400000 0.000000 0.000000 0.000000 104.598999 0.000000 3.989000 0.000000 1460935.182000 449170.736000 13.214780 80.530869 0.000000 0.000000 0.000000 0.000000 0.000000 0.000000
22:07:14 0.400000 0.000000 0.000000 0.000000 104.598999 0.000000 3.989000 0.000000 1460935.182000 449170.736000 13.214780 80.530869 0.000000 0.000000 0.000000 0.000000 0.000000 0.000000
22:07:15 0.400000 0.000000 0.000000 0.000000 104.598999 0.000000 3.989000 0.000000 1460935.182000 449170.736000 13.214780 80.530869 0.000000 0.000000 0.000000 0.000000 0.000000 0.000000
22:07:16 0.400000 0.000000 0.000000 0.000000 104.598999 0.000000 3.989000 0.000000 1460935.182000 449170.736000 13.214780 80.530869 0.000000 0.000000 0.000000 0.000000 0.000000 0.000000
22:07:16 0.300000 0.000000 0.000000 0.000000 104.598999 0.000000 3.989000 0.000000 1460935.182000 449170.736000 13.214780 80.530869 0.000000 0.000000 0.000000 0.000000 0.000000 0.000000
22:07:17 0.300000 0.000000 0.000000 0.000000 104.598999 0.000000 3.989000 0.000000 1460935.182000 449170.736000 13.214780 80.530869 0.000000 0.000000 0.000000 0.000000 0.000000 0.000000
22:07:18 0.400000 0.000000 0.000000 0.000000 104.598999 0.000000 3.989000 0.000000 1460935.182000 449170.736000 13.214780 80.530869 0.000000 0.000000 0.000000 0.000000 0.000000 0.000000
22:07:18 0.300000 0.000000 0.000000 0.000000 104.598999 0.000000 3.989000 0.000000 1460935.182000 449170.736000 13.214780 80.530869 0.000000 0.000000 0.000000 0.000000 0.000000 0.000000
22:07:19 0.300000 0.000000 0.000000 0.000000 104.598999 0.000000 3.989000 0.000000 1460935.182000 449170.736000 13.214780 80.530869 0.000000 0.000000 0.000000 0.000000 0.000000 0.000000
22:07:20 0.300000 0.000000 0.000000 0.000000 104.598999 0.000000 3.989000 0.000000 1460935.182000 449170.736000 13.214780 80.530869 0.000000 0.000000 0.000000 0.000000 0.000000 0.000000
22:07:21 0.300000 0.000000 0.000000 0.000000 104.598999 0.000000 3.989000 0.000000 1460935.182000 449170.736000 13.214780 80.530869 0.000000 0.000000 0.000000 0.000000 0.000000 0.000000
22:07:21 0.400000 0.000000 0.000000 0.000000 104.598999 0.000000 3.989000 0.000000 0.005000 0.004000 13.214780 80.530869 0.000000 0.000000 0.000000 0.000000 0.000000 0.000000
22:07:22 0.400000 0.000000 0.000000 0.000000 104.598999 0.000000 3.989000 0.000000 1460935.182000 449170.736000 13.214780 80.530869 0.000000 0.000000 0.000000 0.000000 0.000000 0.000000
22:07:23 0.400000 0.000000 0.000000 0.000000 104.598999 0.000000 3.989000 0.000000 1460935.182000 449170.736000 13.214780 80.530869 0.000000 0.000000 0.000000 0.000000 0.000000 0.000000
22:07:24 0.400000 0.000000 0.000000 0.000000 104.598999 0.000000 3.989000 0.000000 1460935.182000 449170.736000 13.214780 80.530869 0.000000 0.000000 0.000000 0.000000 0.000000 0.000000
22:07:24 0.300000 0.000000 0.000000 0.000000 104.598999 0.000000 3.989000 0.000000 1460935.182000 449170.736000 13.214780 80.530869 0.000000 0.000000 0.000000 0.000000 0.000000 0.000000
22:07:25 0.300000 0.000000 0.000000 0.000000 104.598999 0.000000 3.989000 0.000000 1460935.182000 449170.736000 13.214780 80.530869 0.000000 0.000000 0.000000 0.000000 0.000000 0.000000
22:07:26 0.300000 0.000000 0.000000 0.000000 104.598999 0.000000 3.989000 0.000000 1460935.182000 449170.736000 13.214780 80.530869 0.000000 0.000000 0.000000 0.000000 0.000000 0.000000
22:07:27 0.300000 0.000000 0.000000 0.000000 104.598999 0.000000 3.989000 0.000000 1460935.182000 449170.736000 13.214780 80.530869 0.000000 0.000000 0.000000 0.000000 0.000000 0.000000
22:07:27 0.300000 0.000000 0.000000 0.000000 104.598999 0.000000 3.989000 0.000000 1460935.182000 449170.736000 13.214780 80.530869 0.000000 0.000000 0.000000 0.000000 0.000000 0.000000
22:07:28 0.300000 0.000000 0.000000 0.000000 104.598999 0.000000 3.989000 0.000000 1460935.182000 449170.736000 13.214780 80.530869 0.000000 0.000000 0.000000 0.000000 0.000000 0.000000
22:07:29 0.300000 0.000000 0.000000 0.000000 104.598999 0.000000 3.989000 0.000000 1460935.182000 449170.736000 13.214780 80.530869 0.000000 0.000000 0.000000 0.000000 0.000000 0.000000
22:07:30 0.400000 0.000000 0.000000 0.000000 104.598999 0.000000 3.989000 0.000000 1460935.182000 449170.736000 13.214780 80.530869 0.000000 0.000000 0.000000 0.000000 0.000000 0.000000
22:07:30 0.400000 0.000000 0.000000 0.000000 104.598999 0.000000 3.989000 0.000000 1460935.182000 449170.736000 13.214780 80.530869 0.000000 0.000000 0.000000 0.000000 0.000000 0.000000
22:07:31 0.400000 0.000000 0.000000 0.000000 104.598999 0.000000 3.989000 0.000000 1460935.182000 449170.736000 13.214780 80.530869 0.000000 0.000000 0.000000 0.000000 0.000000 0.000000
22:07:32 0.300000 0.000000 0.000000 0.000000 104.598999 0.000000 3.989000 0.000000 1460935.182000 449170.736000 13.214780 80.530869 0.000000 0.000000 0.000000 0.000000 0.000000 0.000000
22:07:33 0.400000 0.000000 0.000000 0.000000 104.598999 0.000000 3.989000 0.000000 1460935.182000 449170.736000 13.214780 80.530869 0.000000 0.000000 0.000000 0.000000 0.000000 0.000000
22:07:33 0.400000 0.000000 0.000000 0.000000 104.598999 0.000000 3.989000 0.000000 0.005000 0.004000 13.214780 80.530869 0.000000 0.000000 0.000000 0.000000 0.000000 0.000000
22:07:34 0.400000 0.000000 0.000000 0.000000 104.598999 0.000000 3.989000 0.000000 1460935.182000 449170.736000 13.214780 80.530869 0.000000 0.000000 0.000000 0.000000 0.000000 0.000000
22:07:35 0.400000 0.000000 0.000000 0.000000 104.598999 0.000000 3.989000 0.000000 1460935.182000 449170.736000 13.214780 80.530869 0.000000 0.000000 0.000000 0.000000 0.000000 0.000000
22:07:35 0.300000 0.000000 0.000000 0.000000 104.598999 0.000000 3.989000 0.000000 1460935.182000 449170.736000 13.214780 80.530869 0.000000 0.000000 0.000000 0.000000 0.000000 0.000000
22:07:36 0.400000 0.000000 0.000000 0.000000 104.598999 0.000000 3.989000 0.000000 1460935.182000 449170.736000 13.214780 80.530869 0.000000 0.000000 0.000000 0.000000 0.000000 0.000000
22:07:37 0.400000 0.000000 0.000000 0.000000 104.598999 0.000000 3.989000 0.000000 1460935.182000 449170.736000 13.214780 80.530869 0.000000 0.000000 0.000000 0.000000 0.000000 0.000000
22:07:38 0.400000 0.000000 0.000000 0.000000 104.598999 0.000000 3.989000 0.000000 1460935.182000 449170.736000 13.214780 80.530869 0.000000 0.000000 0.000000 0.000000 0.000000 0.000000
22:07:38 0.400000 0.000000 0.000000 0.000000 104.598999 0.000000 3.989000 0.000000 1460935.182000 449170.736000 13.214780 80.530869 0.000000 0.000000 0.000000 0.000000 0.000000 0.000000
22:07:39 0.400000 0.000000 0.000000 0.000000 104.598999 0.000000 3.989000 0.000000 1460935.182000 449170.736000 13.214780 80.530869 0.000000 0.000000 0.000000 0.000000 0.000000 0.000000
22:07:40 0.400000 0.000000 0.000000 0.000000 104.598999 0.000000 3.989000 0.000000 1460935.182000 449170.736000 13.214780 80.530869 0.000000 0.000000 0.000000 0.000000 0.000000 0.000000
22:07:41 0.300000 0.000000 0.000000 0.000000 104.598999 0.000000 3.989000 0.000000 1460935.182000 449170.736000 13.214780 80.530869 0.000000 0.000000 0.000000 0.000000 0.000000 0.000000
22:07:41 0.300000 0.000000 0.000000 0.000000 104.598999 0.000000 3.989000 0.000000 1460935.182000 449170.736000 13.214780 80.530869 0.000000 0.000000 0.000000 0.000000 0.000000 0.000000
22:07:42 0.400000 0.000000 0.000000 0.000000 104.598999 0.000000 3.989000 0.000000 1460935.182000 449170.736000 13.214780 80.530869 0.000000 0.000000 0.000000 0.000000 0.000000 0.000000
22:07:43 0.400000 0.000000 0.000000 0.000000 104.598999 0.000000 3.989000 0.000000 0.005000 0.004000 13.214780 80.530869 0.000000 0.000000 0.000000 0.000000 0.000000 0.000000
22:07:44 0.400000 0.000000 0.000000 0.000000 104.598999 0.000000 3.989000 0.000000 1460935.182000 449170.736000 13.214780 80.530869 0.000000 0.000000 0.000000 0.000000 0.000000 0.000000
22:07:44 0.400000 0.000000 0.000000 0.000000 104.598999 0.000000 3.989000 0.000000 1460935.182000 449170.736000 13.214780 80.530869 0.000000 0.000000 0.000000 0.000000 0.000000 0.000000
22:07:45 0.300000 0.000000 0.000000 0.000000 104.598999 0.000000 3.989000 0.000000 0.005000 0.004000 13.214780 80.530869 0.000000 0.000000 0.000000 0.000000 0.000000 0.000000
22:07:46 0.300000 0.000000 0.000000 0.000000 104.598999 0.000000 3.989000 0.000000 1460935.182000 449170.736000 13.214780 80.530869 0.000000 0.000000 0.000000 0.000000 0.000000 0.000000
22:07:47 0.400000 0.000000 0.000000 0.000000 104.598999 0.000000 3.989000 0.000000 1460935.182000 449170.736000 13.214780 80.530869 0.000000 0.000000 0.000000 0.000000 0.000000 0.000000
22:07:47 0.400000 0.000000 0.000000 0.000000 104.598999 0.000000 3.989000 0.000000 1460935.182000 449170.736000 13.214780 80.530869 0.000000 0.000000 0.000000 0.000000 0.000000 0.000000
22:07:48 0.300000 0.000000 0.000000 0.000000 104.598999 0.000000 3.989000 0.000000 1460935.182000 449170.736000 13.214780 80.530869 0.000000 0.000000 0.000000 0.000000 0.000000 0.000000
22:07:49 0.300000 0.000000 0.000000 0.000000 104.598999 0.000000 3.989000 0.000000 1460935.182000 449170.736000 13.214780 80.530869 0.000000 0.000000 0.000000 0.000000 0.000000 0.000000
22:07:49 0.400000 0.000000 0.000000 0.000000 104.598999 0.000000 3.989000 0.000000 1460935.182000 449170.736000 13.214780 80.530869 0.000000 0.000000 0.000000 0.000000 0.000000 0.000000
22:07:50 0.400000 0.000000 0.000000 0.000000 104.598999 0.000000 3.989000 0.000000 0.005000 0.004000 13.214780 80.530869 0.000000 0.000000 0.000000 0.000000 0.000000 0.000000
22:07:51 0.300000 0.000000 0.000000 0.000000 104.598999 0.000000 3.989000 0.000000 1460935.182000 449170.736000 13.214780 80.530869 0.000000 0.000000 0.000000 0.000000 0.000000 0.000000
22:07:52 0.400000 0.000000 0.000000 0.000000 104.598999 0.000000 3.989000 0.000000 1460935.182000 449170.736000 13.214780 80.530869 0.000000 0.000000 0.000000 0.000000 0.000000 0.000000
22:07:53 0.300000 0.000000 0.000000 0.000000 104.598999 0.000000 3.989000 0.000000 0.005000 0.004000 13.214780 80.530869 0.000000 0.000000 0.000000 0.000000 0.000000 0.000000
22:07:54 0.400000 0.000000 0.000000 0.000000 104.598999 0.000000 3.989000 0.000000 1460935.182000 449170.736000 13.214780 80.530869 0.000000 0.000000 0.000000 0.000000 0.000000 0.000000
22:07:54 0.400000 0.000000 0.000000 0.000000 104.598999 0.000000 3.989000 0.000000 1460935.182000 449170.736000 13.214780 80.530869 0.000000 0.000000 0.000000 0.000000 0.000000 0.000000
22:07:55 0.400000 0.000000 0.000000 0.000000 104.598999 0.000000 3.989000 0.000000 1460935.182000 449170.736000 13.214780 80.530869 0.000000 0.000000 0.000000 0.000000 0.000000 0.000000
22:07:56 0.300000 0.000000 0.000000 0.000000 104.598999 0.000000 3.989000 0.000000 1460935.182000 449170.736000 13.214780 80.530869 0.000000 0.000000 0.000000 0.000000 0.000000 0.000000
22:07:56 0.300000 0.000000 0.000000 0.000000 104.598999 0.000000 3.989000 0.000000 1460935.182000 449170.736000 13.214780 80.530869 0.000000 0.000000 0.000000 0.000000 0.000000 0.000000
22:07:57 0.400000 0.000000 0.000000 0.000000 104.598999 0.000000 3.989000 0.000000 1460935.182000 449170.736000 13.214780 80.530869 0.000000 0.000000 0.000000 0.000000 0.000000 0.000000
22:07:58 0.400000 0.000000 0.000000 0.000000 104.598999 0.000000 3.989000 0.000000 1460935.182000 449170.736000 13.214780 80.530869 0.000000 0.000000 0.000000 0.000000 0.000000 0.000000
22:07:59 0.400000 0.000000 0.000000 0.000000 104.598999 0.000000 3.989000 0.000000 1460935.182000 449170.736000 13.214780 80.530869 0.000000 0.000000 0.000000 0.000000 0.000000 0.000000
22:07:59 0.300000 0.000000 0.000000 0.000000 104.598999 0.000000 3.989000 0.000000 0.005000 0.004000 13.214780 80.530869 0.000000 0.000000 0.000000 0.000000 0.000000 0.000000
22:08:00 0.300000 0.000000 0.000000 0.000000 104.598999 0.000000 3.989000 0.000000 0.005000 0.004000 13.214780 80.530869 0.000000 0.000000 0.000000 0.000000 0.000000 0.000000
22:08:01 0.400000 0.000000 0.000000 0.000000 104.598999 0.000000 3.989000 0.000000 1460935.182000 449170.736000 13.214780 80.530869 0.000000 0.000000 0.000000 0.000000 0.000000 0.000000
22:08:02 0.400000 0.000000 0.000000 0.000000 104.598999 0.000000 3.989000 0.000000 1460935.182000 449170.736000 13.214780 80.530869 0.000000 0.000000 0.000000 0.000000 0.000000 0.000000
22:08:02 0.400000 0.000000 0.000000 0.000000 104.598999 0.000000 3.989000 0.000000 1460935.182000 449170.736000 13.214780 80.530869 0.000000 0.000000 0.000000 0.000000 0.000000 0.000000
22:08:03 0.300000 0.000000 0.000000 0.000000 104.598999 0.000000 3.989000 0.000000 1460935.182000 449170.736000 13.214780 80.530869 0.000000 0.000000 0.000000 0.000000 0.000000 0.000000
22:08:04 0.300000 0.000000 0.000000 0.000000 104.598999 0.000000 3.989000 0.000000 1460935.182000 449170.736000 13.214780 80.530869 0.000000 0.000000 0.000000 0.000000 0.000000 0.000000
22:08:05 0.300000 0.000000 0.000000 0.000000 104.598999 0.000000 3.989000 0.000000 1460935.182000 449170.736000 13.214780 80.530869 0.000000 0.000000 0.000000 0.000000 0.000000 0.000000
22:08:05 0.300000 0.000000 0.000000 0.000000 104.598999 0.000000 3.989000 0.000000 1460935.182000 449170.736000 13.214780 80.530869 0.000000 0.000000 0.000000 0.000000 0.000000 0.000000
22:08:06 0.300000 0.000000 0.000000 0.000000 104.598999 0.000000 3.989000 0.000000 1460935.182000 449170.736000 13.214780 80.530869 0.000000 0.000000 0.000000 0.000000 0.000000 0.000000
22:08:07 0.300000 0.000000 0.000000 0.000000 104.598999 0.000000 3.989000 0.000000 1460935.182000 449170.736000 13.214780 80.530869 0.000000 0.000000 0.000000 0.000000 0.000000 0.000000
22:08:08 0.300000 0.000000 0.000000 0.000000 104.598999 0.000000 3.989000 0.000000 1460935.182000 449170.736000 13.214780 80.530869 0.000000 0.000000 0.000000 0.000000 0.000000 0.000000
22:08:08 0.400000 0.000000 0.000000 0.000000 104.598999 0.000000 3.989000 0.000000 1460935.182000 449170.736000 13.214780 80.530869 0.000000 0.000000 0.000000 0.000000 0.000000 0.000000
22:08:09 0.400000 0.000000 0.000000 0.000000 104.598999 0.000000 3.989000 0.000000 1460935.182000 449170.736000 13.214780 80.530869 0.000000 0.000000 0.000000 0.000000 0.000000 0.000000
22:08:10 0.400000 0.000000 0.000000 0.000000 104.598999 0.000000 3.989000 0.000000 1460935.182000 449170.736000 13.214780 80.530869 0.000000 0.000000 0.000000 0.000000 0.000000 0.000000
22:08:11 0.400000 0.000000 0.000000 0.000000 104.598999 0.000000 3.989000 0.000000 1460935.182000 449170.736000 13.214780 80.530869 0.000000 0.000000 0.000000 0.000000 0.000000 0.000000
22:08:11 0.400000 0.000000 8.000000 0.000000 104.598999 0.000000 3.989000 0.000000 0.005000 0.004000 13.214780 80.530869 0.000000 0.000000 0.000000 0.000000 0.000000 0.000000
22:08:12 0.400000 0.000000 0.000000 0.000000 104.598999 0.000000 3.989000 0.000000 1460935.182000 449170.736000 13.214780 80.530869 0.000000 0.000000 0.000000 0.000000 0.000000 0.000000
22:08:13 0.400000 0.000000 0.000000 0.000000 104.598999 0.000000 3.989000 0.000000 1460935.182000 449170.736000 13.214780 80.530869 0.000000 0.000000 0.000000 0.000000 0.000000 0.000000
22:08:13 0.400000 0.000000 0.000000 0.000000 104.598999 0.000000 3.989000 0.000000 0.005000 0.004000 13.214780 80.530869 0.000000 0.000000 0.000000 0.000000 0.000000 0.000000
22:08:14 0.400000 0.000000 0.000000 0.000000 104.598999 0.000000 3.989000 0.000000 1460935.182000 449170.736000 13.214780 80.530869 0.000000 0.000000 0.000000 0.000000 0.000000 0.000000
22:08:15 0.300000 0.000000 0.000000 0.000000 104.598999 0.000000 3.989000 0.000000 1460935.182000 449170.736000 13.214780 80.530869 0.000000 0.000000 0.000000 0.000000 0.000000 0.000000
22:08:16 0.300000 0.000000 0.000000 0.000000 104.598999 0.000000 3.989000 0.000000 1460935.182000 449170.736000 13.214780 80.530869 0.000000 0.000000 0.000000 0.000000 0.000000 0.000000
22:08:16 0.400000 0.000000 0.000000 0.000000 104.598999 0.000000 3.989000 0.000000 1460935.182000 449170.736000 13.214780 80.530869 0.000000 0.000000 0.000000 0.000000 0.000000 0.000000
22:08:17 0.300000 0.000000 0.000000 0.000000 104.598999 0.000000 3.989000 0.000000 1460935.182000 449170.736000 13.214780 80.530869 0.000000 0.000000 0.000000 0.000000 0.000000 0.000000
22:08:18 0.300000 0.000000 0.000000 0.000000 104.598999 0.000000 3.989000 0.000000 1460935.182000 449170.736000 13.214780 80.530869 0.000000 0.000000 0.000000 0.000000 0.000000 0.000000
22:08:19 0.400000 0.000000 0.000000 0.000000 104.598999 0.000000 3.989000 0.000000 1460935.182000 449170.736000 13.214780 80.530869 0.000000 0.000000 0.000000 0.000000 0.000000 0.000000
22:08:19 0.300000 0.000000 0.000000 0.000000 104.598999 0.000000 3.989000 0.000000 1460935.182000 449170.736000 13.214780 80.530869 0.000000 0.000000 0.000000 0.000000 0.000000 0.000000
22:08:20 0.300000 0.000000 0.000000 0.000000 104.598999 0.000000 3.989000 0.000000 1460935.182000 449170.736000 13.214780 80.530869 0.000000 0.000000 0.000000 0.000000 0.000000 0.000000
22:08:21 0.300000 0.000000 0.000000 0.000000 104.598999 0.000000 3.989000 0.000000 1460935.182000 449170.736000 13.214780 80.530869 0.000000 0.000000 0.000000 0.000000 0.000000 0.000000
