18:18:42 0.300000 0.000000 3.625000 0.000000 281.471008 0.000000 -0.349000 0.000000 2604409.504000 530964.602000 23.549728 87.303391 0.000000 0.000000 0.000000 0.000000 0.000000 0.000000
18:18:42 0.300000 0.000000 3.625000 0.000000 281.471008 0.000000 -0.349000 0.000000 2604409.504000 530964.602000 23.549728 87.303391 0.000000 0.000000 0.000000 0.000000 0.000000 0.000000
18:18:43 0.300000 0.000000 3.625000 0.000000 281.471008 0.000000 -0.349000 0.000000 2604409.504000 530964.602000 23.549728 87.303391 0.000000 0.000000 0.000000 0.000000 0.000000 0.000000
18:18:43 0.300000 0.000000 3.625000 0.000000 281.471008 0.000000 -0.349000 0.000000 2604409.504000 530964.602000 23.549728 87.303391 0.000000 0.000000 0.000000 0.000000 0.000000 0.000000
18:18:44 0.300000 0.000000 3.625000 0.000000 281.471008 0.000000 -0.349000 0.000000 2604409.535000 530964.663000 23.549728 87.303391 0.000000 0.000000 0.000000 0.000000 0.000000 0.000000
18:18:44 0.300000 0.000000 3.625000 0.000000 281.471008 0.000000 -0.349000 0.000000 2604409.535000 530964.663000 23.549728 87.303391 0.000000 0.000000 0.000000 0.000000 0.000000 0.000000
18:18:44 0.300000 0.000000 3.625000 0.000000 281.471008 0.000000 -0.349000 0.000000 2604409.535000 530964.663000 23.549728 87.303391 0.000000 0.000000 0.000000 0.000000 0.000000 0.000000
18:18:45 0.300000 0.000000 3.625000 0.000000 281.471008 0.000000 -0.349000 0.000000 2604409.535000 530964.663000 23.549728 87.303391 0.000000 0.000000 0.000000 0.000000 0.000000 0.000000
18:18:45 0.300000 0.000000 3.625000 0.000000 281.471008 0.000000 -0.349000 0.000000 2604409.535000 530964.663000 23.549728 87.303391 0.000000 0.000000 0.000000 0.000000 0.000000 0.000000
18:18:46 0.300000 0.000000 3.625000 0.000000 281.471008 0.000000 -0.349000 0.000000 2604409.535000 530964.663000 23.549728 87.303391 0.000000 0.000000 0.000000 0.000000 0.000000 0.000000
18:18:46 0.300000 0.000000 3.625000 0.000000 281.471008 0.000000 -0.349000 0.000000 2604409.535000 530964.663000 23.549728 87.303391 0.000000 0.000000 0.000000 0.000000 0.000000 0.000000
18:18:46 0.300000 0.000000 3.625000 0.000000 281.471008 0.000000 -0.349000 0.000000 2604409.535000 530964.663000 23.549728 87.303391 0.000000 0.000000 0.000000 0.000000 0.000000 0.000000
18:18:47 0.300000 0.000000 3.625000 0.000000 281.471008 0.000000 -0.349000 0.000000 2604409.535000 530964.663000 23.549728 87.303391 0.000000 0.000000 0.000000 0.000000 0.000000 0.000000
18:18:47 0.300000 0.000000 3.625000 0.000000 281.471008 0.000000 -0.349000 0.000000 2604409.535000 530964.663000 23.549728 87.303391 0.000000 0.000000 0.000000 0.000000 0.000000 0.000000
18:18:48 0.300000 0.000000 3.625000 0.000000 281.471008 0.000000 -0.349000 0.000000 2604409.535000 530964.663000 23.549728 87.303391 0.000000 0.000000 0.000000 0.000000 0.000000 0.000000
18:18:48 0.300000 0.000000 3.625000 0.000000 281.471008 0.000000 -0.349000 0.000000 2604409.535000 530964.663000 23.549728 87.303391 0.000000 0.000000 0.000000 0.000000 0.000000 0.000000
18:18:48 0.300000 0.000000 3.625000 0.000000 281.471008 0.000000 -0.349000 0.000000 2604409.535000 530964.663000 23.549728 87.303391 0.000000 0.000000 0.000000 0.000000 0.000000 0.000000
18:18:49 0.300000 0.000000 3.625000 0.000000 281.471008 0.000000 -0.349000 0.000000 2604409.535000 530964.663000 23.549728 87.303391 0.000000 0.000000 0.000000 0.000000 0.000000 0.000000
18:18:49 0.300000 0.000000 3.625000 0.000000 281.471008 0.000000 -0.349000 0.000000 2604409.535000 530964.663000 23.549728 87.303391 0.000000 0.000000 0.000000 0.000000 0.000000 0.000000
18:18:50 0.300000 0.000000 3.625000 0.000000 281.471008 0.000000 -0.349000 0.000000 2604409.535000 530964.663000 23.549728 87.303391 0.000000 0.000000 0.000000 0.000000 0.000000 0.000000
18:18:50 0.300000 0.000000 3.625000 0.000000 281.471008 0.000000 -0.349000 0.000000 2604409.535000 530964.663000 23.549728 87.303391 0.000000 0.000000 0.000000 0.000000 0.000000 0.000000
18:18:50 0.300000 0.000000 3.625000 0.000000 281.471008 0.000000 -0.349000 0.000000 2604409.535000 530964.663000 23.549728 87.303391 0.000000 0.000000 0.000000 0.000000 0.000000 0.000000
18:18:51 0.300000 0.000000 3.625000 0.000000 281.471008 0.000000 -0.349000 0.000000 2604409.535000 530964.663000 23.549728 87.303391 0.000000 0.000000 0.000000 0.000000 0.000000 0.000000
18:18:51 0.300000 0.000000 3.625000 0.000000 281.471008 0.000000 -0.349000 0.000000 2604409.535000 530964.663000 23.549728 87.303391 0.000000 0.000000 0.000000 0.000000 0.000000 0.000000
18:18:52 0.300000 0.000000 3.625000 0.000000 281.471008 0.000000 -0.349000 0.000000 2604409.535000 530964.663000 23.549728 87.303391 0.000000 0.000000 0.000000 0.000000 0.000000 0.000000
18:18:52 0.300000 0.000000 3.625000 0.000000 281.471008 0.000000 -0.349000 0.000000 2604409.535000 530964.663000 23.549728 87.303391 0.000000 0.000000 0.000000 0.000000 0.000000 0.000000
18:18:52 0.300000 0.000000 3.625000 0.000000 281.471008 0.000000 -0.349000 0.000000 2604409.535000 530964.663000 23.549728 87.303391 0.000000 0.000000 0.000000 0.000000 0.000000 0.000000
18:18:53 0.300000 0.000000 3.625000 0.000000 281.471008 0.000000 -0.349000 0.000000 2604409.523000 530964.480000 23.549728 87.303391 0.000000 0.000000 0.000000 0.000000 0.000000 0.000000
18:18:53 0.300000 0.000000 3.625000 0.000000 281.471008 0.000000 -0.349000 0.000000 2604409.523000 530964.480000 23.549728 87.303391 0.000000 0.000000 0.000000 0.000000 0.000000 0.000000
18:18:54 0.300000 0.000000 3.625000 0.000000 281.471008 0.000000 -0.349000 0.000000 2604409.507000 530964.485000 23.549728 87.303391 0.000000 0.000000 0.000000 0.000000 0.000000 0.000000
18:18:54 0.300000 0.000000 3.625000 0.000000 281.471008 0.000000 -0.349000 0.000000 2604409.507000 530964.485000 23.549728 87.303391 0.000000 0.000000 0.000000 0.000000 0.000000 0.000000
18:18:54 0.300000 0.000000 3.625000 0.000000 281.471008 0.000000 -0.349000 0.000000 2604409.507000 530964.485000 23.549728 87.303391 0.000000 0.000000 0.000000 0.000000 0.000000 0.000000
18:18:55 0.300000 0.000000 3.625000 0.000000 281.471008 0.000000 -0.349000 0.000000 2604409.451000 530964.469000 23.549728 87.303391 0.000000 0.000000 0.000000 0.000000 0.000000 0.000000
18:18:55 0.300000 0.000000 3.625000 0.000000 281.471008 0.000000 -0.349000 0.000000 2604409.451000 530964.469000 23.549728 87.303391 0.000000 0.000000 0.000000 0.000000 0.000000 0.000000
18:18:56 0.300000 0.000000 3.625000 0.000000 281.471008 0.000000 -0.349000 0.000000 2604409.434000 530964.462000 23.549728 87.303391 0.000000 0.000000 0.000000 0.000000 0.000000 0.000000
18:18:56 0.300000 0.000000 3.625000 0.000000 281.471008 0.000000 -0.349000 0.000000 2604409.434000 530964.462000 23.549728 87.303391 0.000000 0.000000 0.000000 0.000000 0.000000 0.000000
