17:52:18 0.300000 0.000000 3.087000 0.000000 231.843994 0.000000 -0.390000 0.000000 2604408.110000 530960.577000 23.549717 87.303352 0.000000 0.000000 0.000000 0.000000 0.000000 0.000000
17:52:19 0.300000 0.000000 3.087000 0.000000 231.843994 0.000000 -0.390000 0.000000 2604408.110000 530960.577000 23.549717 87.303352 0.000000 0.000000 0.000000 0.000000 0.000000 0.000000
17:52:19 0.300000 0.000000 3.087000 0.000000 231.843994 0.000000 -0.390000 0.000000 2604408.110000 530960.577000 23.549717 87.303352 0.000000 0.000000 0.000000 0.000000 0.000000 0.000000
17:52:19 0.300000 0.000000 3.087000 0.000000 231.843994 0.000000 -0.390000 0.000000 2604408.110000 530960.577000 23.549717 87.303352 0.000000 0.000000 0.000000 0.000000 0.000000 0.000000
17:52:20 0.300000 0.000000 3.087000 0.000000 231.843994 0.000000 -0.390000 0.000000 2604408.110000 530960.577000 23.549717 87.303352 0.000000 0.000000 0.000000 0.000000 0.000000 0.000000
17:52:20 0.300000 0.000000 3.087000 0.000000 231.843994 0.000000 -0.390000 0.000000 2604408.110000 530960.577000 23.549717 87.303352 0.000000 0.000000 0.000000 0.000000 0.000000 0.000000
17:52:21 0.300000 0.000000 3.087000 0.000000 231.843994 0.000000 -0.390000 0.000000 2604408.110000 530960.577000 23.549717 87.303352 0.000000 0.000000 0.000000 0.000000 0.000000 0.000000
17:52:21 0.300000 0.000000 3.087000 0.000000 231.843994 0.000000 -0.390000 0.000000 2604408.110000 530960.577000 23.549717 87.303352 0.000000 0.000000 0.000000 0.000000 0.000000 0.000000
17:52:21 0.300000 0.000000 3.087000 0.000000 231.843994 0.000000 -0.390000 0.000000 2604408.110000 530960.577000 23.549717 87.303352 0.000000 0.000000 0.000000 0.000000 0.000000 0.000000
17:52:22 0.300000 0.000000 3.087000 0.000000 231.843994 0.000000 -0.390000 0.000000 2604408.110000 530960.577000 23.549717 87.303352 0.000000 0.000000 0.000000 0.000000 0.000000 0.000000
17:52:22 0.300000 0.000000 3.087000 0.000000 231.843994 0.000000 -0.390000 0.000000 2604408.110000 530960.577000 23.549717 87.303352 0.000000 0.000000 0.000000 0.000000 0.000000 0.000000
17:52:23 0.300000 0.000000 3.087000 0.000000 231.843994 0.000000 -0.390000 0.000000 2604408.044000 530960.346000 23.549717 87.303352 0.000000 0.000000 0.000000 0.000000 0.000000 0.000000
17:52:23 0.300000 0.000000 3.087000 0.000000 231.843994 0.000000 -0.390000 0.000000 2604408.044000 530960.346000 23.549717 87.303352 0.000000 0.000000 0.000000 0.000000 0.000000 0.000000
17:52:23 0.300000 0.000000 3.087000 0.000000 231.843994 0.000000 -0.390000 0.000000 2604408.044000 530960.346000 23.549717 87.303352 0.000000 0.000000 0.000000 0.000000 0.000000 0.000000
17:52:24 0.300000 0.000000 3.087000 0.000000 231.843994 0.000000 -0.390000 0.000000 2604408.044000 530960.346000 23.549717 87.303352 0.000000 0.000000 0.000000 0.000000 0.000000 0.000000
17:52:24 0.300000 0.000000 3.087000 0.000000 231.843994 0.000000 -0.390000 0.000000 2604408.044000 530960.346000 23.549717 87.303352 0.000000 0.000000 0.000000 0.000000 0.000000 0.000000
17:52:25 0.300000 0.000000 3.087000 0.000000 231.843994 0.000000 -0.390000 0.000000 2604408.027000 530960.240000 23.549717 87.303352 0.000000 0.000000 0.000000 0.000000 0.000000 0.000000
17:52:25 0.300000 0.000000 3.087000 0.000000 231.843994 0.000000 -0.390000 0.000000 2604408.027000 530960.240000 23.549717 87.303352 0.000000 0.000000 0.000000 0.000000 0.000000 0.000000
17:52:25 0.300000 0.000000 3.087000 0.000000 231.843994 0.000000 -0.390000 0.000000 2604408.027000 530960.240000 23.549717 87.303352 0.000000 0.000000 0.000000 0.000000 0.000000 0.000000
17:52:26 0.300000 0.000000 3.087000 0.000000 231.843994 0.000000 -0.390000 0.000000 2604408.027000 530960.240000 23.549717 87.303352 0.000000 0.000000 0.000000 0.000000 0.000000 0.000000
17:52:26 0.300000 0.000000 3.087000 0.000000 231.843994 0.000000 -0.390000 0.000000 2604408.027000 530960.240000 23.549717 87.303352 0.000000 0.000000 0.000000 0.000000 0.000000 0.000000
17:52:27 0.300000 0.000000 3.087000 0.000000 231.843994 0.000000 -0.390000 0.000000 2604408.010000 530960.145000 23.549717 87.303352 0.000000 0.000000 0.000000 0.000000 0.000000 0.000000
17:52:27 0.300000 0.000000 3.087000 0.000000 231.843994 0.000000 -0.390000 0.000000 2604408.010000 530960.145000 23.549717 87.303352 0.000000 0.000000 0.000000 0.000000 0.000000 0.000000
17:52:27 0.300000 0.000000 3.087000 0.000000 231.843994 0.000000 -0.390000 0.000000 2604408.010000 530960.145000 23.549717 87.303352 0.000000 0.000000 0.000000 0.000000 0.000000 0.000000
17:52:28 0.300000 0.000000 3.087000 0.000000 231.843994 0.000000 -0.390000 0.000000 2604408.010000 530960.145000 23.549717 87.303352 0.000000 0.000000 0.000000 0.000000 0.000000 0.000000
17:52:28 0.300000 0.000000 3.087000 0.000000 231.843994 0.000000 -0.390000 0.000000 2604408.010000 530960.145000 23.549717 87.303352 0.000000 0.000000 0.000000 0.000000 0.000000 0.000000
17:52:29 0.300000 0.000000 3.087000 0.000000 231.843994 0.000000 -0.390000 0.000000 2604408.007000 530960.051000 23.549717 87.303352 0.000000 0.000000 0.000000 0.000000 0.000000 0.000000
17:52:29 0.300000 0.000000 3.087000 0.000000 231.843994 0.000000 -0.390000 0.000000 2604408.007000 530960.051000 23.549717 87.303352 0.000000 0.000000 0.000000 0.000000 0.000000 0.000000
17:52:29 0.300000 0.000000 3.087000 0.000000 231.843994 0.000000 -0.390000 0.000000 2604408.007000 530960.051000 23.549717 87.303352 0.000000 0.000000 0.000000 0.000000 0.000000 0.000000
17:52:30 0.300000 0.000000 3.087000 0.000000 231.843994 0.000000 -0.390000 0.000000 2604408.007000 530960.051000 23.549717 87.303352 0.000000 0.000000 0.000000 0.000000 0.000000 0.000000
17:52:30 0.300000 0.000000 3.087000 0.000000 231.843994 0.000000 -0.390000 0.000000 2604408.007000 530960.051000 23.549717 87.303352 0.000000 0.000000 0.000000 0.000000 0.000000 0.000000
17:52:31 0.300000 0.000000 3.087000 0.000000 231.843994 0.000000 -0.390000 0.000000 2604408.007000 530960.051000 23.549717 87.303352 0.000000 0.000000 0.000000 0.000000 0.000000 0.000000
17:52:31 0.300000 0.000000 3.087000 0.000000 231.843994 0.000000 -0.390000 0.000000 2604408.007000 530960.051000 23.549717 87.303352 0.000000 0.000000 0.000000 0.000000 0.000000 0.000000
17:52:31 0.300000 0.000000 3.087000 0.000000 231.843994 0.000000 -0.390000 0.000000 2604408.007000 530960.051000 23.549717 87.303352 0.000000 0.000000 0.000000 0.000000 0.000000 0.000000
17:52:32 0.300000 0.000000 3.087000 0.000000 231.843994 0.000000 -0.390000 0.000000 2604408.007000 530960.051000 23.549717 87.303352 0.000000 0.000000 0.000000 0.000000 0.000000 0.000000
17:52:32 0.300000 0.000000 3.087000 0.000000 231.843994 0.000000 -0.390000 0.000000 2604408.007000 530960.051000 23.549717 87.303352 0.000000 0.000000 0.000000 0.000000 0.000000 0.000000
17:52:33 0.300000 0.000000 3.087000 0.000000 231.843994 0.000000 -0.390000 0.000000 2604408.007000 530960.051000 23.549717 87.303352 0.000000 0.000000 0.000000 0.000000 0.000000 0.000000
17:52:33 0.300000 0.000000 3.087000 0.000000 231.843994 0.000000 -0.390000 0.000000 2604408.007000 530960.051000 23.549717 87.303352 0.000000 0.000000 0.000000 0.000000 0.000000 0.000000
17:52:33 0.300000 0.000000 3.087000 0.000000 231.843994 0.000000 -0.390000 0.000000 2604408.007000 530960.051000 23.549717 87.303352 0.000000 0.000000 0.000000 0.000000 0.000000 0.000000
17:52:34 0.300000 0.000000 3.087000 0.000000 231.843994 0.000000 -0.390000 0.000000 2604408.007000 530960.051000 23.549717 87.303352 0.000000 0.000000 0.000000 0.000000 0.000000 0.000000
17:52:34 0.300000 0.000000 3.087000 0.000000 231.843994 0.000000 -0.390000 0.000000 2604408.007000 530960.051000 23.549717 87.303352 0.000000 0.000000 0.000000 0.000000 0.000000 0.000000
17:52:35 0.300000 0.000000 3.087000 0.000000 231.843994 0.000000 -0.390000 0.000000 2604408.007000 530960.051000 23.549717 87.303352 0.000000 0.000000 0.000000 0.000000 0.000000 0.000000
17:52:35 0.300000 0.000000 3.087000 0.000000 231.843994 0.000000 -0.390000 0.000000 2604408.007000 530960.051000 23.549717 87.303352 0.000000 0.000000 0.000000 0.000000 0.000000 0.000000
17:52:35 0.300000 0.000000 3.087000 0.000000 231.843994 0.000000 -0.390000 0.000000 2604408.007000 530960.051000 23.549717 87.303352 0.000000 0.000000 0.000000 0.000000 0.000000 0.000000
17:52:36 0.300000 0.000000 3.087000 0.000000 231.843994 0.000000 -0.390000 0.000000 2604408.007000 530960.051000 23.549717 87.303352 0.000000 0.000000 0.000000 0.000000 0.000000 0.000000
17:52:36 0.300000 0.000000 3.087000 0.000000 231.843994 0.000000 -0.390000 0.000000 2604408.007000 530960.051000 23.549717 87.303352 0.000000 0.000000 0.000000 0.000000 0.000000 0.000000
17:52:37 0.300000 0.000000 3.087000 0.000000 231.843994 0.000000 -0.390000 0.000000 2604408.007000 530960.051000 23.549717 87.303352 0.000000 0.000000 0.000000 0.000000 0.000000 0.000000
17:52:37 0.300000 0.000000 3.087000 0.000000 231.843994 0.000000 -0.390000 0.000000 2604408.007000 530960.051000 23.549717 87.303352 0.000000 0.000000 0.000000 0.000000 0.000000 0.000000
17:52:37 0.300000 0.000000 3.087000 0.000000 231.843994 0.000000 -0.390000 0.000000 2604408.007000 530960.051000 23.549717 87.303352 0.000000 0.000000 0.000000 0.000000 0.000000 0.000000
17:52:38 0.300000 0.000000 3.087000 0.000000 231.843994 0.000000 -0.390000 0.000000 2604408.007000 530960.051000 23.549717 87.303352 0.000000 0.000000 0.000000 0.000000 0.000000 0.000000
17:52:38 0.300000 0.000000 3.087000 0.000000 231.843994 0.000000 -0.390000 0.000000 2604408.007000 530960.051000 23.549717 87.303352 0.000000 0.000000 0.000000 0.000000 0.000000 0.000000
17:52:39 0.300000 0.000000 3.087000 0.000000 231.843994 0.000000 -0.390000 0.000000 2604408.208000 530959.871000 23.549717 87.303352 0.000000 0.000000 0.000000 0.000000 0.000000 0.000000
17:52:39 0.300000 0.000000 3.087000 0.000000 231.843994 0.000000 -0.390000 0.000000 2604408.208000 530959.871000 23.549717 87.303352 0.000000 0.000000 0.000000 0.000000 0.000000 0.000000
17:52:39 0.300000 0.000000 3.087000 0.000000 231.843994 0.000000 -0.390000 0.000000 2604408.208000 530959.871000 23.549717 87.303352 0.000000 0.000000 0.000000 0.000000 0.000000 0.000000
17:52:40 0.300000 0.000000 3.087000 0.000000 231.843994 0.000000 -0.390000 0.000000 2604408.208000 530959.871000 23.549717 87.303352 0.000000 0.000000 0.000000 0.000000 0.000000 0.000000
17:52:40 0.300000 0.000000 3.087000 0.000000 231.843994 0.000000 -0.390000 0.000000 2604408.208000 530959.871000 23.549717 87.303352 0.000000 0.000000 0.000000 0.000000 0.000000 0.000000
17:52:41 0.300000 0.000000 3.087000 0.000000 231.843994 0.000000 -0.390000 0.000000 2604408.208000 530959.871000 23.549717 87.303352 0.000000 0.000000 0.000000 0.000000 0.000000 0.000000
17:52:41 0.300000 0.000000 3.087000 0.000000 231.843994 0.000000 -0.390000 0.000000 2604408.208000 530959.871000 23.549717 87.303352 0.000000 0.000000 0.000000 0.000000 0.000000 0.000000
17:52:41 0.300000 0.000000 3.087000 0.000000 231.843994 0.000000 -0.390000 0.000000 2604408.208000 530959.871000 23.549717 87.303352 0.000000 0.000000 0.000000 0.000000 0.000000 0.000000
17:52:42 0.300000 0.000000 3.087000 0.000000 231.843994 0.000000 -0.390000 0.000000 2604408.208000 530959.871000 23.549717 87.303352 0.000000 0.000000 0.000000 0.000000 0.000000 0.000000
17:52:42 0.300000 0.000000 3.087000 0.000000 231.843994 0.000000 -0.390000 0.000000 2604408.208000 530959.871000 23.549717 87.303352 0.000000 0.000000 0.000000 0.000000 0.000000 0.000000
17:52:43 0.300000 0.000000 3.087000 0.000000 231.843994 0.000000 -0.390000 0.000000 2604408.208000 530959.871000 23.549717 87.303352 0.000000 0.000000 0.000000 0.000000 0.000000 0.000000
17:52:43 0.300000 0.000000 3.087000 0.000000 231.843994 0.000000 -0.390000 0.000000 2604408.208000 530959.871000 23.549717 87.303352 0.000000 0.000000 0.000000 0.000000 0.000000 0.000000
17:52:43 0.300000 0.000000 3.087000 0.000000 231.843994 0.000000 -0.390000 0.000000 2604408.208000 530959.871000 23.549717 87.303352 0.000000 0.000000 0.000000 0.000000 0.000000 0.000000
17:52:44 0.300000 0.000000 3.087000 0.000000 231.843994 0.000000 -0.390000 0.000000 2604408.208000 530959.871000 23.549717 87.303352 0.000000 0.000000 0.000000 0.000000 0.000000 0.000000
17:52:44 0.300000 0.000000 3.087000 0.000000 231.843994 0.000000 -0.390000 0.000000 2604408.208000 530959.871000 23.549717 87.303352 0.000000 0.000000 0.000000 0.000000 0.000000 0.000000
17:52:45 0.300000 0.000000 3.087000 0.000000 231.843994 0.000000 -0.390000 0.000000 2604408.208000 530959.871000 23.549717 87.303352 0.000000 0.000000 0.000000 0.000000 0.000000 0.000000
17:52:45 0.300000 0.000000 3.087000 0.000000 231.843994 0.000000 -0.390000 0.000000 2604408.208000 530959.871000 23.549717 87.303352 0.000000 0.000000 0.000000 0.000000 0.000000 0.000000
17:52:45 0.300000 0.000000 3.087000 0.000000 231.843994 0.000000 -0.390000 0.000000 2604408.208000 530959.871000 23.549717 87.303352 0.000000 0.000000 0.000000 0.000000 0.000000 0.000000
17:52:46 0.300000 0.000000 3.087000 0.000000 231.843994 0.000000 -0.390000 0.000000 2604408.208000 530959.871000 23.549717 87.303352 0.000000 0.000000 0.000000 0.000000 0.000000 0.000000
17:52:46 0.300000 0.000000 3.087000 0.000000 231.843994 0.000000 -0.390000 0.000000 2604408.208000 530959.871000 23.549717 87.303352 0.000000 0.000000 0.000000 0.000000 0.000000 0.000000
17:52:47 0.300000 0.000000 3.087000 0.000000 231.843994 0.000000 -0.390000 0.000000 2604408.208000 530959.871000 23.549717 87.303352 0.000000 0.000000 0.000000 0.000000 0.000000 0.000000
17:52:47 0.300000 0.000000 3.087000 0.000000 231.843994 0.000000 -0.390000 0.000000 2604408.208000 530959.871000 23.549717 87.303352 0.000000 0.000000 0.000000 0.000000 0.000000 0.000000
17:52:47 0.300000 0.000000 3.087000 0.000000 231.843994 0.000000 -0.390000 0.000000 2604408.208000 530959.871000 23.549717 87.303352 0.000000 0.000000 0.000000 0.000000 0.000000 0.000000
17:52:48 0.300000 0.000000 3.087000 0.000000 231.843994 0.000000 -0.390000 0.000000 2604408.208000 530959.871000 23.549717 87.303352 0.000000 0.000000 0.000000 0.000000 0.000000 0.000000
17:52:48 0.300000 0.000000 3.087000 0.000000 231.843994 0.000000 -0.390000 0.000000 2604408.208000 530959.871000 23.549717 87.303352 0.000000 0.000000 0.000000 0.000000 0.000000 0.000000
17:52:49 0.300000 0.000000 3.087000 0.000000 231.843994 0.000000 -0.390000 0.000000 2604408.208000 530959.871000 23.549717 87.303352 0.000000 0.000000 0.000000 0.000000 0.000000 0.000000
17:52:49 0.300000 0.000000 3.087000 0.000000 231.843994 0.000000 -0.390000 0.000000 2604408.208000 530959.871000 23.549717 87.303352 0.000000 0.000000 0.000000 0.000000 0.000000 0.000000
17:52:49 0.300000 0.000000 3.087000 0.000000 231.843994 0.000000 -0.390000 0.000000 2604408.208000 530959.871000 23.549717 87.303352 0.000000 0.000000 0.000000 0.000000 0.000000 0.000000
17:52:50 0.300000 0.000000 3.087000 0.000000 231.843994 0.000000 -0.390000 0.000000 2604408.208000 530959.871000 23.549717 87.303352 0.000000 0.000000 0.000000 0.000000 0.000000 0.000000
17:52:50 0.300000 0.000000 3.087000 0.000000 231.843994 0.000000 -0.390000 0.000000 2604408.448000 530960.004000 23.549717 87.303352 0.000000 0.000000 0.000000 0.000000 0.000000 0.000000
17:52:51 0.300000 0.000000 3.087000 0.000000 231.843994 0.000000 -0.390000 0.000000 2604408.448000 530960.004000 23.549717 87.303352 0.000000 0.000000 0.000000 0.000000 0.000000 0.000000
17:52:51 0.300000 0.000000 3.087000 0.000000 231.843994 0.000000 -0.390000 0.000000 2604408.448000 530960.004000 23.549717 87.303352 0.000000 0.000000 0.000000 0.000000 0.000000 0.000000
17:52:51 0.300000 0.000000 3.087000 0.000000 231.843994 0.000000 -0.390000 0.000000 2604408.448000 530960.004000 23.549717 87.303352 0.000000 0.000000 0.000000 0.000000 0.000000 0.000000
17:52:52 0.300000 0.000000 3.087000 0.000000 231.843994 0.000000 -0.390000 0.000000 2604408.448000 530960.004000 23.549717 87.303352 0.000000 0.000000 0.000000 0.000000 0.000000 0.000000
17:52:52 0.300000 0.000000 3.087000 0.000000 231.843994 0.000000 -0.390000 0.000000 2604408.479000 530960.029000 23.549717 87.303352 0.000000 0.000000 0.000000 0.000000 0.000000 0.000000
17:52:53 0.300000 0.000000 3.087000 0.000000 231.843994 0.000000 -0.390000 0.000000 2604408.479000 530960.029000 23.549717 87.303352 0.000000 0.000000 0.000000 0.000000 0.000000 0.000000
17:52:53 0.300000 0.000000 3.087000 0.000000 231.843994 0.000000 -0.390000 0.000000 2604408.479000 530960.029000 23.549717 87.303352 0.000000 0.000000 0.000000 0.000000 0.000000 0.000000
17:52:53 0.300000 0.000000 3.087000 0.000000 231.843994 0.000000 -0.390000 0.000000 2604408.479000 530960.029000 23.549717 87.303352 0.000000 0.000000 0.000000 0.000000 0.000000 0.000000
17:52:54 0.300000 0.000000 3.087000 0.000000 231.843994 0.000000 -0.390000 0.000000 2604408.479000 530960.029000 23.549717 87.303352 0.000000 0.000000 0.000000 0.000000 0.000000 0.000000
17:52:54 0.300000 0.000000 3.087000 0.000000 231.843994 0.000000 -0.390000 0.000000 2604408.479000 530960.029000 23.549717 87.303352 0.000000 0.000000 0.000000 0.000000 0.000000 0.000000
17:52:55 0.300000 0.000000 3.087000 0.000000 231.843994 0.000000 -0.390000 0.000000 2604408.479000 530960.029000 23.549717 87.303352 0.000000 0.000000 0.000000 0.000000 0.000000 0.000000
17:52:55 0.300000 0.000000 3.087000 0.000000 231.843994 0.000000 -0.390000 0.000000 2604408.479000 530960.029000 23.549717 87.303352 0.000000 0.000000 0.000000 0.000000 0.000000 0.000000
17:52:55 0.300000 0.000000 3.087000 0.000000 231.843994 0.000000 -0.390000 0.000000 2604408.479000 530960.029000 23.549717 87.303352 0.000000 0.000000 0.000000 0.000000 0.000000 0.000000
17:52:56 0.300000 0.000000 3.087000 0.000000 231.843994 0.000000 -0.390000 0.000000 2604408.479000 530960.029000 23.549717 87.303352 0.000000 0.000000 0.000000 0.000000 0.000000 0.000000
17:52:56 0.300000 0.000000 3.087000 0.000000 231.843994 0.000000 -0.390000 0.000000 2604408.479000 530960.029000 23.549717 87.303352 0.000000 0.000000 0.000000 0.000000 0.000000 0.000000
17:52:57 0.300000 0.000000 3.087000 0.000000 231.843994 0.000000 -0.390000 0.000000 2604408.643000 530960.082000 23.549717 87.303352 0.000000 0.000000 0.000000 0.000000 0.000000 0.000000
17:52:57 0.300000 0.000000 3.087000 0.000000 231.843994 0.000000 -0.390000 0.000000 2604408.643000 530960.082000 23.549717 87.303352 0.000000 0.000000 0.000000 0.000000 0.000000 0.000000
17:52:57 0.300000 0.000000 3.087000 0.000000 231.843994 0.000000 -0.390000 0.000000 2604408.643000 530960.082000 23.549717 87.303352 0.000000 0.000000 0.000000 0.000000 0.000000 0.000000
17:52:58 0.300000 0.000000 3.087000 0.000000 231.843994 0.000000 -0.390000 0.000000 2604408.643000 530960.082000 23.549717 87.303352 0.000000 0.000000 0.000000 0.000000 0.000000 0.000000
17:52:58 0.300000 0.000000 3.087000 0.000000 231.843994 0.000000 -0.390000 0.000000 2604408.643000 530960.082000 23.549717 87.303352 0.000000 0.000000 0.000000 0.000000 0.000000 0.000000
17:52:59 0.300000 0.000000 3.087000 0.000000 231.843994 0.000000 -0.390000 0.000000 2604408.643000 530960.082000 23.549717 87.303352 0.000000 0.000000 0.000000 0.000000 0.000000 0.000000
17:52:59 0.300000 0.000000 3.087000 0.000000 231.843994 0.000000 -0.390000 0.000000 2604408.643000 530960.082000 23.549717 87.303352 0.000000 0.000000 0.000000 0.000000 0.000000 0.000000
17:52:59 0.300000 0.000000 3.087000 0.000000 231.843994 0.000000 -0.390000 0.000000 2604408.643000 530960.082000 23.549717 87.303352 0.000000 0.000000 0.000000 0.000000 0.000000 0.000000
17:53:00 0.300000 0.000000 3.087000 0.000000 231.843994 0.000000 -0.390000 0.000000 2604408.643000 530960.082000 23.549717 87.303352 0.000000 0.000000 0.000000 0.000000 0.000000 0.000000
17:53:00 0.300000 0.000000 3.087000 0.000000 231.843994 0.000000 -0.390000 0.000000 2604408.667000 530960.105000 23.549717 87.303352 0.000000 0.000000 0.000000 0.000000 0.000000 0.000000
17:53:01 0.300000 0.000000 3.087000 0.000000 231.843994 0.000000 -0.390000 0.000000 2604408.667000 530960.105000 23.549717 87.303352 0.000000 0.000000 0.000000 0.000000 0.000000 0.000000
17:53:01 0.300000 0.000000 3.087000 0.000000 231.843994 0.000000 -0.390000 0.000000 2604408.667000 530960.105000 23.549717 87.303352 0.000000 0.000000 0.000000 0.000000 0.000000 0.000000
17:53:01 0.300000 0.000000 3.087000 0.000000 231.843994 0.000000 -0.390000 0.000000 2604408.667000 530960.105000 23.549717 87.303352 0.000000 0.000000 0.000000 0.000000 0.000000 0.000000
17:53:02 0.300000 0.000000 3.087000 0.000000 231.843994 0.000000 -0.390000 0.000000 2604408.667000 530960.105000 23.549717 87.303352 0.000000 0.000000 0.000000 0.000000 0.000000 0.000000
17:53:02 0.300000 0.000000 3.087000 0.000000 231.843994 0.000000 -0.390000 0.000000 2604408.753000 530960.248000 23.549717 87.303352 0.000000 0.000000 0.000000 0.000000 0.000000 0.000000
17:53:03 0.300000 0.000000 3.087000 0.000000 231.843994 0.000000 -0.390000 0.000000 2604408.753000 530960.248000 23.549717 87.303352 0.000000 0.000000 0.000000 0.000000 0.000000 0.000000
17:53:03 0.300000 0.000000 3.087000 0.000000 231.843994 0.000000 -0.390000 0.000000 2604408.753000 530960.248000 23.549717 87.303352 0.000000 0.000000 0.000000 0.000000 0.000000 0.000000
17:53:03 0.300000 0.000000 3.087000 0.000000 231.843994 0.000000 -0.390000 0.000000 2604408.753000 530960.248000 23.549717 87.303352 0.000000 0.000000 0.000000 0.000000 0.000000 0.000000
17:53:04 0.300000 0.000000 3.087000 0.000000 231.843994 0.000000 -0.390000 0.000000 2604408.753000 530960.248000 23.549717 87.303352 0.000000 0.000000 0.000000 0.000000 0.000000 0.000000
17:53:04 0.300000 0.000000 3.087000 0.000000 231.843994 0.000000 -0.390000 0.000000 2604408.807000 530960.260000 23.549717 87.303352 0.000000 0.000000 0.000000 0.000000 0.000000 0.000000
17:53:05 0.300000 0.000000 3.087000 0.000000 231.843994 0.000000 -0.390000 0.000000 2604408.807000 530960.260000 23.549717 87.303352 0.000000 0.000000 0.000000 0.000000 0.000000 0.000000
17:53:05 0.300000 0.000000 3.087000 0.000000 231.843994 0.000000 -0.390000 0.000000 2604408.807000 530960.260000 23.549717 87.303352 0.000000 0.000000 0.000000 0.000000 0.000000 0.000000
17:53:05 0.300000 0.000000 3.087000 0.000000 231.843994 0.000000 -0.390000 0.000000 2604408.807000 530960.260000 23.549717 87.303352 0.000000 0.000000 0.000000 0.000000 0.000000 0.000000
17:53:06 0.300000 0.000000 3.087000 0.000000 231.843994 0.000000 -0.390000 0.000000 2604408.807000 530960.260000 23.549717 87.303352 0.000000 0.000000 0.000000 0.000000 0.000000 0.000000
17:53:06 0.300000 0.000000 3.087000 0.000000 231.843994 0.000000 -0.390000 0.000000 2604408.833000 530960.272000 23.549717 87.303352 0.000000 0.000000 0.000000 0.000000 0.000000 0.000000
17:53:07 0.300000 0.000000 3.087000 0.000000 231.843994 0.000000 -0.390000 0.000000 2604408.833000 530960.272000 23.549717 87.303352 0.000000 0.000000 0.000000 0.000000 0.000000 0.000000
17:53:07 0.300000 0.000000 3.087000 0.000000 231.843994 0.000000 -0.390000 0.000000 2604408.833000 530960.272000 23.549717 87.303352 0.000000 0.000000 0.000000 0.000000 0.000000 0.000000
17:53:07 0.300000 0.000000 3.087000 0.000000 231.843994 0.000000 -0.390000 0.000000 2604408.833000 530960.272000 23.549717 87.303352 0.000000 0.000000 0.000000 0.000000 0.000000 0.000000
17:53:08 0.300000 0.000000 3.087000 0.000000 231.843994 0.000000 -0.390000 0.000000 2604408.833000 530960.272000 23.549717 87.303352 0.000000 0.000000 0.000000 0.000000 0.000000 0.000000
17:53:08 0.300000 0.000000 3.087000 0.000000 231.843994 0.000000 -0.390000 0.000000 2604408.919000 530960.296000 23.549717 87.303352 0.000000 0.000000 0.000000 0.000000 0.000000 0.000000
17:53:09 0.300000 0.000000 3.087000 0.000000 231.843994 0.000000 -0.390000 0.000000 2604408.919000 530960.296000 23.549717 87.303352 0.000000 0.000000 0.000000 0.000000 0.000000 0.000000
17:53:09 0.300000 0.000000 3.087000 0.000000 231.843994 0.000000 -0.390000 0.000000 2604408.919000 530960.296000 23.549717 87.303352 0.000000 0.000000 0.000000 0.000000 0.000000 0.000000
17:53:09 0.300000 0.000000 3.087000 0.000000 231.843994 0.000000 -0.390000 0.000000 2604408.919000 530960.296000 23.549717 87.303352 0.000000 0.000000 0.000000 0.000000 0.000000 0.000000
17:53:10 0.300000 0.000000 3.087000 0.000000 231.843994 0.000000 -0.390000 0.000000 2604408.919000 530960.296000 23.549717 87.303352 0.000000 0.000000 0.000000 0.000000 0.000000 0.000000
17:53:10 0.300000 0.000000 3.087000 0.000000 231.843994 0.000000 -0.390000 0.000000 2604408.929000 530960.162000 23.549717 87.303352 0.000000 0.000000 0.000000 0.000000 0.000000 0.000000
17:53:11 0.300000 0.000000 3.087000 0.000000 231.843994 0.000000 -0.390000 0.000000 2604408.929000 530960.162000 23.549717 87.303352 0.000000 0.000000 0.000000 0.000000 0.000000 0.000000
17:53:11 0.300000 0.000000 3.087000 0.000000 231.843994 0.000000 -0.390000 0.000000 2604408.929000 530960.162000 23.549717 87.303352 0.000000 0.000000 0.000000 0.000000 0.000000 0.000000
17:53:11 0.300000 0.000000 3.087000 0.000000 231.843994 0.000000 -0.390000 0.000000 2604408.929000 530960.162000 23.549717 87.303352 0.000000 0.000000 0.000000 0.000000 0.000000 0.000000
17:53:12 0.300000 0.000000 3.087000 0.000000 231.843994 0.000000 -0.390000 0.000000 2604408.929000 530960.162000 23.549717 87.303352 0.000000 0.000000 0.000000 0.000000 0.000000 0.000000
17:53:12 0.300000 0.000000 3.087000 0.000000 231.843994 0.000000 -0.390000 0.000000 2604408.929000 530960.162000 23.549717 87.303352 0.000000 0.000000 0.000000 0.000000 0.000000 0.000000
17:53:13 0.300000 0.000000 3.087000 0.000000 231.843994 0.000000 -0.390000 0.000000 2604408.929000 530960.162000 23.549717 87.303352 0.000000 0.000000 0.000000 0.000000 0.000000 0.000000
17:53:13 0.300000 0.000000 3.087000 0.000000 231.843994 0.000000 -0.390000 0.000000 2604408.929000 530960.162000 23.549717 87.303352 0.000000 0.000000 0.000000 0.000000 0.000000 0.000000
17:53:13 0.300000 0.000000 3.087000 0.000000 231.843994 0.000000 -0.390000 0.000000 2604408.929000 530960.162000 23.549717 87.303352 0.000000 0.000000 0.000000 0.000000 0.000000 0.000000
17:53:14 0.300000 0.000000 3.087000 0.000000 231.843994 0.000000 -0.390000 0.000000 2604408.929000 530960.162000 23.549717 87.303352 0.000000 0.000000 0.000000 0.000000 0.000000 0.000000
17:53:14 0.300000 0.000000 3.087000 0.000000 231.843994 0.000000 -0.390000 0.000000 2604408.929000 530960.162000 23.549717 87.303352 0.000000 0.000000 0.000000 0.000000 0.000000 0.000000
17:53:15 0.300000 0.000000 3.087000 0.000000 231.843994 0.000000 -0.390000 0.000000 2604409.145000 530960.831000 23.549717 87.303352 0.000000 0.000000 0.000000 0.000000 0.000000 0.000000
17:53:15 0.300000 0.000000 3.087000 0.000000 231.843994 0.000000 -0.390000 0.000000 2604409.145000 530960.831000 23.549717 87.303352 0.000000 0.000000 0.000000 0.000000 0.000000 0.000000
17:53:15 0.300000 0.000000 3.087000 0.000000 231.843994 0.000000 -0.390000 0.000000 2604409.145000 530960.831000 23.549717 87.303352 0.000000 0.000000 0.000000 0.000000 0.000000 0.000000
17:53:16 0.300000 0.000000 3.087000 0.000000 231.843994 0.000000 -0.390000 0.000000 2604409.145000 530960.831000 23.549717 87.303352 0.000000 0.000000 0.000000 0.000000 0.000000 0.000000
17:53:16 0.300000 0.000000 3.087000 0.000000 231.843994 0.000000 -0.390000 0.000000 2604409.296000 530961.099000 23.549717 87.303352 0.000000 0.000000 0.000000 0.000000 0.000000 0.000000
17:53:17 0.300000 0.000000 3.087000 0.000000 231.843994 0.000000 -0.390000 0.000000 2604409.296000 530961.099000 23.549717 87.303352 0.000000 0.000000 0.000000 0.000000 0.000000 0.000000
17:53:17 0.300000 0.000000 3.087000 0.000000 231.843994 0.000000 -0.390000 0.000000 2604409.296000 530961.099000 23.549717 87.303352 0.000000 0.000000 0.000000 0.000000 0.000000 0.000000
17:53:17 0.300000 0.000000 3.087000 0.000000 231.843994 0.000000 -0.390000 0.000000 2604409.296000 530961.099000 23.549717 87.303352 0.000000 0.000000 0.000000 0.000000 0.000000 0.000000
17:53:18 0.300000 0.000000 3.087000 0.000000 231.843994 0.000000 -0.390000 0.000000 2604409.296000 530961.099000 23.549717 87.303352 0.000000 0.000000 0.000000 0.000000 0.000000 0.000000
