13:32:43 0.200000 0.000000 0.000000 0.000000 282.263000 334.980011 -2.900000 -2.290000 -4.610000 0.133000 0.079600 13.233245 80.534309 0.000000 0.000000 0.000000 0.000000 0.000000 0.000000
13:32:44 0.100000 0.000000 0.000000 0.000000 297.523987 342.549988 -1.234000 -2.340000 -3.976000 1462964.872000 449500.517000 13.233138 80.533882 0.000000 0.000000 0.000000 0.000000 0.000000 0.000000
13:32:45 0.200000 0.000000 0.000000 0.000000 300.973999 342.549988 -1.990000 -2.340000 -3.569000 1462964.476000 449499.209000 13.233135 80.533867 0.000000 0.000000 0.000000 0.000000 0.000000 0.000000
13:32:46 0.200000 0.000000 0.000000 0.000000 305.493011 342.549988 -2.176000 -2.340000 -2.437000 1462964.237000 449498.290000 13.233132 80.533859 0.000000 0.000000 0.000000 0.000000 0.000000 0.000000
13:32:48 0.100000 0.000000 0.000000 0.000000 307.984009 355.290009 -2.062000 0.000000 -2.099000 1462963.950000 449497.309000 13.233130 80.533852 0.000000 0.000000 0.000000 0.000000 0.000000 0.000000
13:32:49 0.200000 0.000000 0.000000 0.000000 311.272003 355.290009 -1.546000 0.000000 -2.991000 1462963.534000 449495.811000 13.233127 80.533836 0.000000 0.000000 0.000000 0.000000 0.000000 0.000000
13:32:51 0.200000 0.000000 0.000000 0.000000 311.272003 355.290009 -1.546000 0.000000 -2.991000 0.133000 0.079500 13.233127 80.533836 0.000000 0.000000 0.000000 0.000000 0.000000 0.000000
13:32:52 0.100000 0.000000 0.000000 0.000000 323.268005 9.510000 -1.188000 -2.340000 -3.716000 1462963.241000 449493.553000 13.233124 80.533813 0.000000 0.000000 0.000000 0.000000 0.000000 0.000000
13:32:53 0.100000 0.000000 0.000000 0.000000 327.873993 9.510000 -1.554000 -2.340000 -3.608000 1462963.067000 449492.382000 13.233122 80.533806 0.000000 0.000000 0.000000 0.000000 0.000000 0.000000
13:32:54 0.200000 0.000000 0.000000 0.000000 330.119995 17.580000 -1.630000 -1.360000 -3.211000 1462962.894000 449491.504000 13.233120 80.533798 0.000000 0.000000 0.000000 0.000000 0.000000 0.000000
13:32:55 0.200000 0.000000 0.000000 0.000000 330.119995 17.580000 -1.630000 -1.360000 -3.211000 1462962.522000 449490.432000 13.233120 80.533798 0.000000 0.000000 0.000000 0.000000 0.000000 0.000000
13:32:56 0.100000 0.000000 0.000000 0.000000 329.820007 17.580000 -2.411000 -1.360000 -3.274000 1462962.187000 449489.557000 13.233114 80.533783 0.000000 0.000000 0.000000 0.000000 0.000000 0.000000
13:32:58 0.200000 0.000000 0.000000 0.000000 329.820007 17.440001 -2.411000 -1.130000 -3.274000 0.134000 0.079900 13.233114 80.533783 0.000000 0.000000 0.000000 0.000000 0.000000 0.000000
13:32:59 0.200000 0.000000 0.000000 0.000000 329.748993 17.440001 -1.831000 -1.130000 -3.956000 1462961.138000 449487.279000 13.233105 80.533760 0.000000 -32.768002 -32.768002 -32.768002 0.000000 0.000000
13:33:00 0.200000 0.000000 0.000000 0.000000 329.757996 17.440001 -1.530000 -1.130000 -3.844000 1462960.719000 449486.535000 13.233101 80.533752 0.000000 -32.768002 -32.768002 -32.768002 0.000000 0.000000
13:33:02 0.200000 0.000000 0.000000 0.000000 329.783997 17.450001 -1.510000 -1.610000 -3.617000 1462960.224000 449485.683000 13.233096 80.533745 0.000000 -32.768002 -32.768002 -32.768002 0.000000 0.000000
13:33:03 0.200000 0.000000 0.000000 0.000000 329.783997 17.450001 -1.688000 -1.060000 -3.399000 1462959.811000 449484.946000 13.233092 80.533737 0.000000 -32.768002 -32.768002 -32.768002 0.000000 0.000000
13:33:04 0.200000 0.000000 0.000000 0.000000 329.903015 17.549999 -1.867000 -0.900000 -3.300000 1462959.406000 449484.026000 13.233088 80.533730 0.000000 -32.768002 -32.768002 -32.768002 0.000000 0.000000
13:33:05 0.200000 0.000000 0.000000 0.000000 330.397003 17.549999 -1.905000 -0.900000 -3.591000 1462958.934000 449482.910000 13.233085 80.533722 0.000000 -32.768002 -32.768002 -32.768002 0.000000 0.000000
13:33:06 0.200000 0.000000 0.000000 0.000000 330.519012 17.549999 -1.861000 -0.900000 -3.829000 1462958.525000 449481.974000 13.233081 80.533707 0.000000 -32.768002 -32.768002 -32.768002 0.000000 0.000000
13:33:07 0.200000 0.000000 0.000000 0.000000 330.359009 17.549999 -1.741000 -0.900000 -3.828000 1462958.203000 449481.199000 13.233078 80.533707 0.000000 -32.768002 -32.768002 -32.768002 0.000000 0.000000
13:33:09 0.200000 0.000000 0.000000 0.000000 330.595001 18.940001 -1.565000 0.110000 -3.719000 1462957.825000 449480.228000 13.233074 80.533691 0.000000 -32.768002 -32.768002 -32.768002 0.000000 0.000000
13:33:10 0.100000 0.000000 0.000000 0.000000 337.295013 18.940001 -1.588000 0.110000 -2.591000 1462957.643000 449478.518000 13.233073 80.533676 0.000000 -32.768002 -32.768002 -32.768002 0.000000 0.000000
13:33:12 0.200000 0.000000 0.000000 0.000000 339.752991 27.980000 -2.240000 -1.960000 -2.677000 1462957.426000 449477.444000 13.233071 80.533669 0.000000 -32.768002 -32.768002 -32.768002 0.000000 0.000000
13:33:13 0.200000 0.000000 0.000000 0.000000 339.963989 28.750000 -2.617000 -1.030000 -2.651000 1462956.978000 449476.633000 13.233067 80.533661 0.000000 -32.768002 -32.768002 -32.768002 0.000000 0.000000
13:33:14 0.200000 0.000000 0.000000 0.000000 339.755005 28.530001 -2.436000 0.590000 -2.632000 1462956.308000 449475.718000 13.233061 80.533653 0.000000 -32.768002 -32.768002 -32.768002 0.000000 0.000000
13:33:15 0.100000 0.000000 0.000000 0.000000 341.674988 28.530001 -1.287000 0.590000 -2.378000 1462955.775000 449474.650000 13.233056 80.533646 0.000000 -32.768002 -32.768002 -32.768002 0.000000 0.000000
13:33:16 0.100000 0.000000 0.000000 0.000000 343.601013 28.530001 -0.611000 0.590000 -1.961000 0.134000 0.078400 13.233052 80.533638 0.000000 -32.768002 -32.768002 -32.768002 0.000000 0.000000
13:33:17 0.100000 0.000000 0.000000 0.000000 346.750000 28.530001 -0.513000 0.590000 -2.122000 1462955.378000 449473.024000 13.233052 80.533630 0.000000 -32.768002 -32.768002 -32.768002 0.000000 0.000000
13:33:19 0.100000 0.000000 0.000000 0.000000 351.279999 42.369999 -0.982000 -1.290000 -2.577000 1462955.400000 449471.890000 13.233052 80.533615 0.000000 -32.768002 -32.768002 -32.768002 0.000000 0.000000
13:33:20 0.200000 0.000000 0.000000 0.000000 356.908997 42.369999 -2.039000 -1.290000 -3.464000 1462955.365000 449470.078000 13.233052 80.533600 0.000000 -32.768002 -32.768002 -32.768002 0.000000 0.000000
13:33:22 0.100000 0.000000 0.000000 0.000000 356.908997 52.980000 -2.039000 -8.280000 -3.464000 1462955.418000 449469.097000 13.233052 80.533600 0.000000 -32.768002 -32.768002 -32.768002 0.000000 0.000000
13:33:23 0.200000 0.000000 0.000000 0.000000 1.465000 52.410000 -1.677000 -1.920000 -2.608000 1462954.906000 449468.107000 13.233047 80.533585 0.000000 -32.768002 -32.768002 -32.768002 0.000000 0.000000
13:33:24 0.200000 0.000000 0.000000 0.000000 0.934000 50.900002 -1.470000 -0.330000 -1.652000 0.134000 0.078800 13.233042 80.533577 0.000000 -32.768002 -32.768002 -32.768002 0.000000 0.000000
13:33:25 0.200000 0.000000 0.000000 0.000000 358.834015 50.900002 -1.418000 -0.330000 -1.097000 1462953.325000 449466.397000 13.233033 80.533569 0.000000 -32.768002 -32.768002 -32.768002 0.000000 0.000000
13:33:26 0.100000 0.000000 0.000000 0.000000 358.509003 50.900002 -1.128000 -0.330000 -1.637000 0.135000 0.078600 13.233027 80.533562 0.000000 -32.768002 -32.768002 -32.768002 0.000000 0.000000
13:33:27 0.100000 0.000000 0.000000 0.000000 0.348000 50.900002 -0.845000 -0.330000 -2.400000 1462952.218000 449464.726000 13.233024 80.533554 0.000000 -32.768002 -32.768002 -32.768002 0.000000 0.000000
13:33:28 0.100000 0.000000 0.000000 0.000000 0.348000 50.900002 -0.845000 -0.330000 -2.400000 1462952.011000 449463.791000 13.233024 80.533554 0.000000 -32.768002 -32.768002 -32.768002 0.000000 0.000000
13:33:30 0.200000 0.000000 0.000000 0.000000 9.931000 63.000000 -0.902000 -1.440000 -3.682000 1462951.767000 449462.716000 13.233019 80.533531 0.000000 -32.768002 -32.768002 -32.768002 0.000000 0.000000
13:33:32 0.200000 0.000000 0.000000 0.000000 13.830000 66.610001 -1.639000 -2.110000 -3.227000 1462951.435000 449461.154000 13.233016 80.533516 0.000000 -32.768002 -32.768002 -32.768002 0.000000 0.000000
13:33:33 0.200000 0.000000 0.000000 0.000000 12.850000 64.620003 -1.600000 -0.510000 -2.194000 1462950.794000 449459.877000 13.233010 80.533508 0.000000 -32.768002 -32.768002 -32.768002 0.000000 0.000000
13:33:36 0.200000 0.000000 0.000000 0.000000 8.088000 57.480000 -1.643000 -0.660000 -1.654000 1462950.269000 449458.926000 13.233006 80.533501 0.000000 -32.768002 -32.768002 -32.768002 0.000000 0.000000
13:33:37 0.200000 0.000000 0.000000 0.000000 3.507000 56.360001 -0.849000 -0.220000 -2.534000 1462949.771000 449457.367000 13.233001 80.533485 0.000000 -32.768002 -32.768002 -32.768002 0.000000 0.000000
13:33:38 0.200000 0.000000 0.000000 0.000000 2.089000 56.360001 -1.022000 -0.220000 -3.459000 1462949.283000 449455.978000 13.232997 80.533470 0.000000 -32.768002 -32.768002 -32.768002 0.000000 0.000000
13:33:41 0.200000 0.000000 0.000000 0.000000 1.969000 56.330002 -1.224000 -1.550000 -3.390000 1462948.768000 449455.039000 13.232992 80.533463 0.000000 -32.768002 -32.768002 -32.768002 0.000000 0.000000
13:33:42 0.200000 0.000000 0.000000 0.000000 2.625000 56.330002 -0.875000 -1.550000 -2.591000 1462947.777000 449453.389000 13.232984 80.533447 0.000000 -32.768002 -32.768002 -32.768002 0.000000 0.000000
13:33:43 0.200000 0.000000 0.000000 0.000000 2.625000 56.330002 -0.875000 -1.550000 -2.591000 1462947.347000 449452.644000 13.232979 80.533440 0.000000 -32.768002 -32.768002 -32.768002 0.000000 0.000000
13:33:44 0.200000 0.000000 0.000000 0.000000 3.411000 57.330002 -0.708000 -2.990000 -2.071000 1462946.873000 449451.734000 13.232975 80.533432 0.000000 -32.768002 -32.768002 -32.768002 0.000000 0.000000
13:33:46 0.200000 0.000000 0.000000 0.000000 2.512000 57.150002 -0.744000 -1.600000 -2.955000 1462946.371000 449450.629000 13.232970 80.533424 0.000000 -32.768002 -32.768002 -32.768002 0.000000 0.000000
13:33:47 0.100000 0.000000 0.000000 0.000000 2.512000 57.150002 -0.744000 -1.600000 -2.955000 1462945.790000 449449.157000 13.232970 80.533424 0.000000 -32.768002 -32.768002 -32.768002 0.000000 0.000000
13:33:48 0.200000 0.000000 0.000000 0.000000 2.551000 57.150002 -1.273000 -1.600000 -3.283000 1462945.339000 449448.216000 13.232961 80.533401 0.000000 -32.768002 -32.768002 -32.768002 0.000000 0.000000
13:33:51 0.200000 0.000000 0.000000 0.000000 2.698000 57.040001 -1.251000 -0.960000 -2.795000 0.135000 0.078800 13.232957 80.533394 0.000000 -32.768002 -32.768002 -32.768002 0.000000 0.000000
13:33:52 0.200000 0.000000 0.000000 0.000000 2.354000 57.040001 -1.191000 -0.960000 -2.290000 1462943.772000 449445.637000 13.232946 80.533379 0.000000 -32.768002 -32.768002 -32.768002 0.000000 0.000000
13:33:53 0.200000 0.000000 0.000000 0.000000 3.303000 57.040001 -1.340000 -0.960000 -2.283000 1462943.102000 449444.853000 13.232941 80.533371 0.000000 -32.768002 -32.768002 -32.768002 0.000000 0.000000
13:33:54 0.200000 0.000000 0.000000 0.000000 3.898000 57.520000 -0.937000 1.560000 -2.751000 1462942.347000 449443.987000 13.232934 80.533363 0.000000 -32.768002 -32.768002 -32.768002 0.000000 0.000000
13:33:56 0.200000 0.000000 0.000000 0.000000 3.701000 63.200001 -0.723000 -0.390000 -2.808000 1462942.516000 449443.135000 13.232935 80.533348 0.000000 -32.768002 -32.768002 -32.768002 0.000000 0.000000
13:33:57 0.200000 0.000000 0.000000 0.000000 3.053000 63.200001 -1.275000 -0.390000 -2.555000 1462943.296000 449442.037000 13.232943 80.533340 0.000000 -32.768002 -32.768002 -32.768002 0.000000 0.000000
13:33:58 0.100000 0.000000 0.000000 0.000000 3.162000 63.200001 -1.408000 -0.390000 -2.747000 1462943.835000 449441.108000 13.232947 80.533333 0.000000 -32.768002 -32.768002 -32.768002 0.000000 0.000000
13:33:59 0.200000 0.000000 0.000000 0.000000 3.162000 63.200001 -1.374000 -0.390000 -2.932000 1462944.359000 449440.208000 13.232952 80.533325 0.000000 -32.768002 -32.768002 -32.768002 0.000000 0.000000
13:34:01 0.100000 0.000000 0.000000 0.000000 3.673000 63.200001 -1.590000 -0.390000 -2.957000 1462944.996000 449439.105000 13.232958 80.533318 0.000000 -32.768002 -32.768002 -32.768002 0.000000 0.000000
13:34:02 0.100000 0.000000 0.000000 0.000000 3.673000 63.200001 -1.590000 -0.390000 -2.957000 1462945.354000 449438.281000 13.232958 80.533318 0.000000 -32.768002 -32.768002 -32.768002 0.000000 0.000000
13:34:03 0.200000 0.000000 2.587000 0.000000 7.366000 63.200001 -2.212000 -0.390000 -2.557000 1462945.556000 449437.485000 13.232963 80.533302 0.000000 -32.768002 -32.768002 -32.768002 0.000000 0.000000
13:34:04 0.100000 0.000000 0.000000 0.000000 7.535000 59.400002 -1.335000 -0.600000 -1.569000 0.135000 0.078700 13.232965 80.533295 0.000000 -32.768002 -32.768002 -32.768002 0.000000 0.000000
13:34:06 0.100000 0.000000 0.000000 0.000000 7.067000 55.560001 -0.726000 1.760000 -1.443000 1462946.111000 449436.211000 13.232967 80.533287 0.000000 -32.768002 -32.768002 -32.768002 0.000000 0.000000
13:34:07 0.200000 0.000000 0.000000 0.000000 5.149000 55.560001 -1.159000 1.760000 -2.953000 1462947.028000 449434.920000 13.232976 80.533279 0.000000 -32.768002 -32.768002 -32.768002 0.000000 0.000000
13:34:08 0.100000 0.000000 0.000000 0.000000 6.599000 55.560001 -1.722000 1.760000 -3.887000 1462947.628000 449433.878000 13.232982 80.533264 0.000000 -32.768002 -32.768002 -32.768002 0.000000 0.000000
13:34:09 0.100000 0.000000 0.000000 0.000000 13.742000 55.560001 -2.031000 1.760000 -3.701000 1462948.078000 449433.031000 13.232985 80.533257 0.000000 -32.768002 -32.768002 -32.768002 0.000000 0.000000
13:34:11 0.100000 0.000000 0.000000 0.000000 22.371000 55.560001 -1.436000 1.760000 -2.443000 1462948.310000 449432.224000 13.232987 80.533249 0.000000 -32.768002 -32.768002 -32.768002 0.000000 0.000000
13:34:12 0.200000 0.000000 0.000000 0.000000 25.379999 77.510002 -0.059000 -2.820000 -2.407000 1462948.387000 449431.661000 13.232988 80.533249 0.000000 -32.768002 -32.768002 -32.768002 0.000000 0.000000
13:34:13 0.100000 0.000000 0.000000 0.000000 28.313999 77.510002 -0.470000 -2.820000 -1.353000 1462948.545000 449431.069000 13.232989 80.533241 0.000000 -32.768002 -32.768002 -32.768002 0.000000 0.000000
13:34:14 0.100000 0.000000 0.000000 0.000000 28.313999 77.400002 -0.470000 -6.290000 -1.353000 1462948.656000 449430.509000 13.232990 80.533234 0.000000 -32.768002 -32.768002 -32.768002 0.000000 0.000000
13:34:16 0.100000 0.000000 0.000000 0.000000 26.805000 78.190002 -1.105000 -2.130000 -1.935000 1462948.972000 449429.765000 13.232993 80.533226 0.000000 -32.768002 -32.768002 -32.768002 0.000000 0.000000
13:34:17 0.100000 0.000000 0.000000 0.000000 25.726000 78.190002 -1.574000 -2.130000 -3.399000 1462948.709000 449428.584000 13.232991 80.533218 0.000000 -32.768002 -32.768002 -32.768002 0.000000 0.000000
13:34:18 0.100000 0.000000 0.000000 0.000000 25.724001 78.190002 -1.783000 -2.130000 -3.141000 1462948.281000 449427.655000 13.232987 80.533211 0.000000 -32.768002 -32.768002 -32.768002 0.000000 0.000000
13:34:19 0.100000 0.000000 0.000000 0.000000 25.573000 78.190002 -1.661000 -2.130000 -2.826000 1462947.888000 449426.824000 13.232984 80.533203 0.000000 -32.768002 -32.768002 -32.768002 0.000000 0.000000
13:34:21 0.100000 0.000000 0.000000 0.000000 25.371000 78.190002 -1.301000 -2.130000 -2.488000 0.136000 0.078600 13.232979 80.533195 0.000000 -32.768002 -32.768002 -32.768002 0.000000 0.000000
13:34:22 0.100000 0.000000 0.000000 0.000000 25.361000 77.410004 -0.871000 -0.910000 -2.373000 1462946.845000 449425.203000 13.232974 80.533188 0.000000 -32.768002 -32.768002 -32.768002 0.000000 0.000000
13:34:23 0.200000 0.000000 0.000000 0.000000 25.531000 77.410004 -0.463000 -0.910000 -2.550000 1462946.321000 449424.414000 13.232969 80.533180 0.000000 -32.768002 -32.768002 -32.768002 0.000000 0.000000
13:34:24 0.100000 0.000000 0.000000 0.000000 25.688999 78.019997 -0.549000 -1.370000 -2.897000 1462945.951000 449423.691000 13.232966 80.533173 0.000000 -32.768002 -32.768002 -32.768002 0.000000 0.000000
13:34:25 0.200000 0.000000 0.000000 0.000000 25.688999 78.019997 -0.549000 -1.370000 -2.897000 0.136000 0.078300 13.232966 80.533173 0.000000 -32.768002 -32.768002 -32.768002 0.000000 0.000000
13:34:26 0.200000 0.000000 0.000000 0.000000 25.617001 78.019997 -1.853000 -1.370000 -3.185000 1462945.057000 449421.496000 13.232958 80.533150 0.000000 -32.768002 -32.768002 -32.768002 0.000000 0.000000
13:34:28 0.100000 0.000000 0.000000 0.000000 25.513000 77.220001 -1.778000 -1.510000 -3.001000 1462944.576000 449420.528000 13.232954 80.533142 0.000000 -32.768002 -32.768002 -32.768002 0.000000 0.000000
13:34:29 0.100000 0.000000 0.000000 0.000000 25.513000 77.220001 -0.902000 -1.510000 -2.339000 1462943.733000 449419.366000 13.232945 80.533134 0.000000 -32.768002 -32.768002 -32.768002 0.000000 0.000000
13:34:30 0.200000 0.000000 0.000000 0.000000 25.513000 77.220001 -0.558000 -1.510000 -1.991000 1462943.236000 449418.767000 13.232942 80.533127 0.000000 -32.768002 -32.768002 -32.768002 0.000000 0.000000
13:34:32 0.200000 0.000000 0.000000 0.000000 25.580000 77.930000 -0.591000 -0.590000 -2.197000 1462942.671000 449417.911000 13.232936 80.533119 0.000000 -32.768002 -32.768002 -32.768002 0.000000 0.000000
13:34:33 0.100000 0.000000 0.000000 0.000000 25.580000 77.809998 -0.591000 -0.990000 -2.197000 1462942.250000 449417.105000 13.232932 80.533112 0.000000 -32.768002 -32.768002 -32.768002 0.000000 0.000000
13:34:34 0.200000 0.000000 0.000000 0.000000 25.643999 77.750000 -1.376000 -1.580000 -3.585000 1462941.781000 449416.125000 13.232928 80.533104 0.000000 -32.768002 -32.768002 -32.768002 0.000000 0.000000
13:34:35 0.200000 0.000000 0.000000 0.000000 25.667999 77.750000 -1.559000 -1.580000 -3.740000 1462941.246000 449414.988000 13.232924 80.533089 0.000000 -32.768002 -32.768002 -32.768002 0.000000 0.000000
13:34:36 0.200000 0.000000 0.000000 0.000000 25.747999 77.750000 -1.312000 -1.580000 -3.029000 1462940.741000 449414.094000 13.232919 80.533081 0.000000 -32.768002 -32.768002 -32.768002 0.000000 0.000000
13:34:37 0.100000 0.000000 0.000000 0.000000 25.747999 77.750000 -0.997000 -1.580000 -2.382000 1462940.347000 449413.390000 13.232916 80.533081 0.000000 -32.768002 -32.768002 -32.768002 0.000000 0.000000
13:34:39 0.200000 0.000000 0.000000 0.000000 25.797001 78.070000 -0.781000 -0.920000 -2.039000 1462939.906000 449412.542000 13.232911 80.533066 0.000000 -32.768002 -32.768002 -32.768002 0.000000 0.000000
13:34:40 0.100000 0.000000 0.000000 0.000000 25.691999 78.070000 -1.134000 -0.920000 -2.420000 1462939.128000 449411.143000 13.232904 80.533058 0.000000 -32.768002 -32.768002 -32.768002 0.000000 0.000000
13:34:42 0.200000 0.000000 0.000000 0.000000 25.547001 77.830002 -1.532000 -1.130000 -2.751000 1462938.564000 449410.180000 13.232899 80.533051 0.000000 -32.768002 -32.768002 -32.768002 0.000000 0.000000
