18:27:46 0.300000 0.000000 3.610000 0.000000 232.917999 0.000000 -0.355000 0.000000 2604411.782000 530961.138000 23.549749 87.303352 0.000000 0.000000 0.000000 0.000000 0.000000 0.000000
18:27:47 0.300000 0.000000 3.610000 0.000000 232.917999 0.000000 -0.355000 0.000000 2604411.782000 530961.138000 23.549749 87.303352 0.000000 0.000000 0.000000 0.000000 0.000000 0.000000
18:27:47 0.300000 0.000000 3.610000 0.000000 232.917999 0.000000 -0.355000 0.000000 2604411.782000 530961.138000 23.549749 87.303352 0.000000 0.000000 0.000000 0.000000 0.000000 0.000000
18:27:48 0.300000 0.000000 3.610000 0.000000 232.917999 0.000000 -0.355000 0.000000 2604411.782000 530961.138000 23.549749 87.303352 0.000000 0.000000 0.000000 0.000000 0.000000 0.000000
18:27:48 0.300000 0.000000 3.610000 0.000000 232.917999 0.000000 -0.355000 0.000000 2604411.782000 530961.138000 23.549749 87.303352 0.000000 0.000000 0.000000 0.000000 0.000000 0.000000
18:27:48 0.300000 0.000000 3.610000 0.000000 232.917999 0.000000 -0.355000 0.000000 2604411.782000 530961.138000 23.549749 87.303352 0.000000 0.000000 0.000000 0.000000 0.000000 0.000000
18:27:49 0.300000 0.000000 3.610000 0.000000 232.917999 0.000000 -0.355000 0.000000 2604411.782000 530961.138000 23.549749 87.303352 0.000000 0.000000 0.000000 0.000000 0.000000 0.000000
18:27:49 0.300000 0.000000 3.610000 0.000000 232.917999 0.000000 -0.355000 0.000000 2604411.782000 530961.138000 23.549749 87.303352 0.000000 0.000000 0.000000 0.000000 0.000000 0.000000
18:27:50 0.300000 0.000000 3.610000 0.000000 232.917999 0.000000 -0.355000 0.000000 2604411.782000 530961.138000 23.549749 87.303352 0.000000 0.000000 0.000000 0.000000 0.000000 0.000000
18:27:50 0.300000 0.000000 3.610000 0.000000 232.917999 0.000000 -0.355000 0.000000 2604411.782000 530961.138000 23.549749 87.303352 0.000000 0.000000 0.000000 0.000000 0.000000 0.000000
18:27:50 0.300000 0.000000 3.610000 0.000000 232.917999 0.000000 -0.355000 0.000000 2604411.782000 530961.138000 23.549749 87.303352 0.000000 0.000000 0.000000 0.000000 0.000000 0.000000
18:27:51 0.300000 0.000000 3.610000 0.000000 232.917999 0.000000 -0.355000 0.000000 2604411.782000 530961.138000 23.549749 87.303352 0.000000 0.000000 0.000000 0.000000 0.000000 0.000000
18:27:51 0.300000 0.000000 3.610000 0.000000 232.917999 0.000000 -0.355000 0.000000 2604411.782000 530961.138000 23.549749 87.303352 0.000000 0.000000 0.000000 0.000000 0.000000 0.000000
18:27:52 0.300000 0.000000 3.610000 0.000000 232.917999 0.000000 -0.355000 0.000000 2604411.500000 530961.026000 23.549749 87.303352 0.000000 0.000000 0.000000 0.000000 0.000000 0.000000
18:27:52 0.300000 0.000000 3.610000 0.000000 232.917999 0.000000 -0.355000 0.000000 2604411.500000 530961.026000 23.549749 87.303352 0.000000 0.000000 0.000000 0.000000 0.000000 0.000000
18:27:52 0.300000 0.000000 3.610000 0.000000 232.917999 0.000000 -0.355000 0.000000 2604411.500000 530961.026000 23.549749 87.303352 0.000000 0.000000 0.000000 0.000000 0.000000 0.000000
18:27:53 0.300000 0.000000 3.610000 0.000000 232.917999 0.000000 -0.355000 0.000000 2604411.500000 530961.026000 23.549749 87.303352 0.000000 0.000000 0.000000 0.000000 0.000000 0.000000
18:27:53 0.300000 0.000000 3.610000 0.000000 232.917999 0.000000 -0.355000 0.000000 2604411.500000 530961.026000 23.549749 87.303352 0.000000 0.000000 0.000000 0.000000 0.000000 0.000000
18:27:54 0.300000 0.000000 3.610000 0.000000 232.917999 0.000000 -0.355000 0.000000 2604411.399000 530961.003000 23.549749 87.303352 0.000000 0.000000 0.000000 0.000000 0.000000 0.000000
18:27:54 0.300000 0.000000 3.610000 0.000000 232.917999 0.000000 -0.355000 0.000000 2604411.399000 530961.003000 23.549749 87.303352 0.000000 0.000000 0.000000 0.000000 0.000000 0.000000
18:27:54 0.300000 0.000000 3.610000 0.000000 232.917999 0.000000 -0.355000 0.000000 2604411.399000 530961.003000 23.549749 87.303352 0.000000 0.000000 0.000000 0.000000 0.000000 0.000000
18:27:55 0.300000 0.000000 3.610000 0.000000 232.917999 0.000000 -0.355000 0.000000 2604411.399000 530961.003000 23.549749 87.303352 0.000000 0.000000 0.000000 0.000000 0.000000 0.000000
18:27:55 0.300000 0.000000 3.610000 0.000000 232.917999 0.000000 -0.355000 0.000000 2604411.399000 530961.003000 23.549749 87.303352 0.000000 0.000000 0.000000 0.000000 0.000000 0.000000
18:27:56 0.300000 0.000000 3.610000 0.000000 232.917999 0.000000 -0.355000 0.000000 2604411.399000 530961.003000 23.549749 87.303352 0.000000 0.000000 0.000000 0.000000 0.000000 0.000000
18:27:56 0.300000 0.000000 3.610000 0.000000 232.917999 0.000000 -0.355000 0.000000 2604411.399000 530961.003000 23.549749 87.303352 0.000000 0.000000 0.000000 0.000000 0.000000 0.000000
18:27:56 0.300000 0.000000 3.610000 0.000000 232.917999 0.000000 -0.355000 0.000000 2604411.399000 530961.003000 23.549749 87.303352 0.000000 0.000000 0.000000 0.000000 0.000000 0.000000
18:27:57 0.300000 0.000000 3.610000 0.000000 232.917999 0.000000 -0.355000 0.000000 2604411.399000 530961.003000 23.549749 87.303352 0.000000 0.000000 0.000000 0.000000 0.000000 0.000000
18:27:57 0.300000 0.000000 3.610000 0.000000 232.917999 0.000000 -0.355000 0.000000 2604411.399000 530961.003000 23.549749 87.303352 0.000000 0.000000 0.000000 0.000000 0.000000 0.000000
18:27:58 0.300000 0.000000 3.610000 0.000000 232.917999 0.000000 -0.355000 0.000000 2604411.185000 530960.945000 23.549749 87.303352 0.000000 0.000000 0.000000 0.000000 0.000000 0.000000
18:27:58 0.300000 0.000000 3.610000 0.000000 232.917999 0.000000 -0.355000 0.000000 2604411.185000 530960.945000 23.549749 87.303352 0.000000 0.000000 0.000000 0.000000 0.000000 0.000000
18:27:58 0.300000 0.000000 3.610000 0.000000 232.917999 0.000000 -0.355000 0.000000 2604411.185000 530960.945000 23.549749 87.303352 0.000000 0.000000 0.000000 0.000000 0.000000 0.000000
18:27:59 0.300000 0.000000 3.610000 0.000000 232.917999 0.000000 -0.355000 0.000000 2604411.185000 530960.945000 23.549749 87.303352 0.000000 0.000000 0.000000 0.000000 0.000000 0.000000
18:27:59 0.300000 0.000000 3.610000 0.000000 232.917999 0.000000 -0.355000 0.000000 2604411.185000 530960.945000 23.549749 87.303352 0.000000 0.000000 0.000000 0.000000 0.000000 0.000000
18:28:00 0.300000 0.000000 3.610000 0.000000 232.917999 0.000000 -0.355000 0.000000 2604411.238000 530960.994000 23.549749 87.303352 0.000000 0.000000 0.000000 0.000000 0.000000 0.000000
18:28:00 0.300000 0.000000 3.610000 0.000000 232.917999 0.000000 -0.355000 0.000000 2604411.238000 530960.994000 23.549749 87.303352 0.000000 0.000000 0.000000 0.000000 0.000000 0.000000
18:28:00 0.300000 0.000000 3.610000 0.000000 232.917999 0.000000 -0.355000 0.000000 2604411.238000 530960.994000 23.549749 87.303352 0.000000 0.000000 0.000000 0.000000 0.000000 0.000000
18:28:01 0.300000 0.000000 3.610000 0.000000 232.917999 0.000000 -0.355000 0.000000 2604411.238000 530960.994000 23.549749 87.303352 0.000000 0.000000 0.000000 0.000000 0.000000 0.000000
18:28:01 0.300000 0.000000 3.610000 0.000000 232.917999 0.000000 -0.355000 0.000000 2604411.238000 530960.994000 23.549749 87.303352 0.000000 0.000000 0.000000 0.000000 0.000000 0.000000
18:28:02 0.300000 0.000000 3.610000 0.000000 232.917999 0.000000 -0.355000 0.000000 2604411.238000 530960.994000 23.549749 87.303352 0.000000 0.000000 0.000000 0.000000 0.000000 0.000000
18:28:02 0.300000 0.000000 3.610000 0.000000 232.917999 0.000000 -0.355000 0.000000 2604411.238000 530960.994000 23.549749 87.303352 0.000000 0.000000 0.000000 0.000000 0.000000 0.000000
18:28:02 0.300000 0.000000 3.610000 0.000000 232.917999 0.000000 -0.355000 0.000000 2604411.238000 530960.994000 23.549749 87.303352 0.000000 0.000000 0.000000 0.000000 0.000000 0.000000
18:28:03 0.300000 0.000000 3.610000 0.000000 232.917999 0.000000 -0.355000 0.000000 2604411.238000 530960.994000 23.549749 87.303352 0.000000 0.000000 0.000000 0.000000 0.000000 0.000000
18:28:03 0.300000 0.000000 3.610000 0.000000 232.917999 0.000000 -0.355000 0.000000 2604411.238000 530960.994000 23.549749 87.303352 0.000000 0.000000 0.000000 0.000000 0.000000 0.000000
18:28:04 0.300000 0.000000 3.610000 0.000000 232.917999 0.000000 -0.355000 0.000000 2604411.238000 530960.994000 23.549749 87.303352 0.000000 0.000000 0.000000 0.000000 0.000000 0.000000
18:28:04 0.300000 0.000000 3.610000 0.000000 232.917999 0.000000 -0.355000 0.000000 2604411.238000 530960.994000 23.549749 87.303352 0.000000 0.000000 0.000000 0.000000 0.000000 0.000000
18:28:04 0.300000 0.000000 3.610000 0.000000 232.917999 0.000000 -0.355000 0.000000 2604411.238000 530960.994000 23.549749 87.303352 0.000000 0.000000 0.000000 0.000000 0.000000 0.000000
18:28:05 0.300000 0.000000 3.610000 0.000000 232.917999 0.000000 -0.355000 0.000000 2604411.238000 530960.994000 23.549749 87.303352 0.000000 0.000000 0.000000 0.000000 0.000000 0.000000
18:28:05 0.300000 0.000000 3.610000 0.000000 232.917999 0.000000 -0.355000 0.000000 2604411.238000 530960.994000 23.549749 87.303352 0.000000 0.000000 0.000000 0.000000 0.000000 0.000000
18:28:06 0.300000 0.000000 3.610000 0.000000 232.917999 0.000000 -0.355000 0.000000 2604411.430000 530961.155000 23.549749 87.303352 0.000000 0.000000 0.000000 0.000000 0.000000 0.000000
18:28:06 0.300000 0.000000 3.610000 0.000000 232.917999 0.000000 -0.355000 0.000000 2604411.430000 530961.155000 23.549749 87.303352 0.000000 0.000000 0.000000 0.000000 0.000000 0.000000
18:28:06 0.300000 0.000000 3.610000 0.000000 232.917999 0.000000 -0.355000 0.000000 2604411.430000 530961.155000 23.549749 87.303352 0.000000 0.000000 0.000000 0.000000 0.000000 0.000000
