18:35:59 0.300000 0.000000 3.600000 0.000000 181.237000 0.000000 -0.352000 0.000000 2604415.696000 530945.755000 23.549786 87.303207 0.000000 0.000000 0.000000 0.000000 0.000000 0.000000
18:35:59 0.300000 0.000000 3.600000 0.000000 181.237000 0.000000 -0.352000 0.000000 2604415.696000 530945.755000 23.549786 87.303207 0.000000 0.000000 0.000000 0.000000 0.000000 0.000000
18:35:59 0.300000 0.000000 3.600000 0.000000 181.237000 0.000000 -0.352000 0.000000 2604415.696000 530945.755000 23.549786 87.303207 0.000000 0.000000 0.000000 0.000000 0.000000 0.000000
18:36:00 0.300000 0.000000 3.600000 0.000000 181.237000 0.000000 -0.352000 0.000000 2604415.696000 530945.755000 23.549786 87.303207 0.000000 0.000000 0.000000 0.000000 0.000000 0.000000
18:36:00 0.300000 0.000000 3.600000 0.000000 181.237000 0.000000 -0.352000 0.000000 2604415.613000 530946.180000 23.549786 87.303207 0.000000 0.000000 0.000000 0.000000 0.000000 0.000000
18:36:01 0.300000 0.000000 3.600000 0.000000 181.237000 0.000000 -0.352000 0.000000 2604415.613000 530946.180000 23.549786 87.303207 0.000000 0.000000 0.000000 0.000000 0.000000 0.000000
18:36:01 0.300000 0.000000 3.600000 0.000000 181.237000 0.000000 -0.352000 0.000000 2604415.613000 530946.180000 23.549786 87.303207 0.000000 0.000000 0.000000 0.000000 0.000000 0.000000
18:36:01 0.300000 0.000000 3.600000 0.000000 181.237000 0.000000 -0.352000 0.000000 2604415.613000 530946.180000 23.549786 87.303207 0.000000 0.000000 0.000000 0.000000 0.000000 0.000000
18:36:02 0.300000 0.000000 3.600000 0.000000 181.237000 0.000000 -0.352000 0.000000 2604415.613000 530946.180000 23.549786 87.303207 0.000000 0.000000 0.000000 0.000000 0.000000 0.000000
18:36:02 0.300000 0.000000 3.600000 0.000000 181.237000 0.000000 -0.352000 0.000000 2604415.559000 530946.716000 23.549786 87.303207 0.000000 0.000000 0.000000 0.000000 0.000000 0.000000
18:36:03 0.300000 0.000000 3.600000 0.000000 181.237000 0.000000 -0.352000 0.000000 2604415.559000 530946.716000 23.549786 87.303207 0.000000 0.000000 0.000000 0.000000 0.000000 0.000000
18:36:03 0.300000 0.000000 3.600000 0.000000 181.237000 0.000000 -0.352000 0.000000 2604415.559000 530946.716000 23.549786 87.303207 0.000000 0.000000 0.000000 0.000000 0.000000 0.000000
18:36:03 0.300000 0.000000 3.600000 0.000000 181.237000 0.000000 -0.352000 0.000000 2604415.559000 530946.716000 23.549786 87.303207 0.000000 0.000000 0.000000 0.000000 0.000000 0.000000
18:36:04 0.300000 0.000000 3.600000 0.000000 181.237000 0.000000 -0.352000 0.000000 2604415.559000 530946.716000 23.549786 87.303207 0.000000 0.000000 0.000000 0.000000 0.000000 0.000000
18:36:04 0.300000 0.000000 3.600000 0.000000 181.237000 0.000000 -0.352000 0.000000 2604415.498000 530947.373000 23.549786 87.303207 0.000000 0.000000 0.000000 0.000000 0.000000 0.000000
18:36:05 0.300000 0.000000 3.600000 0.000000 181.237000 0.000000 -0.352000 0.000000 2604415.498000 530947.373000 23.549786 87.303207 0.000000 0.000000 0.000000 0.000000 0.000000 0.000000
18:36:05 0.300000 0.000000 3.600000 0.000000 181.237000 0.000000 -0.352000 0.000000 2604415.498000 530947.373000 23.549786 87.303207 0.000000 0.000000 0.000000 0.000000 0.000000 0.000000
18:36:05 0.300000 0.000000 3.600000 0.000000 181.237000 0.000000 -0.352000 0.000000 2604415.498000 530947.373000 23.549786 87.303207 0.000000 0.000000 0.000000 0.000000 0.000000 0.000000
18:36:06 0.300000 0.000000 3.600000 0.000000 181.237000 0.000000 -0.352000 0.000000 2604415.498000 530947.373000 23.549786 87.303207 0.000000 0.000000 0.000000 0.000000 0.000000 0.000000
18:36:06 0.300000 0.000000 3.600000 0.000000 181.237000 0.000000 -0.352000 0.000000 2604415.440000 530948.018000 23.549786 87.303207 0.000000 0.000000 0.000000 0.000000 0.000000 0.000000
