22:57:28 0.300000 0.000000 0.000000 0.000000 104.598999 320.089996 3.989000 -1.580000 14.099000 1460935.182000 449170.736000 13.214780 80.530869 0.000000 0.000000 0.000000 0.000000 0.000000 0.000000
22:57:29 0.300000 0.000000 0.000000 0.000000 104.598999 320.089996 3.989000 -1.580000 14.099000 1460935.182000 449170.736000 13.214780 80.530869 0.000000 0.000000 0.000000 0.000000 0.000000 0.000000
22:57:30 0.400000 0.000000 0.000000 0.000000 104.598999 320.089996 3.989000 -1.580000 14.099000 1460935.182000 449170.736000 13.214780 80.530869 0.000000 0.000000 0.000000 0.000000 0.000000 0.000000
22:57:32 0.400000 0.000000 0.000000 0.000000 104.598999 319.739990 3.989000 -0.410000 14.099000 1460935.182000 449170.736000 13.214780 80.530869 0.000000 0.000000 0.000000 0.000000 0.000000 0.000000
22:57:33 0.400000 0.000000 0.000000 0.000000 104.598999 319.739990 3.989000 -0.410000 14.099000 1460935.182000 449170.736000 13.214780 80.530869 0.000000 0.000000 0.000000 0.000000 0.000000 0.000000
22:57:34 0.300000 0.000000 0.000000 0.000000 104.598999 319.899994 3.989000 -0.480000 14.099000 1460935.182000 449170.736000 13.214780 80.530869 0.000000 0.000000 0.000000 0.000000 0.000000 0.000000
22:57:35 0.400000 0.000000 0.000000 0.000000 104.598999 320.119995 3.989000 -0.590000 14.099000 1460935.182000 449170.736000 13.214780 80.530869 0.000000 0.000000 0.000000 0.000000 0.000000 0.000000
22:57:37 0.400000 0.000000 0.000000 0.000000 104.598999 320.440002 3.989000 -0.700000 14.099000 1460935.182000 449170.736000 13.214780 80.530869 0.000000 -32.768002 -32.768002 -32.768002 0.000000 0.000000
22:57:39 0.400000 0.000000 0.000000 0.000000 104.598999 320.320007 3.989000 -1.330000 14.099000 1460935.182000 449170.736000 13.214780 80.530869 0.000000 -32.768002 -32.768002 -32.768002 0.000000 0.000000
22:57:40 0.300000 0.000000 0.000000 0.000000 104.598999 320.320007 3.989000 -1.330000 14.099000 1460935.182000 449170.736000 13.214780 80.530869 0.000000 -32.768002 -32.768002 -32.768002 0.000000 0.000000
22:57:41 0.400000 0.000000 0.000000 0.000000 104.598999 320.320007 3.989000 -1.330000 14.099000 1460935.182000 449170.736000 13.214780 80.530869 0.000000 -32.768002 -32.768002 -32.768002 0.000000 0.000000
22:57:43 0.400000 0.000000 0.000000 0.000000 104.598999 320.000000 3.989000 0.410000 14.099000 1460935.182000 449170.736000 13.214780 80.530869 0.000000 -32.768002 -32.768002 -32.768002 0.000000 0.000000
22:57:45 0.400000 0.000000 0.000000 0.000000 104.598999 320.299988 3.989000 -0.070000 14.099000 1460935.182000 449170.736000 13.214780 80.530869 0.000000 -32.768002 -32.768002 -32.768002 0.000000 0.000000
22:57:46 0.300000 0.000000 0.000000 0.000000 104.598999 320.839996 3.989000 -1.060000 14.099000 1460935.182000 449170.736000 13.214780 80.530869 0.000000 -32.768002 -32.768002 -32.768002 0.000000 0.000000
22:57:47 0.300000 0.000000 0.000000 0.000000 104.598999 320.839996 3.989000 -1.060000 14.099000 1460935.182000 449170.736000 13.214780 80.530869 0.000000 -32.768002 -32.768002 -32.768002 0.000000 0.000000
22:57:49 0.400000 0.000000 0.000000 0.000000 104.598999 320.459991 3.989000 -1.430000 14.099000 1460935.182000 449170.736000 13.214780 80.530869 0.000000 -32.768002 -32.768002 -32.768002 0.000000 0.000000
22:57:50 0.400000 0.000000 0.000000 0.000000 104.598999 320.459991 3.989000 -1.430000 14.099000 1460935.182000 449170.736000 13.214780 80.530869 0.000000 -32.768002 -32.768002 -32.768002 0.000000 0.000000
22:57:51 0.400000 0.000000 0.000000 0.000000 104.598999 320.459991 3.989000 -1.430000 14.099000 1460935.182000 449170.736000 13.214780 80.530869 0.000000 -32.768002 -32.768002 -32.768002 0.000000 0.000000
22:57:53 0.400000 0.000000 0.000000 0.000000 104.598999 320.519989 3.989000 0.290000 14.099000 1460935.182000 449170.736000 13.214780 80.530869 0.000000 -32.768002 -32.768002 -32.768002 0.000000 0.000000
22:57:55 0.400000 0.000000 0.000000 0.000000 104.598999 320.750000 3.989000 -0.830000 14.099000 1460935.182000 449170.736000 13.214780 80.530869 0.000000 -32.768002 -32.768002 -32.768002 0.000000 0.000000
22:57:56 0.300000 0.000000 0.000000 0.000000 104.598999 320.750000 3.989000 -0.830000 14.099000 1460935.182000 449170.736000 13.214780 80.530869 0.000000 -32.768002 -32.768002 -32.768002 0.000000 0.000000
22:57:57 0.400000 0.000000 0.000000 0.000000 104.598999 320.839996 3.989000 -1.040000 14.099000 1460935.182000 449170.736000 13.214780 80.530869 0.000000 -32.768002 -32.768002 -32.768002 0.000000 0.000000
22:57:58 0.300000 0.000000 0.000000 0.000000 104.598999 320.839996 3.989000 -1.040000 14.099000 1460935.182000 449170.736000 13.214780 80.530869 0.000000 -32.768002 -32.768002 -32.768002 0.000000 0.000000
22:58:00 0.400000 0.000000 0.000000 0.000000 104.598999 320.769989 3.989000 -0.450000 14.099000 1460935.182000 449170.736000 13.214780 80.530869 0.000000 -32.768002 -32.768002 -32.768002 0.000000 0.000000
22:58:01 0.400000 0.000000 0.000000 0.000000 104.598999 320.769989 3.989000 -0.450000 14.099000 1460935.182000 449170.736000 13.214780 80.530869 0.000000 -32.768002 -32.768002 -32.768002 0.000000 0.000000
22:58:03 0.400000 0.000000 0.000000 0.000000 104.598999 321.179993 3.989000 -1.050000 14.099000 1460935.182000 449170.736000 13.214780 80.530869 0.000000 -32.768002 -32.768002 -32.768002 0.000000 0.000000
22:58:05 0.300000 0.000000 0.000000 0.000000 104.598999 321.239990 3.989000 -1.110000 14.099000 1460935.182000 449170.736000 13.214780 80.530869 0.000000 -32.768002 -32.768002 -32.768002 0.000000 0.000000
22:58:06 0.300000 0.000000 0.000000 0.000000 104.598999 321.239990 3.989000 -1.110000 14.099000 1460935.182000 449170.736000 13.214780 80.530869 0.000000 -32.768002 -32.768002 -32.768002 0.000000 0.000000
22:58:07 0.400000 0.000000 0.000000 0.000000 104.598999 321.070007 3.989000 -0.670000 14.099000 1460935.182000 449170.736000 13.214780 80.530869 0.000000 -32.768002 -32.768002 -32.768002 0.000000 0.000000
22:58:08 0.300000 0.000000 0.000000 0.000000 104.598999 321.070007 3.989000 -0.670000 14.099000 1460935.182000 449170.736000 13.214780 80.530869 0.000000 -32.768002 -32.768002 -32.768002 0.000000 0.000000
22:58:10 0.300000 0.000000 0.000000 0.000000 104.598999 321.290009 3.989000 -0.160000 14.099000 1460935.182000 449170.736000 13.214780 80.530869 0.000000 -32.768002 -32.768002 -32.768002 0.000000 0.000000
22:58:11 0.300000 0.000000 0.000000 0.000000 104.598999 321.290009 3.989000 -0.160000 14.099000 1460935.182000 449170.736000 13.214780 80.530869 0.000000 -32.768002 -32.768002 -32.768002 0.000000 0.000000
22:58:12 0.300000 0.000000 0.000000 0.000000 104.598999 321.290009 3.989000 -0.160000 14.099000 1460935.182000 449170.736000 13.214780 80.530869 0.000000 -32.768002 -32.768002 -32.768002 0.000000 0.000000
22:58:13 0.400000 0.000000 0.000000 0.000000 104.598999 321.290009 3.989000 -0.160000 14.099000 1460935.182000 449170.736000 13.214780 80.530869 0.000000 -32.768002 -32.768002 -32.768002 0.000000 0.000000
22:58:14 0.400000 0.000000 0.000000 0.000000 104.598999 321.290009 3.989000 -0.160000 14.099000 0.005000 0.004000 13.214780 80.530869 0.000000 -32.768002 -32.768002 -32.768002 0.000000 0.000000
22:58:16 0.300000 0.000000 0.000000 0.000000 104.598999 321.290009 3.989000 -0.160000 14.099000 1460935.182000 449170.736000 13.214780 80.530869 0.000000 -32.768002 -32.768002 -32.768002 0.000000 0.000000
22:58:17 0.400000 0.000000 0.000000 0.000000 104.598999 321.470001 3.989000 0.320000 14.099000 0.005000 0.004000 13.214780 80.530869 0.000000 -32.768002 -32.768002 -32.768002 0.000000 0.000000
22:58:18 0.300000 0.000000 0.000000 0.000000 104.598999 321.470001 3.989000 0.320000 14.099000 1460935.182000 449170.736000 13.214780 80.530869 0.000000 -32.768002 -32.768002 -32.768002 0.000000 0.000000
22:58:20 0.300000 0.000000 0.000000 0.000000 104.598999 321.640015 3.989000 -1.290000 14.099000 1460935.182000 449170.736000 13.214780 80.530869 0.000000 -32.768002 -32.768002 -32.768002 0.000000 0.000000
22:58:21 0.400000 0.000000 0.000000 0.000000 104.598999 321.640015 3.989000 -1.290000 14.099000 1460935.182000 449170.736000 13.214780 80.530869 0.000000 -32.768002 -32.768002 -32.768002 0.000000 0.000000
22:58:22 0.300000 0.000000 0.000000 0.000000 104.598999 321.640015 3.989000 -1.290000 14.099000 1460935.182000 449170.736000 13.214780 80.530869 0.000000 -32.768002 -32.768002 -32.768002 0.000000 0.000000
22:58:23 0.400000 0.000000 0.000000 0.000000 104.598999 321.640015 3.989000 -1.290000 14.099000 1460935.182000 449170.736000 13.214780 80.530869 0.000000 -32.768002 -32.768002 -32.768002 0.000000 0.000000
22:58:24 0.400000 0.000000 0.000000 0.000000 104.598999 321.809998 3.989000 0.030000 14.099000 1460935.182000 449170.736000 13.214780 80.530869 0.000000 -32.768002 -32.768002 -32.768002 0.000000 0.000000
22:58:26 0.400000 0.000000 0.000000 0.000000 104.598999 321.809998 3.989000 0.030000 14.099000 1460935.182000 449170.736000 13.214780 80.530869 0.000000 -32.768002 -32.768002 -32.768002 0.000000 0.000000
22:58:27 0.300000 0.000000 0.000000 0.000000 104.598999 321.730011 3.989000 -1.270000 14.099000 1460935.182000 449170.736000 13.214780 80.530869 0.000000 -32.768002 -32.768002 -32.768002 0.000000 0.000000
22:58:28 0.300000 0.000000 0.000000 0.000000 104.598999 321.730011 3.989000 -1.270000 14.099000 1460935.182000 449170.736000 13.214780 80.530869 0.000000 -32.768002 -32.768002 -32.768002 0.000000 0.000000
22:58:29 0.300000 0.000000 0.000000 0.000000 104.598999 321.730011 3.989000 -1.270000 14.099000 1460935.182000 449170.736000 13.214780 80.530869 0.000000 -32.768002 -32.768002 -32.768002 0.000000 0.000000
22:58:31 0.400000 0.000000 0.000000 0.000000 104.598999 322.160004 3.989000 -0.420000 14.099000 1460935.182000 449170.736000 13.214780 80.530869 0.000000 -32.768002 -32.768002 -32.768002 0.000000 0.000000
22:58:32 0.400000 0.000000 0.000000 0.000000 104.598999 322.160004 3.989000 -0.420000 14.099000 1460935.182000 449170.736000 13.214780 80.530869 0.000000 -32.768002 -32.768002 -32.768002 0.000000 0.000000
22:58:33 0.400000 0.000000 0.000000 0.000000 104.598999 322.160004 3.989000 -0.420000 14.099000 1460935.182000 449170.736000 13.214780 80.530869 0.000000 -32.768002 -32.768002 -32.768002 0.000000 0.000000
22:58:34 0.400000 0.000000 0.000000 0.000000 104.598999 322.179993 3.989000 -0.910000 14.099000 1460935.182000 449170.736000 13.214780 80.530869 0.000000 -32.768002 -32.768002 -32.768002 0.000000 0.000000
22:58:36 0.400000 0.000000 0.000000 0.000000 104.598999 322.179993 3.989000 -0.910000 14.099000 1460935.182000 449170.736000 13.214780 80.530869 0.000000 -32.768002 -32.768002 -32.768002 0.000000 0.000000
22:58:37 0.400000 0.000000 0.000000 0.000000 104.598999 322.059998 3.989000 -0.980000 14.099000 1460935.182000 449170.736000 13.214780 80.530869 0.000000 -32.768002 -32.768002 -32.768002 0.000000 0.000000
22:58:38 0.400000 0.000000 0.000000 0.000000 104.598999 322.059998 3.989000 -0.980000 14.099000 1460935.182000 449170.736000 13.214780 80.530869 0.000000 -32.768002 -32.768002 -32.768002 0.000000 0.000000
22:58:39 0.300000 0.000000 0.000000 0.000000 104.598999 322.059998 3.989000 -0.980000 14.099000 1460935.182000 449170.736000 13.214780 80.530869 0.000000 -32.768002 -32.768002 -32.768002 0.000000 0.000000
22:58:41 0.300000 0.000000 0.000000 0.000000 104.598999 322.429993 3.989000 0.000000 14.099000 0.005000 0.004000 13.214780 80.530869 0.000000 -32.768002 -32.768002 -32.768002 0.000000 0.000000
22:58:42 0.400000 0.000000 0.000000 0.000000 104.598999 322.429993 3.989000 0.000000 14.099000 1460935.182000 449170.736000 13.214780 80.530869 0.000000 -32.768002 -32.768002 -32.768002 0.000000 0.000000
22:58:43 0.300000 0.000000 0.000000 0.000000 104.598999 322.429993 3.989000 0.000000 14.099000 1460935.182000 449170.736000 13.214780 80.530869 0.000000 -32.768002 -32.768002 -32.768002 0.000000 0.000000
22:58:44 0.300000 0.000000 0.000000 0.000000 104.598999 322.470001 3.989000 -2.010000 14.099000 1460935.182000 449170.736000 13.214780 80.530869 0.000000 -32.768002 -32.768002 -32.768002 0.000000 0.000000
22:58:45 0.400000 0.000000 0.000000 0.000000 104.598999 322.209991 3.989000 -1.400000 14.099000 1460935.182000 449170.736000 13.214780 80.530869 0.000000 -32.768002 -32.768002 -32.768002 0.000000 0.000000
22:58:47 0.400000 0.000000 0.000000 0.000000 104.598999 321.839996 3.989000 0.410000 14.099000 1460935.182000 449170.736000 13.214780 80.530869 0.000000 -32.768002 -32.768002 -32.768002 0.000000 0.000000
22:58:48 0.400000 0.000000 0.000000 0.000000 104.598999 321.839996 3.989000 0.410000 14.099000 1460935.182000 449170.736000 13.214780 80.530869 0.000000 -32.768002 -32.768002 -32.768002 0.000000 0.000000
22:58:49 0.400000 0.000000 0.000000 0.000000 104.598999 321.839996 3.989000 0.410000 14.099000 1460935.182000 449170.736000 13.214780 80.530869 0.000000 -32.768002 -32.768002 -32.768002 0.000000 0.000000
22:58:50 0.400000 0.000000 0.000000 0.000000 104.598999 321.839996 3.989000 0.410000 14.099000 1460935.182000 449170.736000 13.214780 80.530869 0.000000 -32.768002 -32.768002 -32.768002 0.000000 0.000000
22:58:52 0.300000 0.000000 0.000000 0.000000 104.598999 322.630005 3.989000 -1.620000 14.099000 1460935.182000 449170.736000 13.214780 80.530869 0.000000 -32.768002 -32.768002 -32.768002 0.000000 0.000000
22:58:53 0.300000 0.000000 0.000000 0.000000 104.598999 322.630005 3.989000 -1.620000 14.099000 1460935.182000 449170.736000 13.214780 80.530869 0.000000 -32.768002 -32.768002 -32.768002 0.000000 0.000000
22:58:54 0.300000 0.000000 0.000000 0.000000 104.598999 322.130005 3.989000 -1.590000 14.099000 1460935.182000 449170.736000 13.214780 80.530869 0.000000 -32.768002 -32.768002 -32.768002 0.000000 0.000000
22:58:55 0.400000 0.000000 0.000000 0.000000 104.598999 321.799988 3.989000 -0.800000 14.099000 1460935.182000 449170.736000 13.214780 80.530869 0.000000 -32.768002 -32.768002 -32.768002 0.000000 0.000000
22:58:57 0.400000 0.000000 0.000000 0.000000 104.598999 321.799988 3.989000 0.620000 14.099000 1460935.182000 449170.736000 13.214780 80.530869 0.000000 -32.768002 -32.768002 -32.768002 0.000000 0.000000
22:58:58 0.300000 0.000000 0.000000 0.000000 104.598999 321.799988 3.989000 0.620000 14.099000 1460935.182000 449170.736000 13.214780 80.530869 0.000000 -32.768002 -32.768002 -32.768002 0.000000 0.000000
22:58:59 0.300000 0.000000 0.000000 0.000000 104.598999 321.799988 3.989000 0.620000 14.099000 1460935.182000 449170.736000 13.214780 80.530869 0.000000 -32.768002 -32.768002 -32.768002 0.000000 0.000000
22:59:00 0.300000 0.000000 0.000000 0.000000 104.598999 321.799988 3.989000 0.620000 14.099000 1460935.182000 449170.736000 13.214780 80.530869 0.000000 -32.768002 -32.768002 -32.768002 0.000000 0.000000
22:59:02 0.400000 0.000000 0.000000 0.000000 104.598999 322.369995 3.989000 -2.120000 14.099000 1460935.182000 449170.736000 13.214780 80.530869 0.000000 -32.768002 -32.768002 -32.768002 0.000000 0.000000
22:59:03 0.300000 0.000000 0.000000 0.000000 104.598999 322.369995 3.989000 -2.120000 14.099000 1460935.182000 449170.736000 13.214780 80.530869 0.000000 -32.768002 -32.768002 -32.768002 0.000000 0.000000
22:59:04 0.400000 0.000000 0.000000 0.000000 104.598999 322.089996 3.989000 0.240000 14.099000 1460935.182000 449170.736000 13.214780 80.530869 0.000000 -32.768002 -32.768002 -32.768002 0.000000 0.000000
22:59:05 0.300000 0.000000 0.000000 0.000000 104.598999 322.049988 3.989000 0.640000 14.099000 1460935.182000 449170.736000 13.214780 80.530869 0.000000 -32.768002 -32.768002 -32.768002 0.000000 0.000000
22:59:07 0.300000 0.000000 0.000000 0.000000 104.598999 322.339996 3.989000 -0.830000 14.099000 0.005000 0.004000 13.214780 80.530869 0.000000 -32.768002 -32.768002 -32.768002 0.000000 0.000000
22:59:08 0.400000 0.000000 0.000000 0.000000 104.598999 322.339996 3.989000 -0.830000 14.099000 1460935.182000 449170.736000 13.214780 80.530869 0.000000 -32.768002 -32.768002 -32.768002 0.000000 0.000000
22:59:09 0.300000 0.000000 0.000000 0.000000 104.598999 322.339996 3.989000 -0.830000 14.099000 0.005000 0.004000 13.214780 80.530869 0.000000 -32.768002 -32.768002 -32.768002 0.000000 0.000000
22:59:10 0.300000 0.000000 0.000000 0.000000 104.598999 322.339996 3.989000 -0.830000 14.099000 1460935.182000 449170.736000 13.214780 80.530869 0.000000 -32.768002 -32.768002 -32.768002 0.000000 0.000000
22:59:11 0.300000 0.000000 0.000000 0.000000 104.598999 322.339996 3.989000 -0.830000 14.099000 0.005000 0.004000 13.214780 80.530869 0.000000 -32.768002 -32.768002 -32.768002 0.000000 0.000000
22:59:13 0.400000 0.000000 0.000000 0.000000 104.598999 322.420013 3.989000 0.020000 14.099000 1460935.182000 449170.736000 13.214780 80.530869 0.000000 -32.768002 -32.768002 -32.768002 0.000000 0.000000
22:59:15 0.300000 0.000000 0.000000 0.000000 104.598999 322.519989 3.989000 -0.560000 14.099000 1460935.182000 449170.736000 13.214780 80.530869 0.000000 -32.768002 -32.768002 -32.768002 0.000000 0.000000
22:59:16 0.300000 0.000000 0.000000 0.000000 104.598999 322.649994 3.989000 -1.600000 14.099000 1460935.182000 449170.736000 13.214780 80.530869 0.000000 -32.768002 -32.768002 -32.768002 0.000000 0.000000
22:59:18 0.400000 0.000000 0.000000 0.000000 104.598999 322.309998 3.989000 -0.640000 14.099000 1460935.182000 449170.736000 13.214780 80.530869 0.000000 -32.768002 -32.768002 -32.768002 0.000000 0.000000
22:59:19 0.300000 0.000000 0.000000 0.000000 104.598999 322.309998 3.989000 -0.640000 14.099000 1460935.182000 449170.736000 13.214780 80.530869 0.000000 -32.768002 -32.768002 -32.768002 0.000000 0.000000
22:59:20 0.400000 0.000000 0.000000 0.000000 104.598999 322.309998 3.989000 -0.640000 14.099000 1460935.182000 449170.736000 13.214780 80.530869 0.000000 -32.768002 -32.768002 -32.768002 0.000000 0.000000
22:59:21 0.400000 0.000000 0.000000 0.000000 104.598999 322.309998 3.989000 -0.640000 14.099000 1460935.182000 449170.736000 13.214780 80.530869 0.000000 -32.768002 -32.768002 -32.768002 0.000000 0.000000
22:59:23 0.300000 0.000000 0.000000 0.000000 104.598999 322.570007 3.989000 -0.910000 14.099000 1460935.182000 449170.736000 13.214780 80.530869 0.000000 -32.768002 -32.768002 -32.768002 0.000000 0.000000
22:59:25 0.300000 0.000000 0.000000 0.000000 104.598999 322.510010 3.989000 -1.300000 14.099000 1460935.182000 449170.736000 13.214780 80.530869 0.000000 -32.768002 -32.768002 -32.768002 0.000000 0.000000
22:59:26 0.300000 0.000000 0.000000 0.000000 104.598999 322.510010 3.989000 -1.300000 14.099000 1460935.182000 449170.736000 13.214780 80.530869 0.000000 -32.768002 -32.768002 -32.768002 0.000000 0.000000
22:59:27 0.300000 0.000000 0.000000 0.000000 104.598999 322.230011 3.989000 -0.730000 14.099000 1460935.182000 449170.736000 13.214780 80.530869 0.000000 -32.768002 -32.768002 -32.768002 0.000000 0.000000
