18:13:21 0.300000 0.000000 3.625000 0.000000 243.466995 0.000000 -0.294000 0.000000 2604411.977000 530965.409000 23.549751 87.303398 0.000000 0.000000 0.000000 0.000000 0.000000 0.000000
18:13:22 0.300000 0.000000 3.625000 0.000000 243.466995 0.000000 -0.294000 0.000000 2604411.977000 530965.409000 23.549751 87.303398 0.000000 0.000000 0.000000 0.000000 0.000000 0.000000
18:13:22 0.300000 0.000000 3.625000 0.000000 243.466995 0.000000 -0.294000 0.000000 2604411.977000 530965.409000 23.549751 87.303398 0.000000 0.000000 0.000000 0.000000 0.000000 0.000000
18:13:23 0.300000 0.000000 3.625000 0.000000 243.466995 0.000000 -0.294000 0.000000 2604411.977000 530965.409000 23.549751 87.303398 0.000000 0.000000 0.000000 0.000000 0.000000 0.000000
18:13:23 0.300000 0.000000 3.625000 0.000000 243.466995 0.000000 -0.294000 0.000000 2604411.977000 530965.409000 23.549751 87.303398 0.000000 0.000000 0.000000 0.000000 0.000000 0.000000
18:13:23 0.300000 0.000000 3.625000 0.000000 243.466995 0.000000 -0.294000 0.000000 2604411.977000 530965.409000 23.549751 87.303398 0.000000 0.000000 0.000000 0.000000 0.000000 0.000000
18:13:24 0.300000 0.000000 3.625000 0.000000 243.466995 0.000000 -0.294000 0.000000 2604411.977000 530965.409000 23.549751 87.303398 0.000000 0.000000 0.000000 0.000000 0.000000 0.000000
18:13:24 0.300000 0.000000 3.625000 0.000000 243.466995 0.000000 -0.294000 0.000000 2604411.977000 530965.409000 23.549751 87.303398 0.000000 0.000000 0.000000 0.000000 0.000000 0.000000
18:13:25 0.300000 0.000000 3.625000 0.000000 243.466995 0.000000 -0.294000 0.000000 2604411.791000 530965.357000 23.549751 87.303398 0.000000 0.000000 0.000000 0.000000 0.000000 0.000000
18:13:25 0.300000 0.000000 3.625000 0.000000 243.466995 0.000000 -0.294000 0.000000 2604411.791000 530965.357000 23.549751 87.303398 0.000000 0.000000 0.000000 0.000000 0.000000 0.000000
18:13:25 0.300000 0.000000 3.625000 0.000000 243.466995 0.000000 -0.294000 0.000000 2604411.791000 530965.357000 23.549751 87.303398 0.000000 0.000000 0.000000 0.000000 0.000000 0.000000
18:13:26 0.300000 0.000000 3.625000 0.000000 243.466995 0.000000 -0.294000 0.000000 2604411.791000 530965.357000 23.549751 87.303398 0.000000 0.000000 0.000000 0.000000 0.000000 0.000000
18:13:26 0.300000 0.000000 3.625000 0.000000 243.466995 0.000000 -0.294000 0.000000 2604411.791000 530965.357000 23.549751 87.303398 0.000000 0.000000 0.000000 0.000000 0.000000 0.000000
18:13:27 0.300000 0.000000 3.625000 0.000000 243.466995 0.000000 -0.294000 0.000000 2604411.679000 530965.322000 23.549751 87.303398 0.000000 0.000000 0.000000 0.000000 0.000000 0.000000
18:13:27 0.300000 0.000000 3.625000 0.000000 243.466995 0.000000 -0.294000 0.000000 2604411.679000 530965.322000 23.549751 87.303398 0.000000 0.000000 0.000000 0.000000 0.000000 0.000000
18:13:27 0.300000 0.000000 3.625000 0.000000 243.466995 0.000000 -0.294000 0.000000 2604411.679000 530965.322000 23.549751 87.303398 0.000000 0.000000 0.000000 0.000000 0.000000 0.000000
18:13:28 0.300000 0.000000 3.625000 0.000000 243.466995 0.000000 -0.294000 0.000000 2604411.679000 530965.322000 23.549751 87.303398 0.000000 0.000000 0.000000 0.000000 0.000000 0.000000
18:13:28 0.300000 0.000000 3.625000 0.000000 243.466995 0.000000 -0.294000 0.000000 2604411.679000 530965.322000 23.549751 87.303398 0.000000 0.000000 0.000000 0.000000 0.000000 0.000000
18:13:29 0.300000 0.000000 3.625000 0.000000 243.466995 0.000000 -0.294000 0.000000 2604411.679000 530965.322000 23.549751 87.303398 0.000000 0.000000 0.000000 0.000000 0.000000 0.000000
18:13:29 0.300000 0.000000 3.625000 0.000000 243.466995 0.000000 -0.294000 0.000000 2604411.679000 530965.322000 23.549751 87.303398 0.000000 0.000000 0.000000 0.000000 0.000000 0.000000
18:13:29 0.300000 0.000000 3.625000 0.000000 243.466995 0.000000 -0.294000 0.000000 2604411.679000 530965.322000 23.549751 87.303398 0.000000 0.000000 0.000000 0.000000 0.000000 0.000000
18:13:30 0.300000 0.000000 3.625000 0.000000 243.466995 0.000000 -0.294000 0.000000 2604411.679000 530965.322000 23.549751 87.303398 0.000000 0.000000 0.000000 0.000000 0.000000 0.000000
18:13:30 0.300000 0.000000 3.625000 0.000000 243.466995 0.000000 -0.294000 0.000000 2604411.679000 530965.322000 23.549751 87.303398 0.000000 0.000000 0.000000 0.000000 0.000000 0.000000
18:13:31 0.300000 0.000000 3.625000 0.000000 243.466995 0.000000 -0.294000 0.000000 2604411.679000 530965.322000 23.549751 87.303398 0.000000 0.000000 0.000000 0.000000 0.000000 0.000000
18:13:31 0.300000 0.000000 3.625000 0.000000 243.466995 0.000000 -0.294000 0.000000 2604411.679000 530965.322000 23.549751 87.303398 0.000000 0.000000 0.000000 0.000000 0.000000 0.000000
18:13:31 0.300000 0.000000 3.625000 0.000000 243.466995 0.000000 -0.294000 0.000000 2604411.679000 530965.322000 23.549751 87.303398 0.000000 0.000000 0.000000 0.000000 0.000000 0.000000
18:13:32 0.300000 0.000000 3.625000 0.000000 243.466995 0.000000 -0.294000 0.000000 2604411.679000 530965.322000 23.549751 87.303398 0.000000 0.000000 0.000000 0.000000 0.000000 0.000000
18:13:32 0.300000 0.000000 3.625000 0.000000 243.466995 0.000000 -0.294000 0.000000 2604411.679000 530965.322000 23.549751 87.303398 0.000000 0.000000 0.000000 0.000000 0.000000 0.000000
18:13:33 0.300000 0.000000 3.625000 0.000000 243.466995 0.000000 -0.294000 0.000000 2604411.679000 530965.322000 23.549751 87.303398 0.000000 0.000000 0.000000 0.000000 0.000000 0.000000
18:13:33 0.300000 0.000000 3.625000 0.000000 243.466995 0.000000 -0.294000 0.000000 2604411.679000 530965.322000 23.549751 87.303398 0.000000 0.000000 0.000000 0.000000 0.000000 0.000000
18:13:33 0.300000 0.000000 3.625000 0.000000 243.466995 0.000000 -0.294000 0.000000 2604411.679000 530965.322000 23.549751 87.303398 0.000000 0.000000 0.000000 0.000000 0.000000 0.000000
18:13:34 0.300000 0.000000 3.625000 0.000000 243.466995 0.000000 -0.294000 0.000000 2604411.679000 530965.322000 23.549751 87.303398 0.000000 0.000000 0.000000 0.000000 0.000000 0.000000
18:13:34 0.300000 0.000000 3.625000 0.000000 243.466995 0.000000 -0.294000 0.000000 2604411.679000 530965.322000 23.549751 87.303398 0.000000 0.000000 0.000000 0.000000 0.000000 0.000000
18:13:35 0.300000 0.000000 3.625000 0.000000 243.466995 0.000000 -0.294000 0.000000 2604411.466000 530965.279000 23.549751 87.303398 0.000000 0.000000 0.000000 0.000000 0.000000 0.000000
18:13:35 0.300000 0.000000 3.625000 0.000000 243.466995 0.000000 -0.294000 0.000000 2604411.466000 530965.279000 23.549751 87.303398 0.000000 0.000000 0.000000 0.000000 0.000000 0.000000
18:13:35 0.300000 0.000000 3.625000 0.000000 243.466995 0.000000 -0.294000 0.000000 2604411.466000 530965.279000 23.549751 87.303398 0.000000 0.000000 0.000000 0.000000 0.000000 0.000000
18:13:36 0.300000 0.000000 3.625000 0.000000 243.466995 0.000000 -0.294000 0.000000 2604411.466000 530965.279000 23.549751 87.303398 0.000000 0.000000 0.000000 0.000000 0.000000 0.000000
18:13:36 0.300000 0.000000 3.625000 0.000000 243.466995 0.000000 -0.294000 0.000000 2604411.466000 530965.279000 23.549751 87.303398 0.000000 0.000000 0.000000 0.000000 0.000000 0.000000
18:13:37 0.300000 0.000000 3.625000 0.000000 243.466995 0.000000 -0.294000 0.000000 2604411.466000 530965.279000 23.549751 87.303398 0.000000 0.000000 0.000000 0.000000 0.000000 0.000000
18:13:37 0.300000 0.000000 3.625000 0.000000 243.466995 0.000000 -0.294000 0.000000 2604411.433000 530965.157000 23.549751 87.303398 0.000000 0.000000 0.000000 0.000000 0.000000 0.000000
18:13:37 0.300000 0.000000 3.625000 0.000000 243.466995 0.000000 -0.294000 0.000000 2604411.433000 530965.157000 23.549751 87.303398 0.000000 0.000000 0.000000 0.000000 0.000000 0.000000
18:13:38 0.300000 0.000000 3.625000 0.000000 243.466995 0.000000 -0.294000 0.000000 2604411.433000 530965.157000 23.549751 87.303398 0.000000 0.000000 0.000000 0.000000 0.000000 0.000000
18:13:38 0.300000 0.000000 3.625000 0.000000 243.466995 0.000000 -0.294000 0.000000 2604411.433000 530965.157000 23.549751 87.303398 0.000000 0.000000 0.000000 0.000000 0.000000 0.000000
18:13:39 0.300000 0.000000 3.625000 0.000000 243.466995 0.000000 -0.294000 0.000000 2604411.518000 530964.963000 23.549751 87.303398 0.000000 0.000000 0.000000 0.000000 0.000000 0.000000
18:13:39 0.300000 0.000000 3.625000 0.000000 243.466995 0.000000 -0.294000 0.000000 2604411.518000 530964.963000 23.549751 87.303398 0.000000 0.000000 0.000000 0.000000 0.000000 0.000000
18:13:39 0.300000 0.000000 3.625000 0.000000 243.466995 0.000000 -0.294000 0.000000 2604411.518000 530964.963000 23.549751 87.303398 0.000000 0.000000 0.000000 0.000000 0.000000 0.000000
18:13:40 0.300000 0.000000 3.625000 0.000000 243.466995 0.000000 -0.294000 0.000000 2604411.518000 530964.963000 23.549751 87.303398 0.000000 0.000000 0.000000 0.000000 0.000000 0.000000
18:13:40 0.300000 0.000000 3.625000 0.000000 243.466995 0.000000 -0.294000 0.000000 2604411.518000 530964.963000 23.549751 87.303398 0.000000 0.000000 0.000000 0.000000 0.000000 0.000000
18:13:41 0.300000 0.000000 3.625000 0.000000 243.466995 0.000000 -0.294000 0.000000 2604411.586000 530964.841000 23.549751 87.303398 0.000000 0.000000 0.000000 0.000000 0.000000 0.000000
18:13:41 0.300000 0.000000 3.625000 0.000000 243.466995 0.000000 -0.294000 0.000000 2604411.586000 530964.841000 23.549751 87.303398 0.000000 0.000000 0.000000 0.000000 0.000000 0.000000
18:13:41 0.300000 0.000000 3.625000 0.000000 243.466995 0.000000 -0.294000 0.000000 2604411.586000 530964.841000 23.549751 87.303398 0.000000 0.000000 0.000000 0.000000 0.000000 0.000000
18:13:42 0.300000 0.000000 3.625000 0.000000 243.466995 0.000000 -0.294000 0.000000 2604411.586000 530964.841000 23.549751 87.303398 0.000000 0.000000 0.000000 0.000000 0.000000 0.000000
18:13:42 0.300000 0.000000 3.625000 0.000000 243.466995 0.000000 -0.294000 0.000000 2604411.586000 530964.841000 23.549751 87.303398 0.000000 0.000000 0.000000 0.000000 0.000000 0.000000
18:13:43 0.300000 0.000000 3.625000 0.000000 243.466995 0.000000 -0.294000 0.000000 2604411.665000 530964.658000 23.549751 87.303398 0.000000 0.000000 0.000000 0.000000 0.000000 0.000000
18:13:43 0.300000 0.000000 3.625000 0.000000 243.466995 0.000000 -0.294000 0.000000 2604411.665000 530964.658000 23.549751 87.303398 0.000000 0.000000 0.000000 0.000000 0.000000 0.000000
18:13:43 0.300000 0.000000 3.625000 0.000000 243.466995 0.000000 -0.294000 0.000000 2604411.665000 530964.658000 23.549751 87.303398 0.000000 0.000000 0.000000 0.000000 0.000000 0.000000
18:13:44 0.300000 0.000000 3.625000 0.000000 243.466995 0.000000 -0.294000 0.000000 2604411.665000 530964.658000 23.549751 87.303398 0.000000 0.000000 0.000000 0.000000 0.000000 0.000000
18:13:44 0.300000 0.000000 3.625000 0.000000 243.466995 0.000000 -0.294000 0.000000 2604411.665000 530964.658000 23.549751 87.303398 0.000000 0.000000 0.000000 0.000000 0.000000 0.000000
18:13:45 0.300000 0.000000 3.625000 0.000000 243.466995 0.000000 -0.294000 0.000000 2604411.708000 530964.488000 23.549751 87.303398 0.000000 0.000000 0.000000 0.000000 0.000000 0.000000
18:13:45 0.300000 0.000000 3.625000 0.000000 243.466995 0.000000 -0.294000 0.000000 2604411.708000 530964.488000 23.549751 87.303398 0.000000 0.000000 0.000000 0.000000 0.000000 0.000000
18:13:45 0.300000 0.000000 3.625000 0.000000 243.466995 0.000000 -0.294000 0.000000 2604411.708000 530964.488000 23.549751 87.303398 0.000000 0.000000 0.000000 0.000000 0.000000 0.000000
18:13:46 0.300000 0.000000 3.625000 0.000000 243.466995 0.000000 -0.294000 0.000000 2604411.708000 530964.488000 23.549751 87.303398 0.000000 0.000000 0.000000 0.000000 0.000000 0.000000
18:13:46 0.300000 0.000000 3.625000 0.000000 243.466995 0.000000 -0.294000 0.000000 2604411.708000 530964.488000 23.549751 87.303398 0.000000 0.000000 0.000000 0.000000 0.000000 0.000000
18:13:47 0.300000 0.000000 3.625000 0.000000 243.466995 0.000000 -0.294000 0.000000 2604411.708000 530964.488000 23.549751 87.303398 0.000000 0.000000 0.000000 0.000000 0.000000 0.000000
18:13:47 0.300000 0.000000 3.625000 0.000000 243.466995 0.000000 -0.294000 0.000000 2604411.708000 530964.488000 23.549751 87.303398 0.000000 0.000000 0.000000 0.000000 0.000000 0.000000
18:13:47 0.300000 0.000000 3.625000 0.000000 243.466995 0.000000 -0.294000 0.000000 2604411.708000 530964.488000 23.549751 87.303398 0.000000 0.000000 0.000000 0.000000 0.000000 0.000000
18:13:48 0.300000 0.000000 3.625000 0.000000 243.466995 0.000000 -0.294000 0.000000 2604411.708000 530964.488000 23.549751 87.303398 0.000000 0.000000 0.000000 0.000000 0.000000 0.000000
18:13:48 0.300000 0.000000 3.625000 0.000000 243.466995 0.000000 -0.294000 0.000000 2604411.708000 530964.488000 23.549751 87.303398 0.000000 0.000000 0.000000 0.000000 0.000000 0.000000
18:13:49 0.300000 0.000000 3.625000 0.000000 243.466995 0.000000 -0.294000 0.000000 2604411.708000 530964.488000 23.549751 87.303398 0.000000 0.000000 0.000000 0.000000 0.000000 0.000000
18:13:49 0.300000 0.000000 3.625000 0.000000 243.466995 0.000000 -0.294000 0.000000 2604411.708000 530964.488000 23.549751 87.303398 0.000000 0.000000 0.000000 0.000000 0.000000 0.000000
18:13:49 0.300000 0.000000 3.625000 0.000000 243.466995 0.000000 -0.294000 0.000000 2604411.708000 530964.488000 23.549751 87.303398 0.000000 0.000000 0.000000 0.000000 0.000000 0.000000
18:13:50 0.300000 0.000000 3.625000 0.000000 243.466995 0.000000 -0.294000 0.000000 2604411.708000 530964.488000 23.549751 87.303398 0.000000 0.000000 0.000000 0.000000 0.000000 0.000000
18:13:50 0.300000 0.000000 3.625000 0.000000 243.466995 0.000000 -0.294000 0.000000 2604411.708000 530964.488000 23.549751 87.303398 0.000000 0.000000 0.000000 0.000000 0.000000 0.000000
18:13:51 0.300000 0.000000 3.625000 0.000000 243.466995 0.000000 -0.294000 0.000000 2604411.899000 530964.482000 23.549751 87.303398 0.000000 0.000000 0.000000 0.000000 0.000000 0.000000
18:13:51 0.300000 0.000000 3.625000 0.000000 243.466995 0.000000 -0.294000 0.000000 2604411.899000 530964.482000 23.549751 87.303398 0.000000 0.000000 0.000000 0.000000 0.000000 0.000000
18:13:51 0.300000 0.000000 3.625000 0.000000 243.466995 0.000000 -0.294000 0.000000 2604411.899000 530964.482000 23.549751 87.303398 0.000000 0.000000 0.000000 0.000000 0.000000 0.000000
18:13:52 0.300000 0.000000 3.625000 0.000000 243.466995 0.000000 -0.294000 0.000000 2604411.899000 530964.482000 23.549751 87.303398 0.000000 0.000000 0.000000 0.000000 0.000000 0.000000
18:13:52 0.300000 0.000000 3.625000 0.000000 243.466995 0.000000 -0.294000 0.000000 2604411.899000 530964.482000 23.549751 87.303398 0.000000 0.000000 0.000000 0.000000 0.000000 0.000000
18:13:53 0.300000 0.000000 3.625000 0.000000 243.466995 0.000000 -0.294000 0.000000 2604411.899000 530964.482000 23.549751 87.303398 0.000000 0.000000 0.000000 0.000000 0.000000 0.000000
18:13:53 0.300000 0.000000 3.625000 0.000000 243.466995 0.000000 -0.294000 0.000000 2604411.899000 530964.482000 23.549751 87.303398 0.000000 0.000000 0.000000 0.000000 0.000000 0.000000
18:13:53 0.300000 0.000000 3.625000 0.000000 243.466995 0.000000 -0.294000 0.000000 2604411.899000 530964.482000 23.549751 87.303398 0.000000 0.000000 0.000000 0.000000 0.000000 0.000000
18:13:54 0.300000 0.000000 3.625000 0.000000 243.466995 0.000000 -0.294000 0.000000 2604411.899000 530964.482000 23.549751 87.303398 0.000000 0.000000 0.000000 0.000000 0.000000 0.000000
18:13:54 0.300000 0.000000 3.625000 0.000000 243.466995 0.000000 -0.294000 0.000000 2604411.899000 530964.482000 23.549751 87.303398 0.000000 0.000000 0.000000 0.000000 0.000000 0.000000
18:13:55 0.300000 0.000000 3.625000 0.000000 243.466995 0.000000 -0.294000 0.000000 2604411.899000 530964.482000 23.549751 87.303398 0.000000 0.000000 0.000000 0.000000 0.000000 0.000000
18:13:55 0.300000 0.000000 3.625000 0.000000 243.466995 0.000000 -0.294000 0.000000 2604411.899000 530964.482000 23.549751 87.303398 0.000000 0.000000 0.000000 0.000000 0.000000 0.000000
18:13:55 0.300000 0.000000 3.625000 0.000000 243.466995 0.000000 -0.294000 0.000000 2604411.899000 530964.482000 23.549751 87.303398 0.000000 0.000000 0.000000 0.000000 0.000000 0.000000
18:13:56 0.300000 0.000000 3.625000 0.000000 243.466995 0.000000 -0.294000 0.000000 2604411.899000 530964.482000 23.549751 87.303398 0.000000 0.000000 0.000000 0.000000 0.000000 0.000000
