18:25:32 0.300000 0.000000 3.625000 0.000000 242.317001 0.000000 -0.370000 0.000000 2604413.865000 530963.875000 23.549768 87.303383 0.000000 0.000000 0.000000 0.000000 0.000000 0.000000
18:25:32 0.300000 0.000000 3.625000 0.000000 242.317001 0.000000 -0.370000 0.000000 2604413.865000 530963.875000 23.549768 87.303383 0.000000 0.000000 0.000000 0.000000 0.000000 0.000000
18:25:32 0.300000 0.000000 3.625000 0.000000 242.317001 0.000000 -0.370000 0.000000 2604413.865000 530963.875000 23.549768 87.303383 0.000000 0.000000 0.000000 0.000000 0.000000 0.000000
18:25:33 0.300000 0.000000 3.625000 0.000000 242.317001 0.000000 -0.370000 0.000000 2604413.865000 530963.875000 23.549768 87.303383 0.000000 0.000000 0.000000 0.000000 0.000000 0.000000
18:25:33 0.300000 0.000000 3.625000 0.000000 242.317001 0.000000 -0.370000 0.000000 2604413.865000 530963.875000 23.549768 87.303383 0.000000 0.000000 0.000000 0.000000 0.000000 0.000000
18:25:34 0.300000 0.000000 3.625000 0.000000 242.317001 0.000000 -0.370000 0.000000 2604413.865000 530963.875000 23.549768 87.303383 0.000000 0.000000 0.000000 0.000000 0.000000 0.000000
18:25:34 0.300000 0.000000 3.625000 0.000000 242.317001 0.000000 -0.370000 0.000000 2604413.865000 530963.875000 23.549768 87.303383 0.000000 0.000000 0.000000 0.000000 0.000000 0.000000
18:25:34 0.300000 0.000000 3.625000 0.000000 242.317001 0.000000 -0.370000 0.000000 2604413.865000 530963.875000 23.549768 87.303383 0.000000 0.000000 0.000000 0.000000 0.000000 0.000000
18:25:35 0.300000 0.000000 3.625000 0.000000 242.317001 0.000000 -0.370000 0.000000 2604413.865000 530963.875000 23.549768 87.303383 0.000000 0.000000 0.000000 0.000000 0.000000 0.000000
18:25:35 0.300000 0.000000 3.625000 0.000000 242.317001 0.000000 -0.370000 0.000000 2604413.865000 530963.875000 23.549768 87.303383 0.000000 0.000000 0.000000 0.000000 0.000000 0.000000
18:25:36 0.300000 0.000000 3.625000 0.000000 242.317001 0.000000 -0.370000 0.000000 2604413.865000 530963.875000 23.549768 87.303383 0.000000 0.000000 0.000000 0.000000 0.000000 0.000000
18:25:36 0.300000 0.000000 3.625000 0.000000 242.317001 0.000000 -0.370000 0.000000 2604413.865000 530963.875000 23.549768 87.303383 0.000000 0.000000 0.000000 0.000000 0.000000 0.000000
18:25:36 0.300000 0.000000 3.625000 0.000000 242.317001 0.000000 -0.370000 0.000000 2604413.865000 530963.875000 23.549768 87.303383 0.000000 0.000000 0.000000 0.000000 0.000000 0.000000
18:25:37 0.300000 0.000000 3.625000 0.000000 242.317001 0.000000 -0.370000 0.000000 2604413.865000 530963.875000 23.549768 87.303383 0.000000 0.000000 0.000000 0.000000 0.000000 0.000000
18:25:37 0.300000 0.000000 3.625000 0.000000 242.317001 0.000000 -0.370000 0.000000 2604413.865000 530963.875000 23.549768 87.303383 0.000000 0.000000 0.000000 0.000000 0.000000 0.000000
18:25:38 0.300000 0.000000 3.625000 0.000000 242.317001 0.000000 -0.370000 0.000000 2604413.865000 530963.875000 23.549768 87.303383 0.000000 0.000000 0.000000 0.000000 0.000000 0.000000
18:25:38 0.300000 0.000000 3.625000 0.000000 242.317001 0.000000 -0.370000 0.000000 2604413.899000 530963.824000 23.549768 87.303383 0.000000 0.000000 0.000000 0.000000 0.000000 0.000000
18:25:38 0.300000 0.000000 3.625000 0.000000 242.317001 0.000000 -0.370000 0.000000 2604413.899000 530963.824000 23.549768 87.303383 0.000000 0.000000 0.000000 0.000000 0.000000 0.000000
18:25:39 0.300000 0.000000 3.625000 0.000000 242.317001 0.000000 -0.370000 0.000000 2604413.899000 530963.824000 23.549768 87.303383 0.000000 0.000000 0.000000 0.000000 0.000000 0.000000
18:25:39 0.300000 0.000000 3.625000 0.000000 242.317001 0.000000 -0.370000 0.000000 2604413.899000 530963.824000 23.549768 87.303383 0.000000 0.000000 0.000000 0.000000 0.000000 0.000000
18:25:40 0.300000 0.000000 3.625000 0.000000 242.317001 0.000000 -0.370000 0.000000 2604413.899000 530963.824000 23.549768 87.303383 0.000000 0.000000 0.000000 0.000000 0.000000 0.000000
18:25:40 0.300000 0.000000 3.625000 0.000000 242.317001 0.000000 -0.370000 0.000000 2604413.899000 530963.824000 23.549768 87.303383 0.000000 0.000000 0.000000 0.000000 0.000000 0.000000
18:25:40 0.300000 0.000000 3.625000 0.000000 242.317001 0.000000 -0.370000 0.000000 2604413.899000 530963.824000 23.549768 87.303383 0.000000 0.000000 0.000000 0.000000 0.000000 0.000000
18:25:41 0.300000 0.000000 3.625000 0.000000 242.317001 0.000000 -0.370000 0.000000 2604413.899000 530963.824000 23.549768 87.303383 0.000000 0.000000 0.000000 0.000000 0.000000 0.000000
18:25:41 0.300000 0.000000 3.625000 0.000000 242.317001 0.000000 -0.370000 0.000000 2604413.899000 530963.824000 23.549768 87.303383 0.000000 0.000000 0.000000 0.000000 0.000000 0.000000
18:25:42 0.300000 0.000000 3.625000 0.000000 242.317001 0.000000 -0.370000 0.000000 2604413.899000 530963.824000 23.549768 87.303383 0.000000 0.000000 0.000000 0.000000 0.000000 0.000000
18:25:42 0.300000 0.000000 3.625000 0.000000 242.317001 0.000000 -0.370000 0.000000 2604413.872000 530963.670000 23.549768 87.303383 0.000000 0.000000 0.000000 0.000000 0.000000 0.000000
18:25:42 0.300000 0.000000 3.625000 0.000000 242.317001 0.000000 -0.370000 0.000000 2604413.872000 530963.670000 23.549768 87.303383 0.000000 0.000000 0.000000 0.000000 0.000000 0.000000
18:25:43 0.300000 0.000000 3.625000 0.000000 242.317001 0.000000 -0.370000 0.000000 2604413.872000 530963.670000 23.549768 87.303383 0.000000 0.000000 0.000000 0.000000 0.000000 0.000000
18:25:43 0.300000 0.000000 3.625000 0.000000 242.317001 0.000000 -0.370000 0.000000 2604413.872000 530963.670000 23.549768 87.303383 0.000000 0.000000 0.000000 0.000000 0.000000 0.000000
18:25:44 0.300000 0.000000 3.625000 0.000000 242.317001 0.000000 -0.370000 0.000000 2604413.872000 530963.670000 23.549768 87.303383 0.000000 0.000000 0.000000 0.000000 0.000000 0.000000
18:25:44 0.300000 0.000000 3.625000 0.000000 242.317001 0.000000 -0.370000 0.000000 2604413.872000 530963.670000 23.549768 87.303383 0.000000 0.000000 0.000000 0.000000 0.000000 0.000000
18:25:44 0.300000 0.000000 3.625000 0.000000 242.317001 0.000000 -0.370000 0.000000 2604413.872000 530963.670000 23.549768 87.303383 0.000000 0.000000 0.000000 0.000000 0.000000 0.000000
18:25:45 0.300000 0.000000 3.625000 0.000000 242.317001 0.000000 -0.370000 0.000000 2604413.872000 530963.670000 23.549768 87.303383 0.000000 0.000000 0.000000 0.000000 0.000000 0.000000
18:25:45 0.300000 0.000000 3.625000 0.000000 242.317001 0.000000 -0.370000 0.000000 2604413.872000 530963.670000 23.549768 87.303383 0.000000 0.000000 0.000000 0.000000 0.000000 0.000000
18:25:46 0.300000 0.000000 3.625000 0.000000 242.317001 0.000000 -0.370000 0.000000 2604413.872000 530963.670000 23.549768 87.303383 0.000000 0.000000 0.000000 0.000000 0.000000 0.000000
18:25:46 0.300000 0.000000 3.625000 0.000000 242.317001 0.000000 -0.370000 0.000000 2604413.872000 530963.670000 23.549768 87.303383 0.000000 0.000000 0.000000 0.000000 0.000000 0.000000
