22:37:58 0.300000 0.000000 0.000000 0.000000 104.598999 323.839996 3.989000 -0.520000 14.099000 1460935.182000 449170.736000 13.214780 80.530869 0.000000 0.000000 0.000000 0.000000 0.000000 0.000000
22:37:59 0.300000 0.000000 0.000000 0.000000 104.598999 323.839996 3.989000 -0.520000 14.099000 0.005000 0.004000 13.214780 80.530869 0.000000 0.000000 0.000000 0.000000 0.000000 0.000000
22:38:00 0.300000 0.000000 0.000000 0.000000 104.598999 323.839996 3.989000 -0.520000 14.099000 1460935.182000 449170.736000 13.214780 80.530869 0.000000 0.000000 0.000000 0.000000 0.000000 0.000000
22:38:01 0.400000 0.000000 0.000000 0.000000 104.598999 323.839996 3.989000 -0.520000 14.099000 1460935.182000 449170.736000 13.214780 80.530869 0.000000 0.000000 0.000000 0.000000 0.000000 0.000000
22:38:03 0.400000 0.000000 0.000000 0.000000 104.598999 323.829987 3.989000 -0.490000 14.099000 1460935.182000 449170.736000 13.214780 80.530869 0.000000 0.000000 0.000000 0.000000 0.000000 0.000000
22:38:05 0.400000 0.000000 0.000000 0.000000 104.598999 323.760010 3.989000 -0.130000 14.099000 1460935.182000 449170.736000 13.214780 80.530869 0.000000 0.000000 0.000000 0.000000 0.000000 0.000000
22:38:06 0.300000 0.000000 0.000000 0.000000 104.598999 323.950012 3.989000 -0.520000 14.099000 0.005000 0.004000 13.214780 80.530869 0.000000 0.000000 0.000000 0.000000 0.000000 0.000000
22:38:07 0.400000 0.000000 0.000000 0.000000 104.598999 323.950012 3.989000 -0.520000 14.099000 1460935.182000 449170.736000 13.214780 80.530869 0.000000 0.000000 0.000000 0.000000 0.000000 0.000000
22:38:09 0.400000 0.000000 0.000000 0.000000 104.598999 324.070007 3.989000 -0.980000 14.099000 1460935.182000 449170.736000 13.214780 80.530869 0.000000 0.000000 0.000000 0.000000 0.000000 0.000000
22:38:10 0.300000 0.000000 0.000000 0.000000 104.598999 324.070007 3.989000 -0.980000 14.099000 1460935.182000 449170.736000 13.214780 80.530869 0.000000 0.000000 0.000000 0.000000 0.000000 0.000000
22:38:11 0.400000 0.000000 0.000000 0.000000 104.598999 324.070007 3.989000 -0.980000 14.099000 1460935.182000 449170.736000 13.214780 80.530869 0.000000 0.000000 0.000000 0.000000 0.000000 0.000000
22:38:13 0.300000 0.000000 0.000000 0.000000 104.598999 324.230011 3.989000 -0.630000 14.099000 1460935.182000 449170.736000 13.214780 80.530869 0.000000 0.000000 0.000000 0.000000 0.000000 0.000000
22:38:15 0.400000 0.000000 0.000000 0.000000 104.598999 324.239990 3.989000 -1.110000 14.099000 1460935.182000 449170.736000 13.214780 80.530869 0.000000 0.000000 0.000000 0.000000 0.000000 0.000000
22:38:16 0.400000 0.000000 0.000000 0.000000 104.598999 324.239990 3.989000 -1.110000 14.099000 1460935.182000 449170.736000 13.214780 80.530869 0.000000 0.000000 0.000000 0.000000 0.000000 0.000000
22:38:17 0.300000 0.000000 0.000000 0.000000 104.598999 324.279999 3.989000 -0.200000 14.099000 1460935.182000 449170.736000 13.214780 80.530869 0.000000 0.000000 0.000000 0.000000 0.000000 0.000000
22:38:18 0.400000 0.000000 0.000000 0.000000 104.598999 324.279999 3.989000 -0.200000 14.099000 1460935.182000 449170.736000 13.214780 80.530869 0.000000 0.000000 0.000000 0.000000 0.000000 0.000000
22:38:20 0.300000 0.000000 0.000000 0.000000 104.598999 324.609985 3.989000 -1.290000 14.099000 1460935.182000 449170.736000 13.214780 80.530869 0.000000 0.000000 0.000000 0.000000 0.000000 0.000000
22:38:21 0.300000 0.000000 0.000000 0.000000 104.598999 324.609985 3.989000 -1.290000 14.099000 1460935.182000 449170.736000 13.214780 80.530869 0.000000 0.000000 0.000000 0.000000 0.000000 0.000000
22:38:23 0.300000 0.000000 0.000000 0.000000 104.598999 324.429993 3.989000 -0.370000 14.099000 0.005000 0.004000 13.214780 80.530869 0.000000 0.000000 0.000000 0.000000 0.000000 0.000000
22:38:25 0.300000 0.000000 0.000000 0.000000 104.598999 324.429993 3.989000 -0.370000 14.099000 1460935.182000 449170.736000 13.214780 80.530869 0.000000 0.000000 0.000000 0.000000 0.000000 0.000000
22:38:26 0.300000 0.000000 0.000000 0.000000 104.598999 324.429993 3.989000 -0.370000 14.099000 1460935.182000 449170.736000 13.214780 80.530869 0.000000 0.000000 0.000000 0.000000 0.000000 0.000000
22:38:27 0.400000 0.000000 0.000000 0.000000 104.598999 324.809998 3.989000 -1.150000 14.099000 1460935.182000 449170.736000 13.214780 80.530869 0.000000 0.000000 0.000000 0.000000 0.000000 0.000000
22:38:28 0.400000 0.000000 0.000000 0.000000 104.598999 324.809998 3.989000 -1.150000 14.099000 1460935.182000 449170.736000 13.214780 80.530869 0.000000 0.000000 0.000000 0.000000 0.000000 0.000000
22:38:30 0.300000 0.000000 0.000000 0.000000 104.598999 324.839996 3.989000 -1.120000 14.099000 0.005000 0.004000 13.214780 80.530869 0.000000 0.000000 0.000000 0.000000 0.000000 0.000000
22:38:31 0.300000 0.000000 0.000000 0.000000 104.598999 324.839996 3.989000 -1.120000 14.099000 1460935.182000 449170.736000 13.214780 80.530869 0.000000 0.000000 0.000000 0.000000 0.000000 0.000000
22:38:32 0.400000 0.000000 0.000000 0.000000 104.598999 324.839996 3.989000 -1.120000 14.099000 1460935.182000 449170.736000 13.214780 80.530869 0.000000 0.000000 0.000000 0.000000 0.000000 0.000000
22:38:33 0.300000 0.000000 0.000000 0.000000 104.598999 324.839996 3.989000 -1.120000 14.099000 1460935.182000 449170.736000 13.214780 80.530869 0.000000 0.000000 0.000000 0.000000 0.000000 0.000000
22:38:35 0.300000 0.000000 0.000000 0.000000 104.598999 324.980011 3.989000 -0.150000 14.099000 1460935.182000 449170.736000 13.214780 80.530869 0.000000 0.000000 0.000000 0.000000 0.000000 0.000000
22:38:36 0.400000 0.000000 0.000000 0.000000 104.598999 324.980011 3.989000 -0.150000 14.099000 1460935.182000 449170.736000 13.214780 80.530869 0.000000 0.000000 0.000000 0.000000 0.000000 0.000000
22:38:37 0.300000 0.000000 0.000000 0.000000 104.598999 325.350006 3.989000 -1.550000 14.099000 1460935.182000 449170.736000 13.214780 80.530869 0.000000 0.000000 0.000000 0.000000 0.000000 0.000000
22:38:38 0.400000 0.000000 0.000000 0.000000 104.598999 325.350006 3.989000 -1.550000 14.099000 1460935.182000 449170.736000 13.214780 80.530869 0.000000 0.000000 0.000000 0.000000 0.000000 0.000000
22:38:39 0.300000 0.000000 0.000000 0.000000 104.598999 325.350006 3.989000 -1.550000 14.099000 1460935.182000 449170.736000 13.214780 80.530869 0.000000 0.000000 0.000000 0.000000 0.000000 0.000000
22:38:41 0.300000 0.000000 0.000000 0.000000 104.598999 324.989990 3.989000 -0.150000 14.099000 1460935.182000 449170.736000 13.214780 80.530869 0.000000 0.000000 0.000000 0.000000 0.000000 0.000000
22:38:42 0.300000 0.000000 0.000000 0.000000 104.598999 324.989990 3.989000 -0.150000 14.099000 1460935.182000 449170.736000 13.214780 80.530869 0.000000 0.000000 0.000000 0.000000 0.000000 0.000000
22:38:43 0.400000 0.000000 0.000000 0.000000 104.598999 324.989990 3.989000 -0.150000 14.099000 1460935.182000 449170.736000 13.214780 80.530869 0.000000 0.000000 0.000000 0.000000 0.000000 0.000000
22:38:44 0.300000 0.000000 0.000000 0.000000 104.598999 325.500000 3.989000 -0.730000 14.099000 1460935.182000 449170.736000 13.214780 80.530869 0.000000 0.000000 0.000000 0.000000 0.000000 0.000000
22:38:46 0.300000 0.000000 0.000000 0.000000 104.598999 325.500000 3.989000 -0.730000 14.099000 1460935.182000 449170.736000 13.214780 80.530869 0.000000 0.000000 0.000000 0.000000 0.000000 0.000000
22:38:47 0.400000 0.000000 0.000000 0.000000 104.598999 325.609985 3.989000 -1.080000 14.099000 1460935.182000 449170.736000 13.214780 80.530869 0.000000 0.000000 0.000000 0.000000 0.000000 0.000000
22:38:48 0.300000 0.000000 0.000000 0.000000 104.598999 325.609985 3.989000 -1.080000 14.099000 0.005000 0.004000 13.214780 80.530869 0.000000 0.000000 0.000000 0.000000 0.000000 0.000000
22:38:49 0.400000 0.000000 0.000000 0.000000 104.598999 325.609985 3.989000 -1.080000 14.099000 1460935.182000 449170.736000 13.214780 80.530869 0.000000 0.000000 0.000000 0.000000 0.000000 0.000000
22:38:51 0.400000 0.000000 0.000000 0.000000 104.598999 325.730011 3.989000 -0.450000 14.099000 1460935.182000 449170.736000 13.214780 80.530869 0.000000 0.000000 0.000000 0.000000 0.000000 0.000000
22:38:52 0.300000 0.000000 0.000000 0.000000 104.598999 325.730011 3.989000 -0.450000 14.099000 1460935.182000 449170.736000 13.214780 80.530869 0.000000 0.000000 0.000000 0.000000 0.000000 0.000000
22:38:53 0.300000 0.000000 0.000000 0.000000 104.598999 325.730011 3.989000 -0.450000 14.099000 1460935.182000 449170.736000 13.214780 80.530869 0.000000 0.000000 0.000000 0.000000 0.000000 0.000000
22:38:54 0.300000 0.000000 0.000000 0.000000 104.598999 325.910004 3.989000 -0.860000 14.099000 1460935.182000 449170.736000 13.214780 80.530869 0.000000 0.000000 0.000000 0.000000 0.000000 0.000000
22:38:56 0.300000 0.000000 0.000000 0.000000 104.598999 325.910004 3.989000 -0.860000 14.099000 0.005000 0.004000 13.214780 80.530869 0.000000 0.000000 0.000000 0.000000 0.000000 0.000000
22:38:57 0.400000 0.000000 0.000000 0.000000 104.598999 325.730011 3.989000 -0.620000 14.099000 1460935.182000 449170.736000 13.214780 80.530869 0.000000 0.000000 0.000000 0.000000 0.000000 0.000000
22:38:58 0.400000 0.000000 0.000000 0.000000 104.598999 325.730011 3.989000 -0.620000 14.099000 1460935.182000 449170.736000 13.214780 80.530869 0.000000 -32.768002 -32.768002 -32.768002 0.000000 0.000000
22:38:59 0.300000 0.000000 0.000000 0.000000 104.598999 325.730011 3.989000 -0.620000 14.099000 1460935.182000 449170.736000 13.214780 80.530869 0.000000 -32.768002 -32.768002 -32.768002 0.000000 0.000000
22:39:00 0.300000 0.000000 0.000000 0.000000 104.598999 325.730011 3.989000 -0.620000 14.099000 1460935.182000 449170.736000 13.214780 80.530869 0.000000 -32.768002 -32.768002 -32.768002 0.000000 0.000000
22:39:02 0.400000 0.000000 0.000000 0.000000 104.598999 326.290009 3.989000 -1.420000 14.099000 1460935.182000 449170.736000 13.214780 80.530869 0.000000 -32.768002 -32.768002 -32.768002 0.000000 0.000000
22:39:03 0.300000 0.000000 0.000000 0.000000 104.598999 326.290009 3.989000 -1.420000 14.099000 1460935.182000 449170.736000 13.214780 80.530869 0.000000 -32.768002 -32.768002 -32.768002 0.000000 0.000000
22:39:04 0.400000 0.000000 0.000000 0.000000 104.598999 325.950012 3.989000 -1.350000 14.099000 1460935.182000 449170.736000 13.214780 80.530869 0.000000 -32.768002 -32.768002 -32.768002 0.000000 0.000000
22:39:05 0.400000 0.000000 0.000000 0.000000 104.598999 325.869995 3.989000 -0.350000 14.099000 1460935.182000 449170.736000 13.214780 80.530869 0.000000 -32.768002 -32.768002 -32.768002 0.000000 0.000000
22:39:07 0.300000 0.000000 0.000000 0.000000 104.598999 326.049988 3.989000 0.460000 14.099000 1460935.182000 449170.736000 13.214780 80.530869 0.000000 -32.768002 -32.768002 -32.768002 0.000000 0.000000
22:39:08 0.400000 0.000000 0.000000 0.000000 104.598999 326.049988 3.989000 0.460000 14.099000 1460935.182000 449170.736000 13.214780 80.530869 0.000000 -32.768002 -32.768002 -32.768002 0.000000 0.000000
22:39:09 0.300000 0.000000 0.000000 0.000000 104.598999 326.049988 3.989000 0.460000 14.099000 1460935.182000 449170.736000 13.214780 80.530869 0.000000 -32.768002 -32.768002 -32.768002 0.000000 0.000000
22:39:10 0.300000 0.000000 0.000000 0.000000 104.598999 326.049988 3.989000 0.460000 14.099000 1460935.182000 449170.736000 13.214780 80.530869 0.000000 -32.768002 -32.768002 -32.768002 0.000000 0.000000
22:39:12 0.400000 0.000000 0.000000 0.000000 104.598999 326.160004 3.989000 -0.860000 14.099000 1460935.182000 449170.736000 13.214780 80.530869 0.000000 -32.768002 -32.768002 -32.768002 0.000000 0.000000
22:39:13 0.300000 0.000000 0.000000 0.000000 104.598999 326.160004 3.989000 -0.860000 14.099000 1460935.182000 449170.736000 13.214780 80.530869 0.000000 -32.768002 -32.768002 -32.768002 0.000000 0.000000
22:39:14 0.400000 0.000000 0.000000 0.000000 104.598999 326.179993 3.989000 0.120000 14.099000 0.005000 0.004000 13.214780 80.530869 0.000000 -32.768002 -32.768002 -32.768002 0.000000 0.000000
22:39:15 0.400000 0.000000 0.000000 0.000000 104.598999 326.320007 3.989000 -0.300000 14.099000 1460935.182000 449170.736000 13.214780 80.530869 0.000000 -32.768002 -32.768002 -32.768002 0.000000 0.000000
22:39:17 0.400000 0.000000 0.000000 0.000000 104.598999 326.549988 3.989000 -1.210000 14.099000 1460935.182000 449170.736000 13.214780 80.530869 0.000000 -32.768002 -32.768002 -32.768002 0.000000 0.000000
22:39:18 0.400000 0.000000 0.000000 0.000000 104.598999 326.549988 3.989000 -1.210000 14.099000 1460935.182000 449170.736000 13.214780 80.530869 0.000000 -32.768002 -32.768002 -32.768002 0.000000 0.000000
22:39:19 0.400000 0.000000 0.000000 0.000000 104.598999 326.549988 3.989000 -1.210000 14.099000 0.005000 0.004000 13.214780 80.530869 0.000000 -32.768002 -32.768002 -32.768002 0.000000 0.000000
22:39:20 0.400000 0.000000 0.000000 0.000000 104.598999 326.549988 3.989000 -1.210000 14.099000 1460935.182000 449170.736000 13.214780 80.530869 0.000000 -32.768002 -32.768002 -32.768002 0.000000 0.000000
22:39:22 0.300000 0.000000 0.000000 0.000000 104.598999 326.869995 3.989000 -0.960000 14.099000 0.005000 0.004000 13.214780 80.530869 0.000000 -32.768002 -32.768002 -32.768002 0.000000 0.000000
22:39:24 0.400000 0.000000 0.000000 0.000000 104.598999 326.869995 3.989000 -0.960000 14.099000 1460935.182000 449170.736000 13.214780 80.530869 0.000000 -32.768002 -32.768002 -32.768002 0.000000 0.000000
22:39:25 0.300000 0.000000 0.000000 0.000000 104.598999 326.869995 3.989000 -0.960000 14.099000 1460935.182000 449170.736000 13.214780 80.530869 0.000000 -32.768002 -32.768002 -32.768002 0.000000 0.000000
22:39:26 0.300000 0.000000 0.000000 0.000000 104.598999 326.829987 3.989000 -0.070000 14.099000 1460935.182000 449170.736000 13.214780 80.530869 0.000000 -32.768002 -32.768002 -32.768002 0.000000 0.000000
22:39:28 0.300000 0.000000 0.000000 0.000000 104.598999 326.970001 3.989000 -0.600000 14.099000 1460935.182000 449170.736000 13.214780 80.530869 0.000000 -32.768002 -32.768002 -32.768002 0.000000 0.000000
22:39:29 0.400000 0.000000 0.000000 0.000000 104.598999 326.970001 3.989000 -0.600000 14.099000 1460935.182000 449170.736000 13.214780 80.530869 0.000000 -32.768002 -32.768002 -32.768002 0.000000 0.000000
22:39:30 0.400000 0.000000 0.000000 0.000000 104.598999 326.970001 3.989000 -0.600000 14.099000 1460935.182000 449170.736000 13.214780 80.530869 0.000000 -32.768002 -32.768002 -32.768002 0.000000 0.000000
22:39:31 0.400000 0.000000 0.000000 0.000000 104.598999 326.970001 3.989000 -0.600000 14.099000 1460935.182000 449170.736000 13.214780 80.530869 0.000000 -32.768002 -32.768002 -32.768002 0.000000 0.000000
22:39:33 0.300000 0.000000 0.000000 0.000000 104.598999 327.070007 3.989000 -0.370000 14.099000 1460935.182000 449170.736000 13.214780 80.530869 0.000000 -32.768002 -32.768002 -32.768002 0.000000 0.000000
22:39:35 0.300000 0.000000 0.000000 0.000000 104.598999 327.019989 3.989000 -0.470000 14.099000 1460935.182000 449170.736000 13.214780 80.530869 0.000000 -32.768002 -32.768002 -32.768002 0.000000 0.000000
22:39:36 0.400000 0.000000 0.000000 0.000000 104.598999 327.220001 3.989000 -0.860000 14.099000 0.005000 0.004000 13.214780 80.530869 0.000000 -32.768002 -32.768002 -32.768002 0.000000 0.000000
22:39:38 0.300000 0.000000 0.000000 0.000000 104.598999 327.269989 3.989000 -0.970000 14.099000 1460935.182000 449170.736000 13.214780 80.530869 0.000000 -32.768002 -32.768002 -32.768002 0.000000 0.000000
22:39:39 0.300000 0.000000 0.000000 0.000000 104.598999 327.269989 3.989000 -0.970000 14.099000 1460935.182000 449170.736000 13.214780 80.530869 0.000000 -32.768002 -32.768002 -32.768002 0.000000 0.000000
22:39:40 0.400000 0.000000 0.000000 0.000000 104.598999 327.269989 3.989000 -0.970000 14.099000 1460935.182000 449170.736000 13.214780 80.530869 0.000000 -32.768002 -32.768002 -32.768002 0.000000 0.000000
22:39:41 0.400000 0.000000 0.000000 0.000000 104.598999 327.269989 3.989000 -0.970000 14.099000 1460935.182000 449170.736000 13.214780 80.530869 0.000000 -32.768002 -32.768002 -32.768002 0.000000 0.000000
22:39:43 0.300000 0.000000 0.000000 0.000000 104.598999 326.929993 3.989000 -0.190000 14.099000 1460935.182000 449170.736000 13.214780 80.530869 0.000000 -32.768002 -32.768002 -32.768002 0.000000 0.000000
22:39:45 0.400000 0.000000 0.000000 0.000000 104.598999 326.929993 3.989000 0.240000 14.099000 1460935.182000 449170.736000 13.214780 80.530869 0.000000 -32.768002 -32.768002 -32.768002 0.000000 0.000000
22:39:46 0.400000 0.000000 0.000000 0.000000 104.598999 326.929993 3.989000 0.240000 14.099000 1460935.182000 449170.736000 13.214780 80.530869 0.000000 -32.768002 -32.768002 -32.768002 0.000000 0.000000
22:39:47 0.400000 0.000000 0.000000 0.000000 104.598999 327.429993 3.989000 -1.590000 14.099000 1460935.182000 449170.736000 13.214780 80.530869 0.000000 -32.768002 -32.768002 -32.768002 0.000000 0.000000
22:39:48 0.300000 0.000000 0.000000 0.000000 104.598999 327.429993 3.989000 -1.590000 14.099000 1460935.182000 449170.736000 13.214780 80.530869 0.000000 -32.768002 -32.768002 -32.768002 0.000000 0.000000
22:39:50 0.300000 0.000000 0.000000 0.000000 104.598999 327.070007 3.989000 -0.300000 14.099000 1460935.182000 449170.736000 13.214780 80.530869 0.000000 -32.768002 -32.768002 -32.768002 0.000000 0.000000
22:39:51 0.300000 0.000000 0.000000 0.000000 104.598999 327.070007 3.989000 -0.300000 14.099000 1460935.182000 449170.736000 13.214780 80.530869 0.000000 -32.768002 -32.768002 -32.768002 0.000000 0.000000
22:39:53 0.300000 0.000000 0.000000 0.000000 104.598999 327.109985 3.989000 -0.960000 14.099000 0.005000 0.004000 13.214780 80.530869 0.000000 -32.768002 -32.768002 -32.768002 0.000000 0.000000
22:39:55 0.300000 0.000000 0.000000 0.000000 104.598999 327.109985 3.989000 -0.960000 14.099000 1460935.182000 449170.736000 13.214780 80.530869 0.000000 -32.768002 -32.768002 -32.768002 0.000000 0.000000
22:39:56 0.400000 0.000000 0.000000 0.000000 104.598999 327.109985 3.989000 -0.960000 14.099000 1460935.182000 449170.736000 13.214780 80.530869 0.000000 -32.768002 -32.768002 -32.768002 0.000000 0.000000
22:39:57 0.300000 0.000000 0.000000 0.000000 104.598999 327.380005 3.989000 -0.190000 14.099000 1460935.182000 449170.736000 13.214780 80.530869 0.000000 -32.768002 -32.768002 -32.768002 0.000000 0.000000
