22:51:11 0.300000 0.000000 0.000000 0.000000 104.598999 322.690002 3.989000 -1.120000 14.099000 1460935.182000 449170.736000 13.214780 80.530869 0.000000 0.000000 0.000000 0.000000 0.000000 0.000000
22:51:12 0.300000 0.000000 0.000000 0.000000 104.598999 322.690002 3.989000 -1.120000 14.099000 1460935.182000 449170.736000 13.214780 80.530869 0.000000 -32.768002 -32.768002 -32.768002 0.000000 0.000000
22:51:13 0.300000 0.000000 0.000000 0.000000 104.598999 322.690002 3.989000 -1.120000 14.099000 1460935.182000 449170.736000 13.214780 80.530869 0.000000 -32.768002 -32.768002 -32.768002 0.000000 0.000000
22:51:14 0.400000 0.000000 0.000000 0.000000 104.598999 322.510010 3.989000 -0.250000 14.099000 1460935.182000 449170.736000 13.214780 80.530869 0.000000 -32.768002 -32.768002 -32.768002 0.000000 0.000000
22:51:15 0.300000 0.000000 0.000000 0.000000 104.598999 322.549988 3.989000 -0.670000 14.099000 1460935.182000 449170.736000 13.214780 80.530869 0.000000 -32.768002 -32.768002 -32.768002 0.000000 0.000000
22:51:17 0.400000 0.000000 0.000000 0.000000 104.598999 322.929993 3.989000 -0.800000 14.099000 1460935.182000 449170.736000 13.214780 80.530869 0.000000 -32.768002 -32.768002 -32.768002 0.000000 0.000000
22:51:18 0.300000 0.000000 0.000000 0.000000 104.598999 322.929993 3.989000 -0.800000 14.099000 1460935.182000 449170.736000 13.214780 80.530869 0.000000 -32.768002 -32.768002 -32.768002 0.000000 0.000000
22:51:19 0.300000 0.000000 0.000000 0.000000 104.598999 322.929993 3.989000 -0.800000 14.099000 1460935.182000 449170.736000 13.214780 80.530869 0.000000 -32.768002 -32.768002 -32.768002 0.000000 0.000000
22:51:20 0.300000 0.000000 0.000000 0.000000 104.598999 322.929993 3.989000 -0.800000 14.099000 1460935.182000 449170.736000 13.214780 80.530869 0.000000 -32.768002 -32.768002 -32.768002 0.000000 0.000000
22:51:22 0.300000 0.000000 0.000000 0.000000 104.598999 322.470001 3.989000 -0.740000 14.099000 1460935.182000 449170.736000 13.214780 80.530869 0.000000 -32.768002 -32.768002 -32.768002 0.000000 0.000000
22:51:23 0.300000 0.000000 0.000000 0.000000 104.598999 322.470001 3.989000 -0.740000 14.099000 1460935.182000 449170.736000 13.214780 80.530869 0.000000 -32.768002 -32.768002 -32.768002 0.000000 0.000000
22:51:24 0.300000 0.000000 0.000000 0.000000 104.598999 322.809998 3.989000 0.740000 14.099000 1460935.182000 449170.736000 13.214780 80.530869 0.000000 -32.768002 -32.768002 -32.768002 0.000000 0.000000
22:51:25 0.300000 0.000000 0.000000 0.000000 104.598999 323.179993 3.989000 0.370000 14.099000 1460935.182000 449170.736000 13.214780 80.530869 0.000000 -32.768002 -32.768002 -32.768002 0.000000 0.000000
22:51:27 0.400000 0.000000 0.000000 0.000000 104.598999 323.540009 3.989000 -2.180000 14.099000 0.005000 0.004000 13.214780 80.530869 0.000000 -32.768002 -32.768002 -32.768002 0.000000 0.000000
22:51:28 0.400000 0.000000 0.000000 0.000000 104.598999 323.540009 3.989000 -2.180000 14.099000 1460935.182000 449170.736000 13.214780 80.530869 0.000000 -32.768002 -32.768002 -32.768002 0.000000 0.000000
22:51:29 0.400000 0.000000 0.000000 0.000000 104.598999 323.540009 3.989000 -2.180000 14.099000 0.005000 0.004000 13.214780 80.530869 0.000000 -32.768002 -32.768002 -32.768002 0.000000 0.000000
22:51:30 0.400000 0.000000 0.000000 0.000000 104.598999 323.540009 3.989000 -2.180000 14.099000 1460935.182000 449170.736000 13.214780 80.530869 0.000000 -32.768002 -32.768002 -32.768002 0.000000 0.000000
22:51:32 0.300000 0.000000 0.000000 0.000000 104.598999 323.019989 3.989000 1.120000 14.099000 0.005000 0.004000 13.214780 80.530869 0.000000 -32.768002 -32.768002 -32.768002 0.000000 0.000000
22:51:34 0.400000 0.000000 0.000000 0.000000 104.598999 323.019989 3.989000 1.120000 14.099000 1460935.182000 449170.736000 13.214780 80.530869 0.000000 -32.768002 -32.768002 -32.768002 0.000000 0.000000
22:51:35 0.300000 0.000000 0.000000 0.000000 104.598999 323.019989 3.989000 1.120000 14.099000 1460935.182000 449170.736000 13.214780 80.530869 0.000000 -32.768002 -32.768002 -32.768002 0.000000 0.000000
22:51:36 0.300000 0.000000 0.000000 0.000000 104.598999 323.559998 3.989000 -2.520000 14.099000 1460935.182000 449170.736000 13.214780 80.530869 0.000000 -32.768002 -32.768002 -32.768002 0.000000 0.000000
22:51:38 0.300000 0.000000 0.000000 0.000000 104.598999 323.019989 3.989000 -0.250000 14.099000 1460935.182000 449170.736000 13.214780 80.530869 0.000000 -32.768002 -32.768002 -32.768002 0.000000 0.000000
22:51:39 0.300000 0.000000 0.000000 0.000000 104.598999 323.019989 3.989000 -0.250000 14.099000 1460935.182000 449170.736000 13.214780 80.530869 0.000000 -32.768002 -32.768002 -32.768002 0.000000 0.000000
22:51:40 0.300000 0.000000 0.000000 0.000000 104.598999 323.019989 3.989000 -0.250000 14.099000 1460935.182000 449170.736000 13.214780 80.530869 0.000000 -32.768002 -32.768002 -32.768002 0.000000 0.000000
22:51:41 0.400000 0.000000 0.000000 0.000000 104.598999 323.019989 3.989000 -0.250000 14.099000 1460935.182000 449170.736000 13.214780 80.530869 0.000000 -32.768002 -32.768002 -32.768002 0.000000 0.000000
22:51:43 0.400000 0.000000 0.000000 0.000000 104.598999 322.959991 3.989000 -1.380000 14.099000 1460935.182000 449170.736000 13.214780 80.530869 0.000000 -32.768002 -32.768002 -32.768002 0.000000 0.000000
22:51:45 0.400000 0.000000 0.000000 0.000000 104.598999 322.899994 3.989000 -0.970000 14.099000 1460935.182000 449170.736000 13.214780 80.530869 0.000000 -32.768002 -32.768002 -32.768002 0.000000 0.000000
22:51:46 0.300000 0.000000 0.000000 0.000000 104.598999 322.660004 3.989000 -0.500000 14.099000 0.005000 0.004000 13.214780 80.530869 0.000000 -32.768002 -32.768002 -32.768002 0.000000 0.000000
22:51:48 0.300000 0.000000 0.000000 0.000000 104.598999 322.549988 3.989000 -1.040000 14.099000 1460935.182000 449170.736000 13.214780 80.530869 0.000000 -32.768002 -32.768002 -32.768002 0.000000 0.000000
22:51:49 0.300000 0.000000 0.000000 0.000000 104.598999 322.549988 3.989000 -1.040000 14.099000 1460935.182000 449170.736000 13.214780 80.530869 0.000000 -32.768002 -32.768002 -32.768002 0.000000 0.000000
22:51:50 0.400000 0.000000 0.000000 0.000000 104.598999 322.549988 3.989000 -1.040000 14.099000 1460935.182000 449170.736000 13.214780 80.530869 0.000000 -32.768002 -32.768002 -32.768002 0.000000 0.000000
22:51:51 0.300000 0.000000 0.000000 0.000000 104.598999 322.549988 3.989000 -1.040000 14.099000 1460935.182000 449170.736000 13.214780 80.530869 0.000000 -32.768002 -32.768002 -32.768002 0.000000 0.000000
22:51:53 0.400000 0.000000 0.000000 0.000000 104.598999 322.410004 3.989000 -0.730000 14.099000 1460935.182000 449170.736000 13.214780 80.530869 0.000000 -32.768002 -32.768002 -32.768002 0.000000 0.000000
22:51:55 0.300000 0.000000 0.000000 0.000000 104.598999 322.380005 3.989000 -0.340000 14.099000 1460935.182000 449170.736000 13.214780 80.530869 0.000000 -32.768002 -32.768002 -32.768002 0.000000 0.000000
22:51:56 0.300000 0.000000 0.000000 0.000000 104.598999 322.380005 3.989000 -0.340000 14.099000 1460935.182000 449170.736000 13.214780 80.530869 0.000000 -32.768002 -32.768002 -32.768002 0.000000 0.000000
22:51:57 0.400000 0.000000 0.000000 0.000000 104.598999 322.390015 3.989000 -1.180000 14.099000 1460935.182000 449170.736000 13.214780 80.530869 0.000000 -32.768002 -32.768002 -32.768002 0.000000 0.000000
22:51:58 0.300000 0.000000 0.000000 0.000000 104.598999 322.390015 3.989000 -1.180000 14.099000 1460935.182000 449170.736000 13.214780 80.530869 0.000000 -32.768002 -32.768002 -32.768002 0.000000 0.000000
22:52:00 0.300000 0.000000 0.000000 0.000000 104.598999 322.500000 3.989000 -0.450000 14.099000 1460935.182000 449170.736000 13.214780 80.530869 0.000000 -32.768002 -32.768002 -32.768002 0.000000 0.000000
22:52:01 0.300000 0.000000 0.000000 0.000000 104.598999 322.500000 3.989000 -0.450000 14.099000 1460935.182000 449170.736000 13.214780 80.530869 0.000000 -32.768002 -32.768002 -32.768002 0.000000 0.000000
22:52:02 0.400000 0.000000 0.000000 0.000000 104.598999 322.500000 3.989000 -0.450000 14.099000 1460935.182000 449170.736000 13.214780 80.530869 0.000000 -32.768002 -32.768002 -32.768002 0.000000 0.000000
22:52:03 0.300000 0.000000 0.000000 0.000000 104.598999 322.500000 3.989000 -0.450000 14.099000 1460935.182000 449170.736000 13.214780 80.530869 0.000000 -32.768002 -32.768002 -32.768002 0.000000 0.000000
22:52:05 0.300000 0.000000 0.000000 0.000000 104.598999 322.500000 3.989000 -0.450000 14.099000 1460935.182000 449170.736000 13.214780 80.530869 0.000000 -32.768002 -32.768002 -32.768002 0.000000 0.000000
22:52:06 0.300000 0.000000 0.000000 0.000000 104.598999 322.500000 3.989000 -0.450000 14.099000 1460935.182000 449170.736000 13.214780 80.530869 0.000000 -32.768002 -32.768002 -32.768002 0.000000 0.000000
22:52:07 0.300000 0.000000 0.000000 0.000000 104.598999 322.799988 3.989000 -0.620000 14.099000 1460935.182000 449170.736000 13.214780 80.530869 0.000000 -32.768002 -32.768002 -32.768002 0.000000 0.000000
22:52:08 0.300000 0.000000 0.000000 0.000000 104.598999 322.799988 3.989000 -0.620000 14.099000 1460935.182000 449170.736000 13.214780 80.530869 0.000000 -32.768002 -32.768002 -32.768002 0.000000 0.000000
22:52:10 0.300000 0.000000 0.000000 0.000000 104.598999 322.739990 3.989000 0.310000 14.099000 0.005000 0.004000 13.214780 80.530869 0.000000 -32.768002 -32.768002 -32.768002 0.000000 0.000000
22:52:11 0.300000 0.000000 0.000000 0.000000 104.598999 322.739990 3.989000 0.310000 14.099000 1460935.182000 449170.736000 13.214780 80.530869 0.000000 -32.768002 -32.768002 -32.768002 0.000000 0.000000
22:52:12 0.300000 0.000000 0.000000 0.000000 104.598999 322.739990 3.989000 0.310000 14.099000 1460935.182000 449170.736000 13.214780 80.530869 0.000000 -32.768002 -32.768002 -32.768002 0.000000 0.000000
22:52:13 0.300000 0.000000 0.000000 0.000000 104.598999 322.739990 3.989000 0.310000 14.099000 1460935.182000 449170.736000 13.214780 80.530869 0.000000 -32.768002 -32.768002 -32.768002 0.000000 0.000000
22:52:14 0.400000 0.000000 0.000000 0.000000 104.598999 323.369995 3.989000 -1.850000 14.099000 1460935.182000 449170.736000 13.214780 80.530869 0.000000 -32.768002 -32.768002 -32.768002 0.000000 0.000000
22:52:16 0.300000 0.000000 0.000000 0.000000 104.598999 323.369995 3.989000 -1.850000 14.099000 1460935.182000 449170.736000 13.214780 80.530869 0.000000 -32.768002 -32.768002 -32.768002 0.000000 0.000000
22:52:17 0.400000 0.000000 0.000000 0.000000 104.598999 322.790009 3.989000 0.400000 14.099000 1460935.182000 449170.736000 13.214780 80.530869 0.000000 -32.768002 -32.768002 -32.768002 0.000000 0.000000
22:52:18 0.300000 0.000000 0.000000 0.000000 104.598999 322.790009 3.989000 0.400000 14.099000 1460935.182000 449170.736000 13.214780 80.530869 0.000000 -32.768002 -32.768002 -32.768002 0.000000 0.000000
22:52:19 0.300000 0.000000 0.000000 0.000000 104.598999 322.790009 3.989000 0.400000 14.099000 1460935.182000 449170.736000 13.214780 80.530869 0.000000 -32.768002 -32.768002 -32.768002 0.000000 0.000000
22:52:21 0.400000 0.000000 0.000000 0.000000 104.598999 323.010010 3.989000 -1.140000 14.099000 1460935.182000 449170.736000 13.214780 80.530869 0.000000 -32.768002 -32.768002 -32.768002 0.000000 0.000000
22:52:22 0.400000 0.000000 0.000000 0.000000 104.598999 323.010010 3.989000 -1.140000 14.099000 1460935.182000 449170.736000 13.214780 80.530869 0.000000 -32.768002 -32.768002 -32.768002 0.000000 0.000000
22:52:23 0.400000 0.000000 0.000000 0.000000 104.598999 323.010010 3.989000 -1.140000 14.099000 1460935.182000 449170.736000 13.214780 80.530869 0.000000 -32.768002 -32.768002 -32.768002 0.000000 0.000000
22:52:24 0.300000 0.000000 0.000000 0.000000 104.598999 322.709991 3.989000 -0.780000 14.099000 1460935.182000 449170.736000 13.214780 80.530869 0.000000 -32.768002 -32.768002 -32.768002 0.000000 0.000000
22:52:26 0.300000 0.000000 0.000000 0.000000 104.598999 322.709991 3.989000 -0.780000 14.099000 1460935.182000 449170.736000 13.214780 80.530869 0.000000 -32.768002 -32.768002 -32.768002 0.000000 0.000000
22:52:27 0.300000 0.000000 0.000000 0.000000 104.598999 322.760010 3.989000 -0.590000 14.099000 1460935.182000 449170.736000 13.214780 80.530869 0.000000 -32.768002 -32.768002 -32.768002 0.000000 0.000000
22:52:28 0.300000 0.000000 0.000000 0.000000 104.598999 322.760010 3.989000 -0.590000 14.099000 1460935.182000 449170.736000 13.214780 80.530869 0.000000 -32.768002 -32.768002 -32.768002 0.000000 0.000000
22:52:29 0.400000 0.000000 0.000000 0.000000 104.598999 322.760010 3.989000 -0.590000 14.099000 1460935.182000 449170.736000 13.214780 80.530869 0.000000 -32.768002 -32.768002 -32.768002 0.000000 0.000000
22:52:31 0.300000 0.000000 0.000000 0.000000 104.598999 322.489990 3.989000 0.000000 14.099000 1460935.182000 449170.736000 13.214780 80.530869 0.000000 -32.768002 -32.768002 -32.768002 0.000000 0.000000
22:52:32 0.300000 0.000000 0.000000 0.000000 104.598999 322.489990 3.989000 0.000000 14.099000 1460935.182000 449170.736000 13.214780 80.530869 0.000000 -32.768002 -32.768002 -32.768002 0.000000 0.000000
22:52:33 0.300000 0.000000 0.000000 0.000000 104.598999 322.489990 3.989000 0.000000 14.099000 1460935.182000 449170.736000 13.214780 80.530869 0.000000 -32.768002 -32.768002 -32.768002 0.000000 0.000000
22:52:34 0.300000 0.000000 0.000000 0.000000 104.598999 322.559998 3.989000 -0.900000 14.099000 1460935.182000 449170.736000 13.214780 80.530869 0.000000 -32.768002 -32.768002 -32.768002 0.000000 0.000000
22:52:36 0.300000 0.000000 0.000000 0.000000 104.598999 322.559998 3.989000 -0.900000 14.099000 0.005000 0.004000 13.214780 80.530869 0.000000 -32.768002 -32.768002 -32.768002 0.000000 0.000000
22:52:37 0.300000 0.000000 0.000000 0.000000 104.598999 322.720001 3.989000 -1.620000 14.099000 1460935.182000 449170.736000 13.214780 80.530869 0.000000 -32.768002 -32.768002 -32.768002 0.000000 0.000000
22:52:38 0.300000 0.000000 0.000000 0.000000 104.598999 322.720001 3.989000 -1.620000 14.099000 1460935.182000 449170.736000 13.214780 80.530869 0.000000 -32.768002 -32.768002 -32.768002 0.000000 0.000000
22:52:39 0.400000 0.000000 0.000000 0.000000 104.598999 322.720001 3.989000 -1.620000 14.099000 1460935.182000 449170.736000 13.214780 80.530869 0.000000 -32.768002 -32.768002 -32.768002 0.000000 0.000000
22:52:41 0.300000 0.000000 0.000000 0.000000 104.598999 322.779999 3.989000 -0.350000 14.099000 1460935.182000 449170.736000 13.214780 80.530869 0.000000 -32.768002 -32.768002 -32.768002 0.000000 0.000000
22:52:42 0.300000 0.000000 0.000000 0.000000 104.598999 322.779999 3.989000 -0.350000 14.099000 1460935.182000 449170.736000 13.214780 80.530869 0.000000 -32.768002 -32.768002 -32.768002 0.000000 0.000000
22:52:43 0.300000 0.000000 0.000000 0.000000 104.598999 322.779999 3.989000 -0.350000 14.099000 1460935.182000 449170.736000 13.214780 80.530869 0.000000 -32.768002 -32.768002 -32.768002 0.000000 0.000000
22:52:44 0.400000 0.000000 0.000000 0.000000 104.598999 322.950012 3.989000 -1.290000 14.099000 1460935.182000 449170.736000 13.214780 80.530869 0.000000 -32.768002 -32.768002 -32.768002 0.000000 0.000000
22:52:45 0.300000 0.000000 0.000000 0.000000 104.598999 322.790009 3.989000 -1.100000 14.099000 1460935.182000 449170.736000 13.214780 80.530869 0.000000 -32.768002 -32.768002 -32.768002 0.000000 0.000000
22:52:47 0.300000 0.000000 0.000000 0.000000 104.598999 322.420013 3.989000 -0.330000 14.099000 1460935.182000 449170.736000 13.214780 80.530869 0.000000 -32.768002 -32.768002 -32.768002 0.000000 0.000000
22:52:48 0.300000 0.000000 0.000000 0.000000 104.598999 322.420013 3.989000 -0.330000 14.099000 1460935.182000 449170.736000 13.214780 80.530869 0.000000 -32.768002 -32.768002 -32.768002 0.000000 0.000000
22:52:49 0.300000 0.000000 0.000000 0.000000 104.598999 322.420013 3.989000 -0.330000 14.099000 1460935.182000 449170.736000 13.214780 80.530869 0.000000 -32.768002 -32.768002 -32.768002 0.000000 0.000000
22:52:50 0.400000 0.000000 0.000000 0.000000 104.598999 322.420013 3.989000 -0.330000 14.099000 1460935.182000 449170.736000 13.214780 80.530869 0.000000 -32.768002 -32.768002 -32.768002 0.000000 0.000000
22:52:52 0.300000 0.000000 0.000000 0.000000 104.598999 322.890015 3.989000 -1.040000 14.099000 1460935.182000 449170.736000 13.214780 80.530869 0.000000 -32.768002 -32.768002 -32.768002 0.000000 0.000000
22:52:53 0.300000 0.000000 0.000000 0.000000 104.598999 322.890015 3.989000 -1.040000 14.099000 1460935.182000 449170.736000 13.214780 80.530869 0.000000 -32.768002 -32.768002 -32.768002 0.000000 0.000000
22:52:54 0.300000 0.000000 0.000000 0.000000 104.598999 322.619995 3.989000 -1.970000 14.099000 0.005000 0.004000 13.214780 80.530869 0.000000 -32.768002 -32.768002 -32.768002 0.000000 0.000000
22:52:55 0.400000 0.000000 0.000000 0.000000 104.598999 322.329987 3.989000 -1.610000 14.099000 1460935.182000 449170.736000 13.214780 80.530869 0.000000 -32.768002 -32.768002 -32.768002 0.000000 0.000000
22:52:57 0.400000 0.000000 0.000000 0.000000 104.598999 322.140015 3.989000 0.540000 14.099000 1460935.182000 449170.736000 13.214780 80.530869 0.000000 -32.768002 -32.768002 -32.768002 0.000000 0.000000
22:52:58 0.400000 0.000000 0.000000 0.000000 104.598999 322.140015 3.989000 0.540000 14.099000 1460935.182000 449170.736000 13.214780 80.530869 0.000000 -32.768002 -32.768002 -32.768002 0.000000 0.000000
22:52:59 0.300000 0.000000 0.000000 0.000000 104.598999 322.140015 3.989000 0.540000 14.099000 0.005000 0.004000 13.214780 80.530869 0.000000 -32.768002 -32.768002 -32.768002 0.000000 0.000000
22:53:00 0.300000 0.000000 0.000000 0.000000 104.598999 322.140015 3.989000 0.540000 14.099000 1460935.182000 449170.736000 13.214780 80.530869 0.000000 -32.768002 -32.768002 -32.768002 0.000000 0.000000
22:53:02 0.400000 0.000000 0.000000 0.000000 104.598999 322.399994 3.989000 -1.930000 14.099000 1460935.182000 449170.736000 13.214780 80.530869 0.000000 -32.768002 -32.768002 -32.768002 0.000000 0.000000
22:53:03 0.300000 0.000000 0.000000 0.000000 104.598999 322.399994 3.989000 -1.930000 14.099000 1460935.182000 449170.736000 13.214780 80.530869 0.000000 -32.768002 -32.768002 -32.768002 0.000000 0.000000
22:53:04 0.400000 0.000000 0.000000 0.000000 104.598999 322.130005 3.989000 -0.180000 14.099000 1460935.182000 449170.736000 13.214780 80.530869 0.000000 -32.768002 -32.768002 -32.768002 0.000000 0.000000
22:53:05 0.300000 0.000000 0.000000 0.000000 104.598999 321.980011 3.989000 0.420000 14.099000 1460935.182000 449170.736000 13.214780 80.530869 0.000000 -32.768002 -32.768002 -32.768002 0.000000 0.000000
22:53:07 0.300000 0.000000 0.000000 0.000000 104.598999 322.029999 3.989000 -0.820000 14.099000 1460935.182000 449170.736000 13.214780 80.530869 0.000000 -32.768002 -32.768002 -32.768002 0.000000 0.000000
22:53:08 0.300000 0.000000 0.000000 0.000000 104.598999 322.029999 3.989000 -0.820000 14.099000 1460935.182000 449170.736000 13.214780 80.530869 0.000000 -32.768002 -32.768002 -32.768002 0.000000 0.000000
22:53:09 0.400000 0.000000 0.000000 0.000000 104.598999 322.029999 3.989000 -0.820000 14.099000 0.005000 0.004000 13.214780 80.530869 0.000000 -32.768002 -32.768002 -32.768002 0.000000 0.000000
22:53:10 0.300000 0.000000 0.000000 0.000000 104.598999 322.029999 3.989000 -0.820000 14.099000 1460935.182000 449170.736000 13.214780 80.530869 0.000000 -32.768002 -32.768002 -32.768002 0.000000 0.000000
