18:30:42 0.300000 0.000000 3.610000 0.000000 199.595001 0.000000 -0.372000 0.000000 2604412.826000 530956.220000 23.549761 87.303307 0.000000 0.000000 0.000000 0.000000 0.000000 0.000000
18:30:42 0.300000 0.000000 3.610000 0.000000 199.595001 0.000000 -0.372000 0.000000 2604412.826000 530956.220000 23.549761 87.303307 0.000000 0.000000 0.000000 0.000000 0.000000 0.000000
18:30:43 0.300000 0.000000 3.610000 0.000000 199.595001 0.000000 -0.372000 0.000000 2604412.826000 530956.220000 23.549761 87.303307 0.000000 0.000000 0.000000 0.000000 0.000000 0.000000
18:30:43 0.300000 0.000000 3.610000 0.000000 199.595001 0.000000 -0.372000 0.000000 2604412.826000 530956.220000 23.549761 87.303307 0.000000 0.000000 0.000000 0.000000 0.000000 0.000000
18:30:44 0.300000 0.000000 3.610000 0.000000 199.595001 0.000000 -0.372000 0.000000 2604412.826000 530956.220000 23.549761 87.303307 0.000000 0.000000 0.000000 0.000000 0.000000 0.000000
18:30:44 0.300000 0.000000 3.610000 0.000000 199.595001 0.000000 -0.372000 0.000000 2604412.839000 530956.235000 23.549761 87.303307 0.000000 0.000000 0.000000 0.000000 0.000000 0.000000
18:30:44 0.300000 0.000000 3.610000 0.000000 199.595001 0.000000 -0.372000 0.000000 2604412.839000 530956.235000 23.549761 87.303307 0.000000 0.000000 0.000000 0.000000 0.000000 0.000000
18:30:45 0.300000 0.000000 3.610000 0.000000 199.595001 0.000000 -0.372000 0.000000 2604412.839000 530956.235000 23.549761 87.303307 0.000000 0.000000 0.000000 0.000000 0.000000 0.000000
18:30:45 0.300000 0.000000 3.610000 0.000000 199.595001 0.000000 -0.372000 0.000000 2604412.839000 530956.235000 23.549761 87.303307 0.000000 0.000000 0.000000 0.000000 0.000000 0.000000
18:30:46 0.300000 0.000000 3.610000 0.000000 199.595001 0.000000 -0.372000 0.000000 2604412.839000 530956.235000 23.549761 87.303307 0.000000 0.000000 0.000000 0.000000 0.000000 0.000000
18:30:46 0.300000 0.000000 3.610000 0.000000 199.595001 0.000000 -0.372000 0.000000 2604412.855000 530956.261000 23.549761 87.303307 0.000000 0.000000 0.000000 0.000000 0.000000 0.000000
18:30:46 0.300000 0.000000 3.610000 0.000000 199.595001 0.000000 -0.372000 0.000000 2604412.855000 530956.261000 23.549761 87.303307 0.000000 0.000000 0.000000 0.000000 0.000000 0.000000
18:30:47 0.300000 0.000000 3.610000 0.000000 199.595001 0.000000 -0.372000 0.000000 2604412.855000 530956.261000 23.549761 87.303307 0.000000 0.000000 0.000000 0.000000 0.000000 0.000000
18:30:47 0.300000 0.000000 3.610000 0.000000 199.595001 0.000000 -0.372000 0.000000 2604412.855000 530956.261000 23.549761 87.303307 0.000000 0.000000 0.000000 0.000000 0.000000 0.000000
18:30:48 0.300000 0.000000 3.610000 0.000000 199.595001 0.000000 -0.372000 0.000000 2604412.855000 530956.261000 23.549761 87.303307 0.000000 0.000000 0.000000 0.000000 0.000000 0.000000
18:30:48 0.300000 0.000000 3.610000 0.000000 199.595001 0.000000 -0.372000 0.000000 2604412.855000 530956.261000 23.549761 87.303307 0.000000 0.000000 0.000000 0.000000 0.000000 0.000000
