14:32:21 -0.100000 0.000000 0.000000 0.000000 332.158997 18.020000 -0.975000 -2.760000 -0.781000 1465083.203000 449455.511000 13.252292 80.533432 0.000000 0.000000 0.000000 0.000000 0.000000 0.000000
14:32:22 -0.100000 0.000000 104.338997 0.000000 332.158997 10.440000 -0.975000 -1.910000 -0.781000 1465082.875000 449455.702000 13.252292 80.533432 0.000000 0.000000 0.000000 0.000000 0.000000 0.000000
14:32:23 -0.100000 0.000000 0.825000 0.000000 325.367004 10.440000 -4.224000 -1.910000 -8.600000 1465083.125000 449456.050000 13.252291 80.533432 0.000000 0.000000 0.000000 0.000000 0.000000 0.000000
14:32:25 0.000000 0.000000 106.100998 0.000000 320.809998 4.980000 -2.039000 -0.730000 -6.069000 1465083.198000 449456.476000 13.252293 80.533440 0.000000 0.000000 0.000000 0.000000 0.000000 0.000000
14:32:26 0.300000 0.000000 112.540001 0.000000 316.458008 4.980000 -5.342000 -0.730000 -17.056999 1465083.749000 449457.009000 13.252297 80.533440 0.000000 0.000000 0.000000 0.000000 0.000000 0.000000
14:32:28 0.800000 0.000000 0.000000 0.000000 312.321991 357.850006 -12.721000 -15.050000 -28.033001 1465084.891000 449456.981000 13.252308 80.533440 0.000000 0.000000 0.000000 0.000000 0.000000 0.000000
14:32:29 1.000000 0.000000 0.000000 0.000000 311.489990 357.850006 -13.611000 -15.050000 -27.913000 1465086.778000 449456.990000 13.252324 80.533440 0.000000 0.000000 0.000000 0.000000 0.000000 0.000000
14:32:31 1.200000 0.000000 110.800003 0.000000 310.704987 355.519989 -11.919000 -4.550000 -20.628000 1465087.338000 449457.284000 13.252330 80.533447 0.000000 0.000000 0.000000 0.000000 0.000000 0.000000
14:32:32 1.700000 0.000000 102.776001 0.000000 312.885010 355.519989 -11.445000 -4.550000 -8.198800 1465088.817000 449457.776000 13.252343 80.533447 0.000000 0.000000 0.000000 0.000000 0.000000 0.000000
14:32:34 2.200000 0.000000 104.064003 0.000000 315.792999 2.470000 -11.176000 2.340000 -6.651800 1465089.571000 449457.947000 13.252350 80.533455 0.000000 0.000000 0.000000 0.000000 0.000000 0.000000
14:32:35 2.600000 0.000000 101.163002 0.000000 318.032013 2.470000 -8.178000 2.340000 0.788180 1465090.682000 449458.338000 13.252359 80.533455 0.000000 0.000000 0.000000 0.000000 0.000000 0.000000
14:32:37 2.900000 0.000000 100.350998 0.000000 319.877014 5.290000 -8.704000 7.210000 2.518180 1465091.501000 449458.415000 13.252367 80.533455 0.000000 0.000000 0.000000 0.000000 0.000000 0.000000
14:32:39 3.400000 0.000000 99.313004 0.000000 322.438995 7.520000 -9.059000 6.750000 -0.123800 0.003000 0.003800 13.252391 80.533463 0.000000 0.000000 0.000000 0.000000 0.000000 0.000000
14:32:40 3.800000 0.000000 99.063004 0.000000 321.747986 7.520000 -7.144000 6.750000 0.319380 1465095.610000 449459.213000 13.252404 80.533463 0.000000 0.000000 0.000000 0.000000 0.000000 0.000000
14:32:42 4.400000 0.000000 98.913002 0.000000 320.631012 4.820000 -7.203000 7.860000 3.065380 1465096.004000 449459.191000 13.252408 80.533463 0.000000 0.000000 0.000000 0.000000 0.000000 0.000000
14:32:43 4.400000 0.000000 98.813004 0.000000 318.578003 4.820000 -8.456000 7.860000 1.446380 1465097.116000 449459.106000 13.252418 80.533463 0.000000 0.000000 0.000000 0.000000 0.000000 0.000000
14:32:45 5.000000 0.000000 98.288002 0.000000 317.983002 2.760000 -9.232000 8.680000 2.238380 1465098.327000 449459.069000 13.252429 80.533463 0.000000 0.000000 0.000000 0.000000 0.000000 0.000000
14:32:46 5.300000 0.000000 98.125000 0.000000 317.931000 2.760000 -10.454000 8.680000 0.781380 1465100.547000 449458.956000 13.252449 80.533463 0.000000 0.000000 0.000000 0.000000 0.000000 0.000000
14:32:48 5.800000 0.000000 97.974998 0.000000 318.113007 3.190000 -10.513000 8.410000 0.787380 1465101.734000 449458.898000 13.252460 80.533463 0.000000 0.000000 0.000000 0.000000 0.000000 0.000000
14:32:50 6.000000 0.000000 97.925003 0.000000 317.846985 3.120000 -12.011000 9.220000 1.220380 0.003000 0.003800 13.252475 80.533463 0.000000 0.000000 0.000000 0.000000 0.000000 0.000000
14:32:51 6.500000 0.000000 97.362999 0.000000 317.605988 3.120000 -12.645000 9.220000 0.399380 1465104.958000 449458.980000 13.252489 80.533463 0.000000 0.000000 0.000000 0.000000 0.000000 0.000000
14:32:53 6.900000 0.000000 99.263000 0.000000 317.270996 2.900000 -13.107000 10.690000 1.326380 1465105.879000 449459.091000 13.252497 80.533463 0.000000 0.000000 0.000000 0.000000 0.000000 0.000000
14:32:54 7.200000 -11.270000 98.212997 102.570000 317.428009 2.900000 -13.570000 10.690000 1.657380 1465107.159000 449459.099000 13.252510 80.533463 0.000000 -0.093000 0.466000 -0.142000 0.000000 0.000000
14:32:56 7.300000 -11.270000 98.188004 102.570000 318.917999 5.100000 -13.271000 9.810000 0.239380 1465108.407000 449458.902000 13.252520 80.533463 0.000000 -0.093000 0.466000 -0.142000 0.000000 0.000000
14:32:57 7.800000 -11.810000 98.574997 102.309998 322.312988 5.100000 -12.813000 9.810000 -0.653800 1465109.820000 449458.874000 13.252535 80.533463 0.000000 -0.093000 0.466000 -0.142000 0.000000 0.000000
14:32:59 8.200000 -11.810000 98.263000 102.309998 324.937012 11.140000 -13.060000 9.120000 -0.073800 1465111.283000 449458.717000 13.252546 80.533455 0.000000 -0.093000 0.466000 -0.142000 0.000000 0.000000
14:33:00 8.500000 -11.810000 97.550003 102.309998 324.937012 11.140000 -13.060000 9.120000 -0.073800 1465112.699000 449458.821000 13.252562 80.533463 0.000000 -0.093000 0.466000 -0.142000 0.000000 0.000000
14:33:02 8.700000 -11.810000 97.413002 102.309998 333.701996 20.309999 -12.362000 8.590000 -0.754800 1465113.984000 449458.918000 13.252570 80.533463 0.000000 -0.093000 0.466000 -0.142000 0.000000 0.000000
14:33:04 9.300000 -11.810000 98.138000 102.309998 339.199005 26.150000 -13.684000 10.450000 -0.467800 0.003000 0.003800 13.252584 80.533463 0.000000 -0.093000 0.466000 -0.142000 0.000000 0.000000
14:33:05 9.600000 -11.810000 98.462997 102.309998 344.072998 26.150000 -16.200001 10.450000 0.454780 1465116.948000 449459.229000 13.252598 80.533463 0.000000 -0.093000 0.466000 -0.142000 0.000000 0.000000
14:33:07 10.000000 -11.810000 97.837997 102.309998 346.938995 34.299999 -16.658001 11.700000 -0.047800 1465117.957000 449459.305000 13.252609 80.533463 0.000000 -0.093000 0.466000 -0.142000 0.000000 0.000000
14:33:08 10.200000 -11.810000 97.925003 102.309998 350.908997 34.299999 -16.995001 11.700000 -0.149800 1465119.941000 449459.523000 13.252625 80.533463 0.000000 -0.093000 0.466000 -0.142000 0.000000 0.000000
14:33:10 10.400000 -11.810000 97.813004 102.309998 353.428009 40.990002 -17.840000 13.210000 0.146980 1465120.982000 449459.679000 13.252635 80.533470 0.000000 -0.093000 0.466000 -0.142000 0.000000 0.000000
14:33:11 10.800000 -11.810000 98.375000 102.309998 356.276001 40.990002 -17.448999 13.210000 2.339980 1465122.426000 449459.940000 13.252647 80.533470 0.000000 -0.093000 0.466000 -0.142000 0.000000 0.000000
14:33:13 11.200000 -11.810000 97.413002 102.309998 357.441010 44.840000 -17.150999 14.340000 1.945980 1465123.333000 449460.047000 13.252655 80.533470 0.000000 -0.093000 0.466000 -0.142000 0.000000 0.000000
14:33:14 11.500000 -11.810000 97.449997 102.309998 357.441010 44.840000 -17.150999 14.340000 1.945980 1465124.937000 449460.277000 13.252669 80.533470 0.000000 -0.093000 0.466000 -0.142000 0.000000 0.000000
14:33:16 11.600000 -11.810000 97.824997 102.309998 357.871002 45.029999 -18.785999 13.180000 -0.130800 1465125.880000 449460.387000 13.252681 80.533470 0.000000 -0.093000 0.466000 -0.142000 0.000000 0.000000
14:33:18 12.300000 -11.810000 98.112999 102.309998 357.054993 44.380001 -20.221001 17.250000 2.421080 1465127.375000 449460.636000 13.252691 80.533478 0.000000 -0.093000 0.466000 -0.142000 0.000000 0.000000
14:33:19 12.500000 -11.810000 98.112999 102.309998 356.739990 44.380001 -21.129000 17.250000 3.014080 1465128.503000 449460.654000 13.252702 80.533478 0.000000 -0.093000 0.466000 -0.142000 0.000000 0.000000
14:33:21 12.800000 -11.810000 96.650002 102.309998 356.274994 43.259998 -20.473000 16.740000 2.998080 1465129.712000 449460.668000 13.252713 80.533478 0.000000 -0.093000 0.466000 -0.142000 0.000000 0.000000
14:33:22 12.800000 -11.810000 94.675003 102.309998 355.234985 43.259998 -16.905001 16.740000 3.030080 1465131.671000 449460.614000 13.252730 80.533478 0.000000 -0.093000 0.466000 -0.142000 0.000000 0.000000
14:33:24 13.300000 -11.810000 93.449997 102.309998 354.186005 40.160000 -14.313000 13.070000 3.120080 1465132.680000 449460.568000 13.252740 80.533478 0.000000 -0.093000 0.466000 -0.142000 0.000000 0.000000
14:33:25 13.500000 -11.810000 92.849998 102.309998 354.186005 40.160000 -14.313000 13.070000 3.120080 1465134.331000 449460.482000 13.252754 80.533478 0.000000 -0.093000 0.466000 -0.142000 0.000000 0.000000
14:33:27 13.800000 -11.810000 92.061996 102.309998 352.028992 37.959999 -11.094000 9.660000 2.311080 1465135.731000 449460.480000 13.252768 80.533478 0.000000 -0.093000 0.466000 -0.142000 0.000000 0.000000
14:33:28 13.800000 -11.810000 91.774002 102.309998 352.028992 37.959999 -11.094000 9.660000 2.311080 1465138.017000 449460.525000 13.252768 80.533478 0.000000 -0.093000 0.466000 -0.142000 0.000000 0.000000
14:33:30 14.400000 -11.810000 91.436996 102.309998 353.610992 39.470001 -7.368000 8.210000 3.470080 1465139.356000 449460.514000 13.252800 80.533478 0.000000 -0.093000 0.466000 -0.142000 0.000000 0.000000
14:33:32 14.700000 -11.810000 90.848999 102.309998 355.200012 40.900002 -6.794000 7.100000 3.543080 1465141.766000 449460.476000 13.252822 80.533478 0.000000 -0.093000 0.466000 -0.142000 0.000000 0.000000
14:33:33 15.000000 -11.810000 90.399002 102.309998 356.058990 40.900002 -5.570000 7.100000 3.639080 1465143.621000 449460.541000 13.252838 80.533478 0.000000 -0.093000 0.466000 -0.142000 0.000000 0.000000
14:33:35 15.200000 -11.810000 90.162003 102.309998 356.549011 42.360001 -4.802000 6.790000 3.807080 1465144.462000 449460.741000 13.252845 80.533478 0.000000 -0.093000 0.466000 -0.142000 0.000000 0.000000
14:33:36 15.600000 -11.810000 90.037003 102.309998 357.251007 42.360001 -4.902000 6.790000 3.100080 1465145.786000 449461.220000 13.252858 80.533478 0.000000 -0.093000 0.466000 -0.142000 0.000000 0.000000
14:33:38 16.200001 -11.810000 89.887001 102.309998 357.467010 43.360001 -5.135000 6.470000 2.800080 1465146.936000 449461.474000 13.252869 80.533485 0.000000 -0.093000 0.466000 -0.142000 0.000000 0.000000
14:33:39 16.400000 -11.810000 89.711998 102.309998 357.407013 43.360001 -5.923000 6.470000 3.150080 1465148.956000 449461.539000 13.252887 80.533485 0.000000 -0.093000 0.466000 -0.142000 0.000000 0.000000
14:33:41 16.600000 -11.810000 89.237000 102.309998 357.311005 42.919998 -6.848000 7.070000 3.132080 1465150.408000 449461.479000 13.252900 80.533485 0.000000 -0.093000 0.466000 -0.142000 0.000000 0.000000
14:33:42 17.100000 -11.810000 88.624001 102.309998 357.170013 42.919998 -7.221000 7.070000 3.675080 1465152.550000 449461.316000 13.252919 80.533478 0.000000 -0.093000 0.466000 -0.142000 0.000000 0.000000
14:33:44 17.600000 -11.810000 88.249001 102.309998 357.263000 43.049999 -6.676000 7.570000 3.510080 1465153.529000 449461.334000 13.252928 80.533485 0.000000 -0.093000 0.466000 -0.142000 0.000000 0.000000
14:33:45 17.900000 -11.810000 87.973999 102.309998 357.263000 43.049999 -6.676000 7.570000 3.510080 1465154.813000 449461.601000 13.252938 80.533485 0.000000 -0.093000 0.466000 -0.142000 0.000000 0.000000
14:33:47 18.100000 -11.810000 87.649002 102.309998 358.511993 44.389999 -6.609000 7.750000 3.600080 1465155.591000 449461.885000 13.252947 80.533485 0.000000 -0.093000 0.466000 -0.142000 0.000000 0.000000
14:33:49 18.799999 -11.810000 87.236000 102.309998 358.511993 44.939999 -6.609000 7.660000 3.600080 1465157.172000 449462.193000 13.252947 80.533485 0.000000 -0.093000 0.466000 -0.142000 0.000000 0.000000
14:33:50 19.100000 -11.810000 87.036003 102.309998 359.467010 44.939999 -6.526000 7.660000 3.703080 1465159.036000 449462.454000 13.252978 80.533493 0.000000 -0.093000 0.466000 -0.142000 0.000000 0.000000
14:33:52 19.600000 -11.810000 86.573997 102.309998 359.859985 45.759998 -6.524000 7.670000 3.682080 1465160.202000 449462.508000 13.252989 80.533493 0.000000 -0.093000 0.466000 -0.142000 0.000000 0.000000
14:33:53 19.600000 -11.810000 86.323997 102.309998 0.857000 45.759998 -6.707000 7.670000 3.628080 1465161.928000 449462.696000 13.253005 80.533493 0.000000 -0.093000 0.466000 -0.142000 0.000000 0.000000
14:33:55 20.299999 -11.810000 86.036003 102.309998 1.753000 47.919998 -7.021000 8.160000 3.794080 1465163.199000 449462.804000 13.253016 80.533493 0.000000 -0.093000 0.466000 -0.142000 0.000000 0.000000
14:33:56 20.600000 -11.810000 85.611000 102.309998 3.173000 47.919998 -7.651000 8.160000 3.837080 1465165.068000 449462.964000 13.253033 80.533493 0.000000 -0.093000 0.466000 -0.142000 0.000000 0.000000
14:33:58 21.100000 -11.810000 85.036003 102.309998 4.055000 50.290001 -7.956000 8.680000 3.995080 1465166.203000 449463.107000 13.253044 80.533501 0.000000 -0.093000 0.466000 -0.142000 0.000000 0.000000
14:33:59 21.100000 -11.810000 84.810997 102.309998 5.315000 50.290001 -8.120000 8.680000 4.053080 1465167.950000 449463.297000 13.253058 80.533501 0.000000 -0.093000 0.466000 -0.142000 0.000000 0.000000
14:34:01 21.799999 -11.810000 84.310997 102.309998 6.112000 52.430000 -8.182000 9.180000 4.144080 1465168.926000 449463.399000 13.253067 80.533501 0.000000 -0.093000 0.466000 -0.142000 0.000000 0.000000
14:34:03 22.400000 -11.810000 83.886002 102.309998 6.112000 53.740002 -8.182000 9.410000 4.144080 1465170.300000 449463.678000 13.253067 80.533501 0.000000 -0.093000 0.466000 -0.142000 0.000000 0.000000
14:34:04 22.600000 -11.810000 83.911003 102.309998 8.536000 53.740002 -8.525000 9.410000 4.303080 1465172.085000 449464.069000 13.253096 80.533508 0.000000 -0.093000 0.466000 -0.142000 0.000000 0.000000
14:34:06 22.900000 -11.810000 83.460999 102.309998 8.536000 55.840000 -8.525000 9.740000 4.303080 1465173.116000 449464.267000 13.253096 80.533508 0.000000 -0.093000 0.466000 -0.142000 0.000000 0.000000
14:34:08 23.299999 -11.810000 83.036003 102.309998 10.408000 56.950001 -8.686000 9.590000 4.325080 1465175.319000 449464.645000 13.253125 80.533508 0.000000 -0.093000 0.466000 -0.142000 0.000000 0.000000
14:34:09 23.799999 -11.810000 82.672997 102.309998 10.408000 56.950001 -8.686000 9.590000 4.325080 1465177.361000 449464.891000 13.253143 80.533516 0.000000 -0.093000 0.466000 -0.142000 0.000000 0.000000
14:34:10 24.100000 -11.810000 82.447998 102.309998 11.105000 56.950001 -8.439000 9.590000 4.283080 1465178.604000 449465.023000 13.253155 80.533516 0.000000 -0.093000 0.466000 -0.142000 0.000000 0.000000
14:34:12 24.299999 -11.810000 81.585999 102.309998 11.127000 57.380001 -8.305000 9.450000 4.448080 1465179.835000 449465.175000 13.253166 80.533516 0.000000 -0.093000 0.466000 -0.142000 0.000000 0.000000
14:34:14 24.799999 -11.810000 80.930000 102.309998 11.083000 57.299999 -8.075000 9.140000 4.434080 1465181.601000 449465.372000 13.253182 80.533516 0.000000 -0.093000 0.466000 -0.142000 0.000000 0.000000
14:34:15 25.600000 -11.810000 80.547997 102.309998 11.211000 57.599998 -7.604000 9.140000 4.609080 0.003000 0.003500 13.253198 80.533524 0.000000 -0.093000 0.466000 -0.142000 0.000000 0.000000
14:34:17 25.799999 -11.810000 80.334999 102.309998 11.725000 57.599998 -7.379000 9.140000 4.174080 1465184.835000 449466.196000 13.253211 80.533524 0.000000 -0.093000 0.466000 -0.142000 0.000000 0.000000
14:34:18 26.100000 -11.810000 79.785004 102.309998 12.225000 58.849998 -7.569000 9.250000 4.110080 1465186.002000 449466.454000 13.253222 80.533531 0.000000 -0.093000 0.466000 -0.142000 0.000000 0.000000
14:34:20 26.400000 -11.810000 79.572998 102.309998 12.864000 58.849998 -7.992000 9.250000 4.275080 1465188.134000 449466.659000 13.253242 80.533531 0.000000 -0.093000 0.466000 -0.142000 0.000000 0.000000
14:34:22 27.100000 -11.810000 78.697998 102.309998 13.135000 59.529999 -8.049000 9.150000 4.667080 1465189.571000 449466.736000 13.253254 80.533531 0.000000 -0.093000 0.466000 -0.142000 0.000000 0.000000
14:34:23 27.299999 -11.810000 78.309998 102.309998 13.520000 59.529999 -7.791000 9.150000 4.535080 1465191.535000 449466.803000 13.253272 80.533531 0.000000 -0.093000 0.466000 -0.142000 0.000000 0.000000
14:34:25 27.600000 -11.810000 77.769997 102.309998 13.856000 60.369999 -7.653000 9.090000 4.562080 1465192.685000 449466.972000 13.253283 80.533531 0.000000 -0.093000 0.466000 -0.142000 0.000000 0.000000
14:34:26 27.900000 -11.810000 77.570000 102.309998 14.434000 60.369999 -7.783000 9.090000 4.351080 1465194.395000 449467.354000 13.253298 80.533539 0.000000 -0.093000 0.466000 -0.142000 0.000000 0.000000
14:34:28 28.600000 -11.810000 77.160004 102.309998 14.831000 61.490002 -7.898000 9.210000 4.312080 1465195.536000 449467.652000 13.253308 80.533539 0.000000 -0.093000 0.466000 -0.142000 0.000000 0.000000
14:34:29 28.900000 -11.810000 76.709999 102.309998 14.831000 61.490002 -7.898000 9.210000 4.312080 1465197.300000 449468.044000 13.253324 80.533546 0.000000 -0.093000 0.466000 -0.142000 0.000000 0.000000
14:34:31 29.100000 -11.810000 76.296997 102.309998 16.297001 63.169998 -7.836000 9.420000 4.443080 1465198.454000 449468.260000 13.253334 80.533546 0.000000 -0.093000 0.466000 -0.142000 0.000000 0.000000
14:34:32 29.700001 -11.810000 76.209999 102.309998 17.850000 64.930000 -7.965000 9.410000 4.591080 0.003000 0.003800 13.253353 80.533546 0.000000 -0.093000 0.466000 -0.142000 0.000000 0.000000
14:34:34 30.100000 -11.810000 75.647003 102.309998 19.329000 64.930000 -8.023000 9.410000 4.817080 1465202.377000 449468.748000 13.253370 80.533546 0.000000 -0.093000 0.466000 -0.142000 0.000000 0.000000
14:34:35 30.700001 -11.810000 75.110001 102.309998 20.322001 67.449997 -7.938000 9.490000 5.010080 1465203.702000 449468.820000 13.253382 80.533546 0.000000 -0.093000 0.466000 -0.142000 0.000000 0.000000
14:34:37 30.700001 -11.810000 74.747002 102.309998 22.007000 67.449997 -7.796000 9.490000 5.156080 1465205.500000 449469.113000 13.253398 80.533554 0.000000 -0.093000 0.466000 -0.142000 0.000000 0.000000
14:34:39 31.200001 -11.810000 74.171997 102.309998 23.173000 70.610001 -7.862000 9.820000 5.205080 1465206.731000 449469.337000 13.253408 80.533554 0.000000 -0.093000 0.466000 -0.142000 0.000000 0.000000
14:34:40 31.700001 -11.810000 73.779999 102.309998 24.999001 70.610001 -8.141000 9.820000 5.047080 1465208.490000 449469.666000 13.253425 80.533554 0.000000 -0.093000 0.466000 -0.142000 0.000000 0.000000
14:34:42 32.200001 -11.810000 73.209000 102.309998 26.212999 73.750000 -8.285000 9.980000 4.989080 1465209.705000 449469.858000 13.253436 80.533562 0.000000 -0.093000 0.466000 -0.142000 0.000000 0.000000
14:34:43 32.200001 -11.810000 72.734001 102.309998 28.006001 73.750000 -8.295000 9.980000 5.714080 1465211.555000 449470.138000 13.253453 80.533562 0.000000 -0.093000 0.466000 -0.142000 0.000000 0.000000
14:34:45 32.700001 -11.810000 72.296997 102.309998 29.186001 76.879997 -8.284000 10.280000 5.601080 1465212.711000 449470.293000 13.253464 80.533562 0.000000 -0.093000 0.466000 -0.142000 0.000000 0.000000
14:34:46 33.099998 -36.740002 72.209000 77.250000 29.186001 76.879997 -8.284000 10.280000 5.601080 1465214.454000 449470.642000 13.253464 80.533562 0.000000 0.065000 0.521000 -0.205000 0.000000 0.000000
14:34:48 33.599998 -36.740002 71.558998 77.250000 31.775999 79.559998 -8.245000 9.880000 4.904080 1465215.693000 449470.887000 13.253490 80.533569 0.000000 0.065000 0.521000 -0.205000 0.000000 0.000000
14:34:49 33.799999 -36.740002 71.009003 77.250000 33.431000 81.349998 -8.083000 9.440000 4.643080 0.004000 0.003000 13.253509 80.533569 0.000000 0.065000 0.521000 -0.205000 0.000000 0.000000
14:34:51 34.099998 -36.740002 70.546997 77.250000 35.166000 81.349998 -7.849000 9.440000 5.557080 1465219.609000 449471.406000 13.253526 80.533569 0.000000 0.065000 0.521000 -0.205000 0.000000 0.000000
14:34:52 34.900002 -36.740002 71.446999 77.250000 36.355000 84.470001 -7.739000 9.840000 5.557080 1465220.815000 449471.574000 13.253537 80.533577 0.000000 0.065000 0.521000 -0.205000 0.000000 0.000000
14:34:54 35.099998 -36.740002 71.183998 77.250000 37.794998 84.470001 -7.647000 9.840000 5.552080 1465222.608000 449471.984000 13.253553 80.533577 0.000000 0.065000 0.521000 -0.205000 0.000000 0.000000
14:34:56 35.299999 -36.740002 70.734001 77.250000 38.549999 86.629997 -7.594000 9.630000 5.200080 1465223.834000 449472.262000 13.253564 80.533585 0.000000 0.065000 0.521000 -0.205000 0.000000 0.000000
14:34:57 35.599998 -36.740002 70.334000 77.250000 39.395000 86.629997 -7.492000 9.630000 4.785080 1465225.788000 449472.660000 13.253582 80.533585 0.000000 0.065000 0.521000 -0.205000 0.000000 0.000000
14:34:59 36.299999 -36.740002 69.634003 77.250000 39.708000 87.570000 -7.363000 9.170000 5.047080 1465227.122000 449472.932000 13.253593 80.533585 0.000000 0.065000 0.521000 -0.205000 0.000000 0.000000
14:35:00 36.599998 -36.740002 69.283997 77.250000 39.708000 87.570000 -7.363000 9.170000 5.047080 1465229.091000 449473.403000 13.253612 80.533592 0.000000 0.065000 0.521000 -0.205000 0.000000 0.000000
14:35:02 36.799999 -36.740002 68.820999 77.250000 39.761002 87.599998 -6.997000 9.050000 5.216080 1465230.339000 449473.774000 13.253623 80.533592 0.000000 0.065000 0.521000 -0.205000 0.000000 0.000000
14:35:03 37.299999 -36.740002 68.320999 77.250000 39.844002 87.750000 -6.870000 8.920000 4.746080 0.004000 0.003300 13.253641 80.533600 0.000000 0.065000 0.521000 -0.205000 0.000000 0.000000
14:35:05 37.799999 -36.740002 68.246002 77.250000 40.194000 87.750000 -6.789000 8.920000 5.297080 1465234.107000 449475.065000 13.253657 80.533607 0.000000 0.065000 0.521000 -0.205000 0.000000 0.000000
14:35:06 38.299999 -36.740002 67.496002 77.250000 40.472000 88.449997 -6.705000 9.050000 5.303080 1465235.357000 449475.440000 13.253668 80.533607 0.000000 0.065000 0.521000 -0.205000 0.000000 0.000000
14:35:08 38.299999 -36.740002 67.346001 77.250000 41.000999 88.449997 -6.555000 9.050000 5.463080 1465237.313000 449475.981000 13.253686 80.533615 0.000000 0.065000 0.521000 -0.205000 0.000000 0.000000
14:35:10 38.799999 -42.430000 67.121002 71.029999 41.445999 89.620003 -6.494000 8.620000 4.807080 1465238.646000 449476.332000 13.253698 80.533615 0.000000 0.127000 0.604000 -0.224000 0.000000 0.000000
14:35:11 39.299999 -42.430000 67.070999 71.029999 42.317001 89.620003 -6.461000 8.620000 5.636080 1465240.751000 449476.861000 13.253717 80.533623 0.000000 0.127000 0.604000 -0.224000 0.000000 0.000000
14:35:13 39.700001 -42.430000 66.820999 71.029999 43.006001 91.330002 -6.479000 8.790000 5.384080 1465242.150000 449477.200000 13.253730 80.533630 0.000000 0.127000 0.604000 -0.224000 0.000000 0.000000
14:35:14 40.000000 -42.430000 66.570999 71.029999 43.006001 91.330002 -6.479000 8.790000 5.384080 1465244.241000 449477.741000 13.253749 80.533630 0.000000 0.127000 0.604000 -0.224000 0.000000 0.000000
14:35:16 40.200001 -42.430000 66.045998 71.029999 45.412998 94.080002 -6.364000 8.450000 5.014080 1465245.584000 449478.082000 13.253760 80.533638 0.000000 0.127000 0.604000 -0.224000 0.000000 0.000000
14:35:17 40.700001 -42.430000 65.758003 71.029999 45.412998 94.080002 -6.364000 8.450000 5.014080 1465247.501000 449478.631000 13.253760 80.533638 0.000000 0.127000 0.604000 -0.224000 0.000000 0.000000
14:35:19 41.200001 -42.430000 65.333000 71.029999 48.890999 97.889999 -5.870000 8.280000 5.303080 1465248.765000 449478.991000 13.253790 80.533646 0.000000 0.127000 0.604000 -0.224000 0.000000 0.000000
14:35:20 41.400002 -42.430000 64.958000 71.029999 51.199001 100.230003 -5.662000 8.240000 5.285080 0.004000 0.003800 13.253808 80.533646 0.000000 0.127000 0.604000 -0.224000 0.000000 0.000000
14:35:22 41.700001 -42.430000 64.846001 71.029999 52.919998 100.230003 -5.690000 8.240000 4.736080 1465252.682000 449480.211000 13.253825 80.533653 0.000000 0.127000 0.604000 -0.224000 0.000000 0.000000
14:35:23 42.200001 -42.430000 64.445999 71.029999 53.948002 102.980003 -5.731000 8.070000 4.883080 1465254.043000 449480.502000 13.253838 80.533653 0.000000 0.127000 0.604000 -0.224000 0.000000 0.000000
14:35:25 42.700001 -42.430000 64.221001 71.029999 55.466000 102.980003 -5.713000 8.070000 5.345080 1465256.029000 449480.956000 13.253856 80.533661 0.000000 0.127000 0.604000 -0.224000 0.000000 0.000000
14:35:27 43.200001 -42.430000 63.796001 71.029999 56.549000 105.720001 -5.743000 8.400000 5.415080 1465257.417000 449481.176000 13.253868 80.533661 0.000000 0.127000 0.604000 -0.224000 0.000000 0.000000
14:35:28 43.200001 -46.810001 63.382999 66.110001 58.187000 105.720001 -5.967000 8.400000 5.560080 1465259.306000 449481.710000 13.253885 80.533669 0.000000 0.156000 0.508000 -0.304000 0.000000 0.000000
14:35:30 43.700001 -46.810001 62.908001 66.110001 59.245998 108.489998 -6.151000 8.800000 5.602080 1465260.494000 449482.086000 13.253896 80.533669 0.000000 0.156000 0.508000 -0.304000 0.000000 0.000000
14:35:31 44.200001 -46.810001 62.708000 66.110001 59.245998 108.489998 -6.151000 8.800000 5.602080 1465262.189000 449482.713000 13.253896 80.533669 0.000000 0.156000 0.508000 -0.304000 0.000000 0.000000
14:35:33 44.700001 -46.810001 62.307999 66.110001 61.215000 110.410004 -6.274000 8.570000 4.963080 1465263.187000 449483.143000 13.253921 80.533684 0.000000 0.156000 0.508000 -0.304000 0.000000 0.000000
14:35:34 44.900002 -46.810001 61.994999 66.110001 62.287998 111.650002 -6.135000 8.560000 5.210080 0.004000 0.003300 13.253937 80.533684 0.000000 0.156000 0.508000 -0.304000 0.000000 0.000000
14:35:36 45.200001 -46.810001 61.770000 66.110001 63.543999 111.650002 -5.965000 8.560000 5.136080 1465266.824000 449484.202000 13.253953 80.533691 0.000000 0.156000 0.508000 -0.304000 0.000000 0.000000
14:35:37 46.000000 -46.810001 61.345001 66.110001 64.498001 114.000000 -5.894000 8.070000 4.885080 1465268.079000 449484.559000 13.253964 80.533691 0.000000 0.156000 0.508000 -0.304000 0.000000 0.000000
14:35:39 46.200001 -46.810001 60.970001 66.110001 66.078003 114.000000 -5.908000 8.070000 4.801080 1465269.888000 449484.862000 13.253981 80.533699 0.000000 0.156000 0.508000 -0.304000 0.000000 0.000000
14:35:41 46.500000 -46.810001 60.520000 66.110001 67.137001 116.750000 -5.950000 8.140000 4.869080 1465271.047000 449485.145000 13.253991 80.533699 0.000000 0.156000 0.508000 -0.304000 0.000000 0.000000
14:35:42 46.700001 -46.810001 60.257999 66.110001 68.468002 116.750000 -5.974000 8.140000 5.401080 1465272.698000 449485.553000 13.254006 80.533707 0.000000 0.156000 0.508000 -0.304000 0.000000 0.000000
14:35:44 47.299999 -46.810001 59.833000 66.110001 69.112999 118.629997 -5.890000 8.360000 5.567080 1465273.765000 449485.868000 13.254016 80.533707 0.000000 0.156000 0.508000 -0.304000 0.000000 0.000000
14:35:45 47.799999 -46.810001 59.632999 66.110001 69.112999 118.629997 -5.890000 8.360000 5.567080 1465275.325000 449486.242000 13.254030 80.533707 0.000000 0.156000 0.508000 -0.304000 0.000000 0.000000
14:35:47 48.200001 -46.810001 59.095001 66.110001 70.413002 119.879997 -5.909000 7.940000 4.735080 1465276.479000 449486.589000 13.254040 80.533714 0.000000 0.156000 0.508000 -0.304000 0.000000 0.000000
14:35:48 48.500000 -46.810001 58.606998 66.110001 71.135002 120.550003 -5.971000 8.100000 4.921080 0.004000 0.003600 13.254056 80.533714 0.000000 0.156000 0.508000 -0.304000 0.000000 0.000000
14:35:50 48.799999 -46.810001 58.382000 66.110001 71.510002 120.550003 -5.771000 8.100000 5.005080 1465279.574000 449487.304000 13.254068 80.533722 0.000000 0.156000 0.508000 -0.304000 0.000000 0.000000
14:35:51 49.599998 -46.810001 57.994999 66.110001 71.723999 121.129997 -5.599000 7.960000 5.122080 1465280.479000 449487.619000 13.254077 80.533722 0.000000 0.156000 0.508000 -0.304000 0.000000 0.000000
14:35:53 49.799999 -46.810001 57.782001 66.110001 72.223000 121.129997 -5.536000 7.960000 4.597080 1465281.815000 449488.015000 13.254088 80.533730 0.000000 0.156000 0.508000 -0.304000 0.000000 0.000000
14:35:55 50.099998 -46.810001 57.369999 66.110001 72.691002 122.250000 -5.527000 7.760000 4.715080 1465282.807000 449488.268000 13.254098 80.533730 0.000000 0.156000 0.508000 -0.304000 0.000000 0.000000
14:35:56 50.299999 -46.810001 57.195000 66.110001 73.728996 122.250000 -5.413000 7.760000 4.853080 1465284.332000 449488.527000 13.254111 80.533730 0.000000 0.156000 0.508000 -0.304000 0.000000 0.000000
14:35:58 51.099998 -54.250000 56.606998 58.099998 74.494003 124.150002 -5.222000 7.590000 4.978080 1465285.367000 449488.717000 13.254121 80.533730 0.000000 0.083000 0.435000 -0.286000 0.000000 0.000000
14:35:59 51.299999 -54.250000 56.345001 58.099998 74.494003 124.150002 -5.222000 7.590000 4.978080 1465286.901000 449488.958000 13.254134 80.533737 0.000000 0.083000 0.435000 -0.286000 0.000000 0.000000
14:36:02 52.099998 -54.250000 55.299999 58.099998 78.510002 128.490005 -4.457000 7.310000 5.158080 1465289.487000 449489.520000 13.254158 80.533737 0.000000 0.083000 0.435000 -0.286000 0.000000 0.000000
14:36:04 52.599998 -54.250000 55.090000 58.099998 80.771004 128.490005 -4.105000 7.310000 4.797080 1465290.830000 449489.881000 13.254170 80.533745 0.000000 0.083000 0.435000 -0.286000 0.000000 0.000000
14:36:05 53.099998 -54.250000 54.719002 58.099998 82.428001 132.660004 -3.924000 6.720000 4.838080 0.004000 0.003900 13.254178 80.533745 0.000000 0.083000 0.435000 -0.286000 0.000000 0.000000
14:36:07 53.099998 -54.250000 54.582001 58.099998 84.940002 132.660004 -3.387000 6.720000 4.552080 1465293.226000 449490.386000 13.254191 80.533745 0.000000 0.083000 0.435000 -0.286000 0.000000 0.000000
14:36:08 53.599998 -54.250000 54.194000 58.099998 86.525002 136.759995 -2.774000 5.600000 4.696080 1465294.318000 449490.529000 13.254202 80.533752 0.000000 0.083000 0.435000 -0.286000 0.000000 0.000000
14:36:10 54.099998 -54.250000 53.907001 58.099998 88.855003 136.759995 -1.897000 5.600000 4.476080 1465296.014000 449490.771000 13.254217 80.533752 0.000000 0.083000 0.435000 -0.286000 0.000000 0.000000
14:36:12 54.599998 -54.250000 53.481998 58.099998 90.342003 140.529999 -1.520000 4.520000 4.255080 1465297.184000 449490.727000 13.254228 80.533752 0.000000 0.083000 0.435000 -0.286000 0.000000 0.000000
14:36:13 54.799999 -54.250000 53.118999 58.099998 92.607002 140.529999 -1.313000 4.520000 4.633080 1465298.789000 449490.954000 13.254242 80.533752 0.000000 0.083000 0.435000 -0.286000 0.000000 0.000000
14:36:15 55.099998 -54.250000 52.606998 58.099998 94.167000 144.389999 -1.365000 4.540000 4.276080 1465299.818000 449490.953000 13.254251 80.533752 0.000000 0.083000 0.435000 -0.286000 0.000000 0.000000
14:36:16 55.500000 -54.250000 52.382000 58.099998 94.167000 144.389999 -1.365000 4.540000 4.276080 1465301.207000 449491.207000 13.254251 80.533752 0.000000 0.083000 0.435000 -0.286000 0.000000 0.000000
14:36:18 56.000000 -54.250000 51.969002 58.099998 97.152000 147.029999 -1.546000 4.800000 4.532080 1465301.956000 449491.074000 13.254271 80.533752 0.000000 0.083000 0.435000 -0.286000 0.000000 0.000000
14:36:19 56.299999 -54.250000 51.668999 58.099998 97.152000 147.029999 -1.546000 4.800000 4.532080 1465303.439000 449491.404000 13.254271 80.533752 0.000000 0.083000 0.435000 -0.286000 0.000000 0.000000
14:36:21 56.599998 -54.250000 51.299999 58.099998 98.246002 147.880005 -1.587000 4.910000 4.605080 1465304.320000 449491.320000 13.254292 80.533752 0.000000 0.083000 0.435000 -0.286000 0.000000 0.000000
14:36:22 57.099998 -54.250000 50.894001 58.099998 98.579002 148.199997 -1.202000 4.670000 4.846080 0.004000 0.003100 13.254308 80.533752 0.000000 0.083000 0.435000 -0.286000 0.000000 0.000000
14:36:24 57.700001 -54.250000 50.444000 58.099998 98.969002 148.199997 -0.957000 4.670000 4.717080 1465307.591000 449491.252000 13.254322 80.533752 0.000000 0.083000 0.435000 -0.286000 0.000000 0.000000
14:36:25 58.099998 -54.250000 50.019001 58.099998 99.313004 149.000000 -0.821000 4.450000 4.761080 1465308.635000 449491.412000 13.254332 80.533752 0.000000 0.083000 0.435000 -0.286000 0.000000 0.000000
14:36:27 58.400002 -54.250000 49.456001 58.099998 99.992996 149.720001 -0.605000 4.240000 4.789080 0.004000 0.003100 13.254348 80.533752 0.000000 0.083000 0.435000 -0.286000 0.000000 0.000000
14:36:29 58.599998 -54.250000 49.155998 58.099998 100.882004 149.720001 -0.596000 4.240000 4.252080 1465311.974000 449491.201000 13.254361 80.533752 0.000000 0.083000 0.435000 -0.286000 0.000000 0.000000
14:36:30 59.200001 -54.250000 48.644001 58.099998 101.411003 149.720001 -0.638000 4.240000 4.524080 1465312.812000 449491.330000 13.254369 80.533752 0.000000 0.083000 0.435000 -0.286000 0.000000 0.000000
14:36:32 59.700001 -54.250000 48.081001 58.099998 102.032997 151.820007 -0.675000 3.940000 4.192080 1465313.780000 449491.219000 13.254377 80.533752 0.000000 0.083000 0.435000 -0.286000 0.000000 0.000000
14:36:33 59.700001 -54.250000 47.831001 58.099998 102.032997 151.820007 -0.675000 3.940000 4.192080 1465315.233000 449491.243000 13.254391 80.533752 0.000000 0.083000 0.435000 -0.286000 0.000000 0.000000
14:36:35 60.299999 -54.250000 47.280998 58.099998 103.667999 153.360001 -1.057000 3.940000 3.783080 1465316.243000 449491.299000 13.254400 80.533752 0.000000 0.083000 0.435000 -0.286000 0.000000 0.000000
14:36:36 61.099998 -54.250000 46.568001 58.099998 104.772003 154.410004 -1.162000 4.580000 4.689080 0.003000 0.003100 13.254415 80.533752 0.000000 0.083000 0.435000 -0.286000 0.000000 0.000000
14:36:38 61.400002 -54.250000 46.042999 58.099998 105.611000 154.410004 -0.899000 4.580000 4.047080 1465319.436000 449491.331000 13.254429 80.533752 0.000000 0.083000 0.435000 -0.286000 0.000000 0.000000
14:36:39 61.700001 -54.250000 45.331001 58.099998 105.974998 155.460007 -0.795000 3.990000 4.058080 1465320.450000 449491.365000 13.254438 80.533752 0.000000 0.083000 0.435000 -0.286000 0.000000 0.000000
14:36:41 61.900002 -54.250000 44.917999 58.099998 106.320000 155.460007 -0.775000 3.990000 4.174080 1465321.944000 449491.368000 13.254452 80.533752 0.000000 0.083000 0.435000 -0.286000 0.000000 0.000000
14:36:43 62.799999 -54.250000 44.279999 58.099998 106.356003 155.759995 -0.788000 3.730000 3.807080 1465322.930000 449491.402000 13.254460 80.533752 0.000000 0.083000 0.435000 -0.286000 0.000000 0.000000
14:36:44 63.099998 -54.250000 43.930000 58.099998 106.211998 155.759995 -0.786000 3.730000 4.022080 1465324.371000 449491.456000 13.254474 80.533760 0.000000 0.083000 0.435000 -0.286000 0.000000 0.000000
14:36:46 63.299999 -54.250000 43.443001 58.099998 106.084999 155.500000 -0.763000 3.670000 3.674080 1465325.271000 449491.516000 13.254481 80.533760 0.000000 0.083000 0.435000 -0.286000 0.000000 0.000000
14:36:47 63.599998 -54.250000 43.143002 58.099998 106.084999 155.500000 -0.763000 3.670000 3.674080 1465326.638000 449491.555000 13.254481 80.533760 0.000000 0.083000 0.435000 -0.286000 0.000000 0.000000
14:36:49 64.400002 -54.250000 42.568001 58.099998 105.943001 155.389999 -0.796000 3.880000 3.906080 1465327.541000 449491.571000 13.254502 80.533760 0.000000 0.083000 0.435000 -0.286000 0.000000 0.000000
14:36:50 65.000000 -54.250000 41.967999 58.099998 105.876999 155.250000 -0.635000 3.570000 3.936080 0.003000 0.003100 13.254516 80.533760 0.000000 0.083000 0.435000 -0.286000 0.000000 0.000000
14:36:52 65.000000 -54.250000 41.654999 58.099998 105.466003 155.250000 -0.228000 3.570000 3.800080 1465330.457000 449491.549000 13.254528 80.533760 0.000000 0.083000 0.435000 -0.286000 0.000000 0.000000
14:36:53 65.500000 -54.250000 41.154999 58.099998 105.195999 154.630005 -0.000100 3.050000 3.676080 1465331.372000 449491.521000 13.254537 80.533760 0.000000 0.083000 0.435000 -0.286000 0.000000 0.000000
14:36:55 66.099998 -54.250000 40.810001 58.099998 105.303001 154.630005 0.145000 3.050000 4.076080 1465332.724000 449491.431000 13.254549 80.533760 0.000000 0.083000 0.435000 -0.286000 0.000000 0.000000
14:36:57 66.599998 -54.250000 40.279999 58.099998 105.794998 155.440002 0.078000 3.240000 3.779080 1465333.586000 449491.390000 13.254557 80.533752 0.000000 0.083000 0.435000 -0.286000 0.000000 0.000000
14:36:58 66.900002 -54.250000 39.992001 58.099998 106.820999 155.440002 -0.094000 3.240000 3.885080 1465334.849000 449491.239000 13.254568 80.533752 0.000000 0.083000 0.435000 -0.286000 0.000000 0.000000
14:37:00 67.199997 -54.250000 39.529999 58.099998 107.564003 157.360001 -0.146000 3.340000 3.758080 1465335.669000 449491.182000 13.254576 80.533752 0.000000 0.083000 0.435000 -0.286000 0.000000 0.000000
14:37:01 67.699997 -54.250000 38.966999 58.099998 107.564003 158.690002 -0.146000 3.260000 3.758080 0.003000 0.003100 13.254576 80.533752 0.000000 0.083000 0.435000 -0.286000 0.000000 0.000000
14:37:03 68.199997 -54.250000 38.841999 58.099998 110.088997 158.690002 -0.099000 3.260000 3.848080 1465338.189000 449491.056000 13.254599 80.533752 0.000000 0.083000 0.435000 -0.286000 0.000000 0.000000
14:37:04 68.800003 -54.250000 38.242001 58.099998 110.836998 160.529999 -0.077000 2.880000 3.406080 1465339.009000 449490.939000 13.254605 80.533752 0.000000 0.083000 0.435000 -0.286000 0.000000 0.000000
14:37:06 68.800003 -54.250000 37.980000 58.099998 112.018997 160.529999 -0.092000 2.880000 3.480080 1465340.244000 449490.847000 13.254617 80.533752 0.000000 0.083000 0.435000 -0.286000 0.000000 0.000000
14:37:08 69.300003 -54.250000 37.755001 58.099998 112.949997 162.619995 -0.133000 3.120000 3.665080 1465341.147000 449490.812000 13.254625 80.533752 0.000000 0.083000 0.435000 -0.286000 0.000000 0.000000
14:37:09 69.900002 -54.250000 37.529999 58.099998 114.407997 162.619995 -0.274000 3.120000 3.605080 1465342.393000 449490.745000 13.254637 80.533752 0.000000 0.083000 0.435000 -0.286000 0.000000 0.000000
14:37:11 70.500000 -54.250000 37.067001 58.099998 115.372002 164.919998 -0.368000 3.070000 3.446080 1465343.223000 449490.697000 13.254643 80.533752 0.000000 0.083000 0.435000 -0.286000 0.000000 0.000000
14:37:12 70.699997 -54.250000 36.617001 58.099998 116.640999 166.160004 -0.316000 3.150000 3.366080 1465344.450000 449490.580000 13.254655 80.533745 0.000000 0.083000 0.435000 -0.286000 0.000000 0.000000
14:37:14 71.300003 -54.250000 36.242001 58.099998 118.019997 167.570007 -0.268000 3.070000 3.320080 1465345.763000 449490.466000 13.254667 80.533745 0.000000 0.083000 0.435000 -0.286000 0.000000 0.000000
14:37:15 71.800003 -54.250000 35.778999 58.099998 119.426003 167.570007 -0.445000 3.070000 3.500080 1465346.945000 449490.318000 13.254678 80.533745 0.000000 0.083000 0.435000 -0.286000 0.000000 0.000000
14:37:17 72.099998 -54.250000 35.328999 58.099998 120.509003 170.100006 -0.533000 3.390000 3.561080 1465347.690000 449490.207000 13.254684 80.533745 0.000000 0.083000 0.435000 -0.286000 0.000000 0.000000
14:37:18 72.400002 -54.250000 35.054001 58.099998 120.509003 170.100006 -0.533000 3.390000 3.561080 1465348.827000 449490.094000 13.254695 80.533745 0.000000 0.083000 0.435000 -0.286000 0.000000 0.000000
14:37:20 73.000000 -54.250000 34.604000 58.099998 123.255997 172.630005 -0.418000 3.300000 3.450080 1465349.613000 449490.110000 13.254702 80.533745 0.000000 0.083000 0.435000 -0.286000 0.000000 0.000000
14:37:22 73.500000 -54.250000 34.004002 58.099998 125.075996 174.369995 -0.366000 2.970000 3.324080 0.003000 0.003000 13.254713 80.533745 0.000000 0.083000 0.435000 -0.286000 0.000000 0.000000
14:37:23 74.000000 -54.250000 33.653999 58.099998 126.575996 174.369995 -0.374000 2.970000 2.959080 1465351.980000 449489.970000 13.254724 80.533745 0.000000 0.083000 0.435000 -0.286000 0.000000 0.000000
14:37:25 74.300003 -54.250000 33.153999 58.099998 127.459999 176.509995 -0.277000 2.810000 3.055080 1465352.696000 449489.934000 13.254729 80.533745 0.000000 0.083000 0.435000 -0.286000 0.000000 0.000000
14:37:26 74.500000 -54.250000 32.778999 58.099998 128.759995 176.509995 -0.126000 2.810000 3.608080 1465353.728000 449489.922000 13.254739 80.533745 0.000000 0.083000 0.435000 -0.286000 0.000000 0.000000
14:37:28 75.099998 -54.250000 32.291000 58.099998 129.684006 178.479996 -0.024000 2.580000 3.130080 1465354.392000 449489.929000 13.254745 80.533745 0.000000 0.083000 0.435000 -0.286000 0.000000 0.000000
14:37:29 75.699997 -54.250000 31.966000 58.099998 131.270004 178.479996 0.576000 2.580000 3.379080 1465355.299000 449489.910000 13.254753 80.533745 0.000000 0.083000 0.435000 -0.286000 0.000000 0.000000
14:37:31 75.900002 -54.250000 31.516001 58.099998 132.548004 181.309998 1.354000 1.310000 2.751080 1465355.937000 449489.913000 13.254759 80.533745 0.000000 0.083000 0.435000 -0.286000 0.000000 0.000000
14:37:32 76.099998 -54.250000 31.365999 58.099998 132.548004 181.309998 1.354000 1.310000 2.751080 1465356.910000 449489.885000 13.254767 80.533745 0.000000 0.083000 0.435000 -0.286000 0.000000 0.000000
14:37:34 76.500000 -54.250000 30.854000 58.099998 136.003998 184.610001 3.764000 -0.160000 2.983080 1465357.578000 449489.886000 13.254774 80.533745 0.000000 0.083000 0.435000 -0.286000 0.000000 0.000000
14:37:36 77.099998 -54.250000 30.479000 58.099998 138.270996 186.570007 5.012000 -0.910000 3.254080 0.003000 0.003900 13.254784 80.533745 0.000000 0.083000 0.435000 -0.286000 0.000000 0.000000
14:37:37 77.099998 -54.250000 30.266001 58.099998 140.167999 186.570007 5.815000 -0.910000 2.912080 1465359.620000 449489.903000 13.254792 80.533745 0.000000 0.083000 0.435000 -0.286000 0.000000 0.000000
14:37:39 77.599998 -54.250000 30.266001 58.099998 141.363998 189.360001 6.193000 -1.960000 2.574080 1465360.256000 449489.917000 13.254798 80.533745 0.000000 0.083000 0.435000 -0.286000 0.000000 0.000000
14:37:40 77.800003 -54.250000 30.504000 58.099998 142.942001 189.360001 6.609000 -1.960000 2.929080 1465361.222000 449489.918000 13.254807 80.533745 0.000000 0.083000 0.435000 -0.286000 0.000000 0.000000
14:37:42 78.300003 -54.250000 30.166000 58.099998 143.912003 191.610001 6.782000 -2.310000 2.806080 1465361.900000 449489.880000 13.254813 80.533745 0.000000 0.083000 0.435000 -0.286000 0.000000 0.000000
14:37:43 78.300003 -54.250000 30.191000 58.099998 145.307007 191.610001 6.835000 -2.310000 2.682080 1465362.856000 449489.858000 13.254822 80.533745 0.000000 0.083000 0.435000 -0.286000 0.000000 0.000000
14:37:45 78.599998 -54.250000 29.979000 58.099998 146.145004 193.440002 6.788000 -2.330000 2.719080 1465363.509000 449489.883000 13.254827 80.533745 0.000000 0.083000 0.435000 -0.286000 0.000000 0.000000
14:37:46 78.699997 -54.250000 29.929001 58.099998 146.145004 193.440002 6.788000 -2.330000 2.719080 1465364.482000 449489.859000 13.254827 80.533745 0.000000 0.083000 0.435000 -0.286000 0.000000 0.000000
14:37:48 79.199997 -54.250000 29.766001 58.099998 147.921005 194.960007 6.635000 -2.260000 2.695080 1465365.193000 449489.835000 13.254843 80.533745 0.000000 0.083000 0.435000 -0.286000 0.000000 0.000000
14:38:03 79.900002 -54.250000 29.150000 58.099998 151.944000 198.259995 4.661000 -0.820000 2.444080 1465372.085000 449489.681000 13.254906 80.533737 0.000000 0.083000 0.435000 -0.286000 0.000000 0.000000
14:38:06 79.900002 -54.250000 29.216000 58.099998 134.511993 181.619995 2.963000 -0.090000 1.937080 0.003000 0.003900 13.254929 80.533737 0.000000 0.083000 0.435000 -0.286000 0.000000 0.000000
14:38:09 79.800003 -54.250000 29.120001 58.099998 116.335999 161.350006 3.001000 -0.550000 1.628080 1465376.004000 449489.907000 13.254941 80.533745 0.000000 0.083000 0.435000 -0.286000 0.000000 0.000000
14:38:12 79.699997 -54.250000 29.270000 58.099998 93.787003 139.389999 6.474000 -3.200000 1.642080 1465377.470000 449490.087000 13.254953 80.533745 0.000000 0.083000 0.435000 -0.286000 0.000000 0.000000
14:38:15 79.500000 -54.250000 29.450001 58.099998 71.208000 116.699997 10.903000 -6.170000 1.663080 1465378.913000 449490.213000 13.254967 80.533745 0.000000 0.083000 0.435000 -0.286000 0.000000 0.000000
14:38:18 79.500000 -54.250000 29.216000 58.099998 50.847000 96.180000 12.742000 -7.330000 1.513080 1465380.375000 449490.239000 13.254980 80.533745 0.000000 0.083000 0.435000 -0.286000 0.000000 0.000000
14:38:21 79.500000 -54.250000 29.240999 58.099998 34.847000 79.900002 11.792000 -6.370000 1.967080 1465381.785000 449490.146000 13.254992 80.533745 0.000000 0.083000 0.435000 -0.286000 0.000000 0.000000
14:38:24 79.599998 -54.250000 29.365999 58.099998 23.426001 68.519997 9.601000 -4.650000 2.168080 1465383.104000 449490.088000 13.255005 80.533745 0.000000 0.083000 0.435000 -0.286000 0.000000 0.000000
14:38:27 79.599998 -54.250000 29.490999 58.099998 15.254000 60.389999 7.932000 -3.390000 2.199080 1465384.275000 449490.110000 13.255014 80.533745 0.000000 0.083000 0.435000 -0.286000 0.000000 0.000000
14:38:30 79.500000 -54.250000 29.666000 58.099998 9.815000 55.470001 7.436000 -3.120000 2.130080 1465385.470000 449490.165000 13.255026 80.533745 0.000000 0.083000 0.435000 -0.286000 0.000000 0.000000
14:38:33 79.400002 -54.250000 29.820000 58.099998 9.815000 53.369999 7.436000 -3.510000 2.130080 1465386.786000 449490.181000 13.255026 80.533745 0.000000 0.083000 0.435000 -0.286000 0.000000 0.000000
14:38:36 79.300003 -54.250000 29.954000 58.099998 6.414000 52.700001 8.929000 -4.070000 2.417080 1465388.196000 449490.232000 13.255051 80.533745 0.000000 0.083000 0.435000 -0.286000 0.000000 0.000000
