22:25:00 0.300000 0.000000 0.000000 0.000000 104.598999 0.000000 3.989000 0.000000 14.099000 1460935.182000 449170.736000 13.214780 80.530869 0.000000 0.000000 0.000000 0.000000 0.000000 0.000000
22:25:02 0.300000 0.000000 0.000000 0.000000 104.598999 324.649994 3.989000 -0.390000 14.099000 1460935.182000 449170.736000 13.214780 80.530869 0.000000 0.000000 0.000000 0.000000 0.000000 0.000000
22:25:03 0.400000 0.000000 0.000000 0.000000 104.598999 324.649994 3.989000 -0.390000 14.099000 0.005000 0.004000 13.214780 80.530869 0.000000 0.000000 0.000000 0.000000 0.000000 0.000000
22:25:04 0.300000 0.000000 0.000000 0.000000 104.598999 325.109985 3.989000 -2.680000 14.099000 1460935.182000 449170.736000 13.214780 80.530869 0.000000 0.000000 0.000000 0.000000 0.000000 0.000000
22:25:06 0.400000 0.000000 0.000000 0.000000 104.598999 325.109985 3.989000 -2.680000 14.099000 1460935.182000 449170.736000 13.214780 80.530869 0.000000 0.000000 0.000000 0.000000 0.000000 0.000000
22:25:07 0.300000 0.000000 0.000000 0.000000 104.598999 324.179993 3.989000 -0.360000 14.099000 1460935.182000 449170.736000 13.214780 80.530869 0.000000 -32.768002 -32.768002 -32.768002 0.000000 0.000000
22:25:08 0.300000 0.000000 0.000000 0.000000 104.598999 324.179993 3.989000 -0.360000 14.099000 0.005000 0.004000 13.214780 80.530869 0.000000 -32.768002 -32.768002 -32.768002 0.000000 0.000000
22:25:09 0.300000 0.000000 0.000000 0.000000 104.598999 324.179993 3.989000 -0.360000 14.099000 1460935.182000 449170.736000 13.214780 80.530869 0.000000 -32.768002 -32.768002 -32.768002 0.000000 0.000000
22:25:11 0.400000 0.000000 0.000000 0.000000 104.598999 324.989990 3.989000 -1.050000 14.099000 1460935.182000 449170.736000 13.214780 80.530869 0.000000 -32.768002 -32.768002 -32.768002 0.000000 0.000000
22:25:12 0.400000 0.000000 0.000000 0.000000 104.598999 324.989990 3.989000 -1.050000 14.099000 1460935.182000 449170.736000 13.214780 80.530869 0.000000 -32.768002 -32.768002 -32.768002 0.000000 0.000000
22:25:13 0.300000 0.000000 0.000000 0.000000 104.598999 324.989990 3.989000 -1.050000 14.099000 1460935.182000 449170.736000 13.214780 80.530869 0.000000 -32.768002 -32.768002 -32.768002 0.000000 0.000000
22:25:14 0.400000 0.000000 0.000000 0.000000 104.598999 324.739990 3.989000 -2.240000 14.099000 1460935.182000 449170.736000 13.214780 80.530869 0.000000 -32.768002 -32.768002 -32.768002 0.000000 0.000000
22:25:16 0.400000 0.000000 0.000000 0.000000 104.598999 324.429993 3.989000 -0.720000 14.099000 1460935.182000 449170.736000 13.214780 80.530869 0.000000 -32.768002 -32.768002 -32.768002 0.000000 0.000000
22:25:17 0.400000 0.000000 0.000000 0.000000 104.598999 324.619995 3.989000 1.260000 14.099000 1460935.182000 449170.736000 13.214780 80.530869 0.000000 -32.768002 -32.768002 -32.768002 0.000000 0.000000
22:25:18 0.400000 0.000000 0.000000 0.000000 104.598999 324.619995 3.989000 1.260000 14.099000 1460935.182000 449170.736000 13.214780 80.530869 0.000000 -32.768002 -32.768002 -32.768002 0.000000 0.000000
22:25:19 0.300000 0.000000 0.000000 0.000000 104.598999 324.619995 3.989000 1.260000 14.099000 1460935.182000 449170.736000 13.214780 80.530869 0.000000 -32.768002 -32.768002 -32.768002 0.000000 0.000000
22:25:20 0.400000 0.000000 0.000000 0.000000 104.598999 324.619995 3.989000 1.260000 14.099000 1460935.182000 449170.736000 13.214780 80.530869 0.000000 -32.768002 -32.768002 -32.768002 0.000000 0.000000
22:25:22 0.400000 0.000000 0.000000 0.000000 104.598999 325.339996 3.989000 -1.810000 14.099000 1460935.182000 449170.736000 13.214780 80.530869 0.000000 -32.768002 -32.768002 -32.768002 0.000000 0.000000
22:25:23 0.300000 0.000000 0.000000 0.000000 104.598999 325.339996 3.989000 -1.810000 14.099000 1460935.182000 449170.736000 13.214780 80.530869 0.000000 -32.768002 -32.768002 -32.768002 0.000000 0.000000
22:25:24 0.400000 0.000000 0.000000 0.000000 104.598999 325.049988 3.989000 -0.020000 14.099000 1460935.182000 449170.736000 13.214780 80.530869 0.000000 -32.768002 -32.768002 -32.768002 0.000000 0.000000
22:25:26 0.300000 0.000000 0.000000 0.000000 104.598999 324.940002 3.989000 0.210000 14.099000 1460935.182000 449170.736000 13.214780 80.530869 0.000000 -32.768002 -32.768002 -32.768002 0.000000 0.000000
22:25:27 0.400000 0.000000 0.000000 0.000000 104.598999 325.220001 3.989000 -0.650000 14.099000 1460935.182000 449170.736000 13.214780 80.530869 0.000000 -32.768002 -32.768002 -32.768002 0.000000 0.000000
22:25:28 0.400000 0.000000 0.000000 0.000000 104.598999 325.220001 3.989000 -0.650000 14.099000 1460935.182000 449170.736000 13.214780 80.530869 0.000000 -32.768002 -32.768002 -32.768002 0.000000 0.000000
22:25:29 0.400000 0.000000 0.000000 0.000000 104.598999 325.220001 3.989000 -0.650000 14.099000 1460935.182000 449170.736000 13.214780 80.530869 0.000000 -32.768002 -32.768002 -32.768002 0.000000 0.000000
22:25:30 0.300000 0.000000 0.000000 0.000000 104.598999 325.220001 3.989000 -0.650000 14.099000 1460935.182000 449170.736000 13.214780 80.530869 0.000000 -32.768002 -32.768002 -32.768002 0.000000 0.000000
22:25:32 0.300000 0.000000 0.000000 0.000000 104.598999 325.369995 3.989000 -0.630000 14.099000 1460935.182000 449170.736000 13.214780 80.530869 0.000000 -32.768002 -32.768002 -32.768002 0.000000 0.000000
22:25:33 0.400000 0.000000 0.000000 0.000000 104.598999 325.369995 3.989000 -0.630000 14.099000 1460935.182000 449170.736000 13.214780 80.530869 0.000000 -32.768002 -32.768002 -32.768002 0.000000 0.000000
22:25:34 0.400000 0.000000 0.000000 0.000000 104.598999 325.329987 3.989000 -0.430000 14.099000 1460935.182000 449170.736000 13.214780 80.530869 0.000000 -32.768002 -32.768002 -32.768002 0.000000 0.000000
22:25:35 0.400000 0.000000 0.000000 0.000000 104.598999 325.600006 3.989000 -0.220000 14.099000 1460935.182000 449170.736000 13.214780 80.530869 0.000000 -32.768002 -32.768002 -32.768002 0.000000 0.000000
22:25:37 0.400000 0.000000 0.000000 0.000000 104.598999 325.910004 3.989000 -0.930000 14.099000 1460935.182000 449170.736000 13.214780 80.530869 0.000000 -32.768002 -32.768002 -32.768002 0.000000 0.000000
22:25:38 0.300000 0.000000 0.000000 0.000000 104.598999 325.910004 3.989000 -0.930000 14.099000 1460935.182000 449170.736000 13.214780 80.530869 0.000000 -32.768002 -32.768002 -32.768002 0.000000 0.000000
22:25:39 0.300000 0.000000 0.000000 0.000000 104.598999 325.910004 3.989000 -0.930000 14.099000 1460935.182000 449170.736000 13.214780 80.530869 0.000000 -32.768002 -32.768002 -32.768002 0.000000 0.000000
22:25:40 0.400000 0.000000 0.000000 0.000000 104.598999 325.910004 3.989000 -0.930000 14.099000 1460935.182000 449170.736000 13.214780 80.530869 0.000000 -32.768002 -32.768002 -32.768002 0.000000 0.000000
22:25:42 0.300000 0.000000 0.000000 0.000000 104.598999 325.429993 3.989000 0.110000 14.099000 1460935.182000 449170.736000 13.214780 80.530869 0.000000 -32.768002 -32.768002 -32.768002 0.000000 0.000000
22:25:43 0.400000 0.000000 0.000000 0.000000 104.598999 325.429993 3.989000 0.110000 14.099000 1460935.182000 449170.736000 13.214780 80.530869 0.000000 -32.768002 -32.768002 -32.768002 0.000000 0.000000
22:25:44 0.300000 0.000000 0.000000 0.000000 104.598999 325.399994 3.989000 -0.100000 14.099000 1460935.182000 449170.736000 13.214780 80.530869 0.000000 -32.768002 -32.768002 -32.768002 0.000000 0.000000
22:25:45 0.300000 0.000000 0.000000 0.000000 104.598999 325.609985 3.989000 -0.570000 14.099000 1460935.182000 449170.736000 13.214780 80.530869 0.000000 -32.768002 -32.768002 -32.768002 0.000000 0.000000
22:25:47 0.300000 0.000000 0.000000 0.000000 104.598999 325.959991 3.989000 -1.160000 14.099000 1460935.182000 449170.736000 13.214780 80.530869 0.000000 -32.768002 -32.768002 -32.768002 0.000000 0.000000
22:25:48 0.300000 0.000000 0.000000 0.000000 104.598999 325.959991 3.989000 -1.160000 14.099000 1460935.182000 449170.736000 13.214780 80.530869 0.000000 -32.768002 -32.768002 -32.768002 0.000000 0.000000
22:25:49 0.300000 0.000000 0.000000 0.000000 104.598999 325.959991 3.989000 -1.160000 14.099000 1460935.182000 449170.736000 13.214780 80.530869 0.000000 -32.768002 -32.768002 -32.768002 0.000000 0.000000
22:25:50 0.400000 0.000000 0.000000 0.000000 104.598999 325.959991 3.989000 -1.160000 14.099000 1460935.182000 449170.736000 13.214780 80.530869 0.000000 -32.768002 -32.768002 -32.768002 0.000000 0.000000
22:25:51 0.400000 0.000000 0.000000 0.000000 104.598999 325.959991 3.989000 -1.160000 14.099000 1460935.182000 449170.736000 13.214780 80.530869 0.000000 -32.768002 -32.768002 -32.768002 0.000000 0.000000
22:25:53 0.400000 0.000000 0.000000 0.000000 104.598999 325.489990 3.989000 -0.020000 14.099000 1460935.182000 449170.736000 13.214780 80.530869 0.000000 -32.768002 -32.768002 -32.768002 0.000000 0.000000
22:25:55 0.400000 0.000000 0.000000 0.000000 104.598999 325.549988 3.989000 -0.200000 14.099000 1460935.182000 449170.736000 13.214780 80.530869 0.000000 -32.768002 -32.768002 -32.768002 0.000000 0.000000
22:25:56 0.400000 0.000000 0.000000 0.000000 104.598999 325.549988 3.989000 -0.200000 14.099000 1460935.182000 449170.736000 13.214780 80.530869 0.000000 -32.768002 -32.768002 -32.768002 0.000000 0.000000
22:25:57 0.300000 0.000000 0.000000 0.000000 104.598999 325.519989 3.989000 -1.770000 14.099000 1460935.182000 449170.736000 13.214780 80.530869 0.000000 -32.768002 -32.768002 -32.768002 0.000000 0.000000
22:25:59 0.300000 0.000000 0.000000 0.000000 104.598999 325.459991 3.989000 -0.020000 14.099000 1460935.182000 449170.736000 13.214780 80.530869 0.000000 -32.768002 -32.768002 -32.768002 0.000000 0.000000
22:26:00 0.400000 0.000000 0.000000 0.000000 104.598999 325.459991 3.989000 -0.020000 14.099000 1460935.182000 449170.736000 13.214780 80.530869 0.000000 -32.768002 -32.768002 -32.768002 0.000000 0.000000
22:26:01 0.300000 0.000000 0.000000 0.000000 104.598999 325.459991 3.989000 -0.020000 14.099000 1460935.182000 449170.736000 13.214780 80.530869 0.000000 -32.768002 -32.768002 -32.768002 0.000000 0.000000
22:26:03 0.300000 0.000000 0.000000 0.000000 104.598999 325.500000 3.989000 -1.210000 14.099000 1460935.182000 449170.736000 13.214780 80.530869 0.000000 -32.768002 -32.768002 -32.768002 0.000000 0.000000
22:26:05 0.400000 0.000000 0.000000 0.000000 104.598999 325.459991 3.989000 -1.030000 14.099000 1460935.182000 449170.736000 13.214780 80.530869 0.000000 -32.768002 -32.768002 -32.768002 0.000000 0.000000
22:26:06 0.400000 0.000000 0.000000 0.000000 104.598999 325.459991 3.989000 -1.030000 14.099000 1460935.182000 449170.736000 13.214780 80.530869 0.000000 -32.768002 -32.768002 -32.768002 0.000000 0.000000
22:26:07 0.300000 0.000000 0.000000 0.000000 104.598999 325.309998 3.989000 -0.320000 14.099000 1460935.182000 449170.736000 13.214780 80.530869 0.000000 -32.768002 -32.768002 -32.768002 0.000000 0.000000
22:26:08 0.300000 0.000000 0.000000 0.000000 104.598999 325.309998 3.989000 -0.320000 14.099000 1460935.182000 449170.736000 13.214780 80.530869 0.000000 -32.768002 -32.768002 -32.768002 0.000000 0.000000
22:26:10 0.400000 0.000000 0.000000 0.000000 104.598999 325.369995 3.989000 -0.680000 14.099000 1460935.182000 449170.736000 13.214780 80.530869 0.000000 -32.768002 -32.768002 -32.768002 0.000000 0.000000
22:26:11 0.300000 0.000000 0.000000 0.000000 104.598999 325.369995 3.989000 -0.680000 14.099000 1460935.182000 449170.736000 13.214780 80.530869 0.000000 -32.768002 -32.768002 -32.768002 0.000000 0.000000
22:26:13 0.300000 0.000000 0.000000 0.000000 104.598999 325.239990 3.989000 -1.490000 14.099000 0.005000 0.004000 13.214780 80.530869 0.000000 -32.768002 -32.768002 -32.768002 0.000000 0.000000
22:26:15 0.300000 0.000000 0.000000 0.000000 104.598999 325.239990 3.989000 -1.490000 14.099000 0.005000 0.004000 13.214780 80.530869 0.000000 -32.768002 -32.768002 -32.768002 0.000000 0.000000
22:26:16 0.400000 0.000000 0.000000 0.000000 104.598999 325.239990 3.989000 -1.490000 14.099000 1460935.182000 449170.736000 13.214780 80.530869 0.000000 -32.768002 -32.768002 -32.768002 0.000000 0.000000
22:26:17 0.400000 0.000000 0.000000 0.000000 104.598999 325.070007 3.989000 0.450000 14.099000 1460935.182000 449170.736000 13.214780 80.530869 0.000000 -32.768002 -32.768002 -32.768002 0.000000 0.000000
22:26:18 0.400000 0.000000 0.000000 0.000000 104.598999 325.070007 3.989000 0.450000 14.099000 1460935.182000 449170.736000 13.214780 80.530869 0.000000 -32.768002 -32.768002 -32.768002 0.000000 0.000000
22:26:20 0.400000 0.000000 0.000000 0.000000 104.598999 325.489990 3.989000 -2.190000 14.099000 0.005000 0.004000 13.214780 80.530869 0.000000 -32.768002 -32.768002 -32.768002 0.000000 0.000000
22:26:21 0.300000 0.000000 0.000000 0.000000 104.598999 325.489990 3.989000 -2.190000 14.099000 1460935.182000 449170.736000 13.214780 80.530869 0.000000 -32.768002 -32.768002 -32.768002 0.000000 0.000000
22:26:22 0.400000 0.000000 0.000000 0.000000 104.598999 325.489990 3.989000 -2.190000 14.099000 1460935.182000 449170.736000 13.214780 80.530869 0.000000 -32.768002 -32.768002 -32.768002 0.000000 0.000000
22:26:23 0.400000 0.000000 0.000000 0.000000 104.598999 325.489990 3.989000 -2.190000 14.099000 1460935.182000 449170.736000 13.214780 80.530869 0.000000 -32.768002 -32.768002 -32.768002 0.000000 0.000000
22:26:25 0.400000 0.000000 0.000000 0.000000 104.598999 324.609985 3.989000 0.940000 14.099000 1460935.182000 449170.736000 13.214780 80.530869 0.000000 -32.768002 -32.768002 -32.768002 0.000000 0.000000
22:26:26 0.400000 0.000000 0.000000 0.000000 104.598999 324.609985 3.989000 0.940000 14.099000 1460935.182000 449170.736000 13.214780 80.530869 0.000000 -32.768002 -32.768002 -32.768002 0.000000 0.000000
22:26:27 0.400000 0.000000 0.000000 0.000000 104.598999 325.380005 3.989000 -1.330000 14.099000 1460935.182000 449170.736000 13.214780 80.530869 0.000000 -32.768002 -32.768002 -32.768002 0.000000 0.000000
22:26:28 0.300000 0.000000 0.000000 0.000000 104.598999 325.380005 3.989000 -1.330000 14.099000 1460935.182000 449170.736000 13.214780 80.530869 0.000000 -32.768002 -32.768002 -32.768002 0.000000 0.000000
22:26:29 0.400000 0.000000 0.000000 0.000000 104.598999 325.380005 3.989000 -1.330000 14.099000 1460935.182000 449170.736000 13.214780 80.530869 0.000000 -32.768002 -32.768002 -32.768002 0.000000 0.000000
22:26:31 0.400000 0.000000 0.000000 0.000000 104.598999 324.739990 3.989000 -0.110000 14.099000 1460935.182000 449170.736000 13.214780 80.530869 0.000000 -32.768002 -32.768002 -32.768002 0.000000 0.000000
22:26:32 0.300000 0.000000 0.000000 0.000000 104.598999 324.739990 3.989000 -0.110000 14.099000 1460935.182000 449170.736000 13.214780 80.530869 0.000000 -32.768002 -32.768002 -32.768002 0.000000 0.000000
22:26:33 0.400000 0.000000 0.000000 0.000000 104.598999 324.739990 3.989000 -0.110000 14.099000 1460935.182000 449170.736000 13.214780 80.530869 0.000000 -32.768002 -32.768002 -32.768002 0.000000 0.000000
22:26:34 0.300000 0.000000 0.000000 0.000000 104.598999 324.869995 3.989000 -0.480000 14.099000 1460935.182000 449170.736000 13.214780 80.530869 0.000000 -32.768002 -32.768002 -32.768002 0.000000 0.000000
22:26:36 0.400000 0.000000 0.000000 0.000000 104.598999 324.869995 3.989000 -0.480000 14.099000 1460935.182000 449170.736000 13.214780 80.530869 0.000000 -32.768002 -32.768002 -32.768002 0.000000 0.000000
22:26:37 0.400000 0.000000 0.000000 0.000000 104.598999 325.130005 3.989000 -1.430000 14.099000 1460935.182000 449170.736000 13.214780 80.530869 0.000000 -32.768002 -32.768002 -32.768002 0.000000 0.000000
22:26:38 0.400000 0.000000 0.000000 0.000000 104.598999 325.130005 3.989000 -1.430000 14.099000 0.005000 0.004000 13.214780 80.530869 0.000000 -32.768002 -32.768002 -32.768002 0.000000 0.000000
22:26:39 0.300000 0.000000 0.000000 0.000000 104.598999 325.130005 3.989000 -1.430000 14.099000 1460935.182000 449170.736000 13.214780 80.530869 0.000000 -32.768002 -32.768002 -32.768002 0.000000 0.000000
22:26:41 0.400000 0.000000 0.000000 0.000000 104.598999 324.299988 3.989000 0.160000 14.099000 1460935.182000 449170.736000 13.214780 80.530869 0.000000 -32.768002 -32.768002 -32.768002 0.000000 0.000000
22:26:42 0.400000 0.000000 0.000000 0.000000 104.598999 324.299988 3.989000 0.160000 14.099000 1460935.182000 449170.736000 13.214780 80.530869 0.000000 -32.768002 -32.768002 -32.768002 0.000000 0.000000
22:26:43 0.400000 0.000000 0.000000 0.000000 104.598999 324.299988 3.989000 0.160000 14.099000 1460935.182000 449170.736000 13.214780 80.530869 0.000000 -32.768002 -32.768002 -32.768002 0.000000 0.000000
22:26:44 0.400000 0.000000 0.000000 0.000000 104.598999 324.709991 3.989000 -1.100000 14.099000 1460935.182000 449170.736000 13.214780 80.530869 0.000000 -32.768002 -32.768002 -32.768002 0.000000 0.000000
22:26:46 0.300000 0.000000 0.000000 0.000000 104.598999 324.709991 3.989000 -1.770000 14.099000 1460935.182000 449170.736000 13.214780 80.530869 0.000000 -32.768002 -32.768002 -32.768002 0.000000 0.000000
22:26:47 0.400000 0.000000 0.000000 0.000000 104.598999 324.450012 3.989000 -0.810000 14.099000 1460935.182000 449170.736000 13.214780 80.530869 0.000000 -32.768002 -32.768002 -32.768002 0.000000 0.000000
22:26:48 0.400000 0.000000 0.000000 0.000000 104.598999 324.450012 3.989000 -0.810000 14.099000 1460935.182000 449170.736000 13.214780 80.530869 0.000000 -32.768002 -32.768002 -32.768002 0.000000 0.000000
22:26:49 0.400000 0.000000 0.000000 0.000000 104.598999 324.450012 3.989000 -0.810000 14.099000 1460935.182000 449170.736000 13.214780 80.530869 0.000000 -32.768002 -32.768002 -32.768002 0.000000 0.000000
