11:02:28 0.500000 0.000000 0.000000 0.000000 137.365005 0.000000 0.283000 0.000000 -4.666000 1479813.778000 451430.918000 13.385571 80.551460 0.000000 0.000000 0.000000 0.000000 0.000000 0.000000
11:02:29 0.500000 0.000000 0.000000 0.000000 138.261993 0.000000 1.549000 0.000000 -4.349000 1479813.354000 451430.806000 13.385518 80.551414 0.000000 0.000000 0.000000 0.000000 0.000000 0.000000
11:02:29 0.500000 0.000000 0.000000 0.000000 138.261993 0.000000 1.782000 0.000000 -4.534000 1479813.208000 451430.773000 13.385517 80.551414 0.000000 0.000000 0.000000 0.000000 0.000000 0.000000
11:02:29 0.500000 0.000000 0.000000 0.000000 138.261993 0.000000 2.016000 0.000000 -4.707000 1479813.088000 451430.747000 13.385515 80.551414 0.000000 0.000000 0.000000 0.000000 0.000000 0.000000
11:02:29 0.500000 0.000000 0.000000 0.000000 138.261993 0.000000 2.016000 0.000000 -4.707000 1479812.941000 451430.712000 13.385514 80.551414 0.000000 0.000000 0.000000 0.000000 0.000000 0.000000
11:02:29 0.500000 0.000000 0.000000 0.000000 138.261993 0.000000 2.016000 0.000000 -4.707000 1479812.802000 451430.675000 13.385513 80.551414 0.000000 0.000000 0.000000 0.000000 0.000000 0.000000
11:02:30 0.500000 0.000000 0.000000 0.000000 138.261993 0.000000 2.016000 0.000000 -4.707000 1479812.666000 451430.633000 13.385513 80.551414 0.000000 0.000000 0.000000 0.000000 0.000000 0.000000
11:02:30 0.500000 0.000000 0.000000 0.000000 138.261993 0.000000 2.016000 0.000000 -4.707000 1479812.539000 451430.586000 13.385513 80.551414 0.000000 0.000000 0.000000 0.000000 0.000000 0.000000
11:02:30 0.500000 0.000000 0.000000 0.000000 138.261993 0.000000 2.016000 0.000000 -4.707000 1479812.445000 451430.546000 13.385513 80.551414 0.000000 0.000000 0.000000 0.000000 0.000000 0.000000
11:02:30 0.500000 0.000000 0.000000 0.000000 138.261993 0.000000 2.016000 0.000000 -4.707000 1479812.333000 451430.488000 13.385513 80.551414 0.000000 0.000000 0.000000 0.000000 0.000000 0.000000
11:02:30 0.500000 0.000000 0.000000 0.000000 138.261993 0.000000 2.016000 0.000000 -4.707000 1479812.230000 451430.423000 13.385513 80.551414 0.000000 0.000000 0.000000 0.000000 0.000000 0.000000
11:02:31 0.500000 0.000000 0.000000 0.000000 138.261993 0.000000 2.016000 0.000000 -4.707000 1479812.135000 451430.352000 13.385513 80.551414 0.000000 0.000000 0.000000 0.000000 0.000000 0.000000
11:02:34 0.500000 0.000000 0.000000 0.000000 138.246994 0.000000 2.110000 0.000000 -4.383000 1479811.779000 451429.932000 13.385504 80.551407 0.000000 0.000000 0.000000 0.000000 0.000000 0.000000
11:02:37 0.500000 0.000000 0.000000 0.000000 137.684006 166.380005 -0.317000 -2.860000 -4.336000 1479810.876000 451428.260000 13.385495 80.551392 0.000000 0.000000 0.000000 0.000000 0.000000 0.000000
11:02:39 0.500000 0.000000 0.000000 0.000000 137.684006 164.860001 -0.317000 -4.300000 -4.336000 1479809.717000 451427.269000 13.385495 80.551392 0.000000 0.000000 0.000000 0.000000 0.000000 0.000000
11:02:42 0.500000 0.000000 0.000000 0.000000 136.772003 164.559998 2.201000 -4.730000 -4.591000 1479808.701000 451426.667000 13.385476 80.551376 0.000000 0.000000 0.000000 0.000000 0.000000 0.000000
11:02:44 0.500000 0.000000 0.000000 0.000000 136.662994 165.759995 -0.171000 -2.620000 -4.287000 0.122000 0.089600 13.385469 80.551369 0.000000 -32.768002 -32.768002 -32.768002 0.000000 0.000000
11:02:47 0.500000 0.000000 0.000000 0.000000 135.660004 164.410004 0.548000 -3.170000 -3.723000 1479806.895000 451424.716000 13.385460 80.551361 0.000000 -32.768002 -32.768002 -32.768002 0.000000 0.000000
11:02:49 0.500000 0.000000 0.000000 0.000000 135.660004 163.570007 0.548000 -5.630000 -3.723000 1479805.727000 451424.040000 13.385460 80.551361 0.000000 -32.768002 -32.768002 -32.768002 0.000000 0.000000
11:02:52 0.500000 0.000000 0.000000 0.000000 135.660004 165.009995 0.415000 -2.610000 -4.036000 1479805.293000 451422.983000 13.385445 80.551346 0.000000 -32.768002 -32.768002 -32.768002 0.000000 0.000000
11:02:54 0.500000 0.000000 0.000000 0.000000 135.326996 164.240005 0.512000 -3.540000 -3.901000 0.122000 0.089200 13.385435 80.551338 0.000000 -32.768002 -32.768002 -32.768002 0.000000 0.000000
11:02:56 0.500000 0.000000 0.000000 0.000000 135.630997 164.240005 1.650000 -3.540000 -4.719000 1479802.872000 451422.152000 13.385423 80.551338 0.000000 -32.768002 -32.768002 -32.768002 0.000000 0.000000
11:02:58 0.500000 0.000000 0.000000 0.000000 135.529999 164.240005 -0.053000 -3.540000 -3.815000 1479802.457000 451421.270000 13.385419 80.551331 0.000000 -32.768002 -32.768002 -32.768002 0.000000 0.000000
11:03:01 0.500000 0.000000 0.000000 0.000000 135.738007 164.240005 0.385000 -3.540000 -4.429000 1479801.622000 451420.630000 13.385412 80.551323 0.000000 -32.768002 -32.768002 -32.768002 0.000000 0.000000
11:03:03 0.500000 0.000000 0.000000 0.000000 135.837006 163.399994 2.618000 -5.260000 -4.370000 1479800.415000 451420.544000 13.385401 80.551323 0.000000 -32.768002 -32.768002 -32.768002 0.000000 0.000000
11:03:05 0.500000 0.000000 0.000000 0.000000 136.117004 164.589996 0.802000 -3.850000 -4.365000 1479799.527000 451420.097000 13.385393 80.551315 0.000000 -32.768002 -32.768002 -32.768002 0.000000 0.000000
11:03:07 0.400000 0.000000 0.000000 0.000000 136.479004 165.520004 -0.406000 -2.910000 -4.438000 1479799.070000 451419.461000 13.385388 80.551315 0.000000 -32.768002 -32.768002 -32.768002 0.000000 0.000000
11:03:09 0.500000 0.000000 0.000000 0.000000 136.479004 165.429993 -0.406000 -1.910000 -4.438000 0.121000 0.090900 13.385388 80.551315 0.000000 -32.768002 -32.768002 -32.768002 0.000000 0.000000
11:03:12 0.500000 0.000000 0.000000 0.000000 136.343994 163.610001 2.815000 -5.740000 -5.321000 0.121000 0.090900 13.385373 80.551308 0.000000 -32.768002 -32.768002 -32.768002 0.000000 0.000000
11:03:14 0.500000 0.000000 0.000000 0.000000 135.901993 164.869995 1.162000 -2.640000 -4.015000 1479796.809000 451417.776000 13.385368 80.551300 0.000000 -32.768002 -32.768002 -32.768002 0.000000 0.000000
11:03:16 0.500000 0.000000 0.000000 0.000000 135.231003 164.929993 -0.329000 -2.440000 -3.714000 1479796.243000 451417.290000 13.385364 80.551292 0.000000 -32.768002 -32.768002 -32.768002 0.000000 0.000000
11:03:18 0.500000 0.000000 0.000000 0.000000 135.016998 163.429993 1.268000 -4.680000 -4.856000 1479795.686000 451416.851000 13.385358 80.551292 0.000000 -32.768002 -32.768002 -32.768002 0.000000 0.000000
11:03:21 0.500000 0.000000 0.000000 0.000000 133.957993 163.020004 1.941000 -3.670000 -3.963000 1479795.233000 451416.050000 13.385354 80.551285 0.000000 -32.768002 -32.768002 -32.768002 0.000000 0.000000
11:03:23 0.500000 0.000000 0.000000 0.000000 133.957993 162.380005 1.941000 -4.310000 -3.963000 1479794.839000 451415.436000 13.385354 80.551285 0.000000 -32.768002 -32.768002 -32.768002 0.000000 0.000000
11:03:25 0.500000 0.000000 0.000000 0.000000 132.406006 162.100006 1.047000 -3.240000 -4.217000 1479794.522000 451414.506000 13.385347 80.551270 0.000000 -32.768002 -32.768002 -32.768002 0.000000 0.000000
