17:48:48 0.300000 0.000000 3.625000 0.000000 247.819000 0.000000 -0.361000 0.000000 2604411.645000 530965.814000 23.549749 87.303406 0.000000 0.000000 0.000000 0.000000 0.000000 0.000000
17:48:49 0.300000 0.000000 3.625000 0.000000 247.645996 0.000000 -0.364000 0.000000 2604411.781000 530965.863000 23.549751 87.303406 0.000000 0.000000 0.000000 0.000000 0.000000 0.000000
17:48:49 0.300000 0.000000 3.625000 0.000000 247.645996 0.000000 -0.364000 0.000000 2604411.781000 530965.863000 23.549751 87.303406 0.000000 0.000000 0.000000 0.000000 0.000000 0.000000
17:48:49 0.300000 0.000000 3.625000 0.000000 247.645996 0.000000 -0.364000 0.000000 2604411.781000 530965.863000 23.549751 87.303406 0.000000 0.000000 0.000000 0.000000 0.000000 0.000000
17:48:49 0.300000 0.000000 3.625000 0.000000 247.645996 0.000000 -0.364000 0.000000 2604411.781000 530965.863000 23.549751 87.303406 0.000000 0.000000 0.000000 0.000000 0.000000 0.000000
17:48:50 0.300000 0.000000 3.625000 0.000000 247.645996 0.000000 -0.364000 0.000000 2604411.781000 530965.863000 23.549751 87.303406 0.000000 0.000000 0.000000 0.000000 0.000000 0.000000
17:48:50 0.300000 0.000000 3.625000 0.000000 247.645996 0.000000 -0.364000 0.000000 2604411.781000 530965.863000 23.549751 87.303406 0.000000 0.000000 0.000000 0.000000 0.000000 0.000000
17:48:50 0.300000 0.000000 3.625000 0.000000 247.585999 0.000000 -0.383000 0.000000 2604412.001000 530965.959000 23.549751 87.303406 0.000000 0.000000 0.000000 0.000000 0.000000 0.000000
17:48:50 0.300000 0.000000 3.625000 0.000000 247.585999 0.000000 -0.383000 0.000000 2604412.001000 530965.959000 23.549751 87.303406 0.000000 0.000000 0.000000 0.000000 0.000000 0.000000
17:48:51 0.300000 0.000000 3.625000 0.000000 247.585999 0.000000 -0.383000 0.000000 2604412.001000 530965.959000 23.549751 87.303406 0.000000 0.000000 0.000000 0.000000 0.000000 0.000000
17:48:51 0.300000 0.000000 3.625000 0.000000 247.917007 0.000000 -0.345000 0.000000 2604412.001000 530965.959000 23.549753 87.303406 0.000000 0.000000 0.000000 0.000000 0.000000 0.000000
17:48:51 0.300000 0.000000 3.625000 0.000000 247.917007 0.000000 -0.345000 0.000000 2604412.104000 530966.008000 23.549753 87.303406 0.000000 0.000000 0.000000 0.000000 0.000000 0.000000
17:48:51 0.300000 0.000000 3.625000 0.000000 247.917007 0.000000 -0.345000 0.000000 2604412.104000 530966.008000 23.549753 87.303406 0.000000 0.000000 0.000000 0.000000 0.000000 0.000000
17:48:52 0.300000 0.000000 3.625000 0.000000 247.917007 0.000000 -0.345000 0.000000 2604412.104000 530966.008000 23.549753 87.303406 0.000000 0.000000 0.000000 0.000000 0.000000 0.000000
17:48:52 0.300000 0.000000 3.625000 0.000000 247.917007 0.000000 -0.345000 0.000000 2604412.104000 530966.008000 23.549753 87.303406 0.000000 0.000000 0.000000 0.000000 0.000000 0.000000
17:48:52 0.300000 0.000000 3.625000 0.000000 247.917007 0.000000 -0.345000 0.000000 2604412.104000 530966.008000 23.549753 87.303406 0.000000 0.000000 0.000000 0.000000 0.000000 0.000000
17:48:52 0.300000 0.000000 3.625000 0.000000 248.785004 0.000000 -0.330000 0.000000 2604412.202000 530966.056000 23.549753 87.303406 0.000000 0.000000 0.000000 0.000000 0.000000 0.000000
17:48:53 0.300000 0.000000 3.625000 0.000000 248.785004 0.000000 -0.330000 0.000000 2604412.202000 530966.056000 23.549753 87.303406 0.000000 0.000000 0.000000 0.000000 0.000000 0.000000
17:48:53 0.300000 0.000000 3.625000 0.000000 248.785004 0.000000 -0.330000 0.000000 2604412.202000 530966.056000 23.549753 87.303406 0.000000 0.000000 0.000000 0.000000 0.000000 0.000000
17:48:53 0.300000 0.000000 3.625000 0.000000 248.785004 0.000000 -0.330000 0.000000 2604412.202000 530966.056000 23.549753 87.303406 0.000000 0.000000 0.000000 0.000000 0.000000 0.000000
17:48:53 0.300000 0.000000 3.625000 0.000000 248.785004 0.000000 -0.330000 0.000000 2604412.202000 530966.056000 23.549753 87.303406 0.000000 0.000000 0.000000 0.000000 0.000000 0.000000
17:48:54 0.300000 0.000000 3.625000 0.000000 249.947006 0.000000 -0.384000 0.000000 2604412.307000 530966.105000 23.549755 87.303406 0.000000 0.000000 0.000000 0.000000 0.000000 0.000000
17:48:54 0.300000 0.000000 3.625000 0.000000 249.947006 0.000000 -0.384000 0.000000 2604412.307000 530966.105000 23.549755 87.303406 0.000000 0.000000 0.000000 0.000000 0.000000 0.000000
17:48:54 0.300000 0.000000 3.625000 0.000000 249.947006 0.000000 -0.384000 0.000000 2604412.307000 530966.105000 23.549755 87.303406 0.000000 0.000000 0.000000 0.000000 0.000000 0.000000
17:48:54 0.300000 0.000000 3.625000 0.000000 249.947006 0.000000 -0.384000 0.000000 2604412.307000 530966.105000 23.549755 87.303406 0.000000 0.000000 0.000000 0.000000 0.000000 0.000000
17:48:55 0.300000 0.000000 3.625000 0.000000 249.947006 0.000000 -0.384000 0.000000 2604412.307000 530966.105000 23.549755 87.303406 0.000000 0.000000 0.000000 0.000000 0.000000 0.000000
17:48:55 0.300000 0.000000 3.625000 0.000000 249.947006 0.000000 -0.384000 0.000000 2604412.307000 530966.105000 23.549755 87.303406 0.000000 0.000000 0.000000 0.000000 0.000000 0.000000
17:48:55 0.300000 0.000000 3.625000 0.000000 251.429993 0.000000 -0.314000 0.000000 2604412.402000 530966.153000 23.549757 87.303406 0.000000 0.000000 0.000000 0.000000 0.000000 0.000000
17:48:55 0.300000 0.000000 3.625000 0.000000 251.429993 0.000000 -0.314000 0.000000 2604412.402000 530966.153000 23.549757 87.303406 0.000000 0.000000 0.000000 0.000000 0.000000 0.000000
17:48:56 0.300000 0.000000 3.625000 0.000000 251.429993 0.000000 -0.314000 0.000000 2604412.402000 530966.153000 23.549757 87.303406 0.000000 0.000000 0.000000 0.000000 0.000000 0.000000
17:48:56 0.300000 0.000000 3.625000 0.000000 252.371002 0.000000 -0.251000 0.000000 2604412.490000 530966.214000 23.549755 87.303406 0.000000 0.000000 0.000000 0.000000 0.000000 0.000000
17:48:56 0.300000 0.000000 3.625000 0.000000 252.371002 0.000000 -0.251000 0.000000 2604412.490000 530966.214000 23.549755 87.303406 0.000000 0.000000 0.000000 0.000000 0.000000 0.000000
17:48:56 0.300000 0.000000 3.625000 0.000000 252.371002 0.000000 -0.251000 0.000000 2604412.490000 530966.214000 23.549755 87.303406 0.000000 0.000000 0.000000 0.000000 0.000000 0.000000
17:48:57 0.300000 0.000000 3.625000 0.000000 252.371002 0.000000 -0.251000 0.000000 2604412.490000 530966.214000 23.549755 87.303406 0.000000 0.000000 0.000000 0.000000 0.000000 0.000000
17:48:57 0.300000 0.000000 3.625000 0.000000 252.371002 0.000000 -0.251000 0.000000 2604412.490000 530966.214000 23.549755 87.303406 0.000000 0.000000 0.000000 0.000000 0.000000 0.000000
17:48:57 0.300000 0.000000 3.625000 0.000000 252.371002 0.000000 -0.251000 0.000000 2604412.490000 530966.214000 23.549755 87.303406 0.000000 0.000000 0.000000 0.000000 0.000000 0.000000
17:48:57 0.300000 0.000000 3.625000 0.000000 254.231003 0.000000 -0.232000 0.000000 2604412.359000 530966.129000 23.549755 87.303406 0.000000 0.000000 0.000000 0.000000 0.000000 0.000000
17:48:58 0.300000 0.000000 3.625000 0.000000 254.231003 0.000000 -0.232000 0.000000 2604412.359000 530966.129000 23.549755 87.303406 0.000000 0.000000 0.000000 0.000000 0.000000 0.000000
17:48:58 0.300000 0.000000 3.625000 0.000000 254.231003 0.000000 -0.232000 0.000000 2604412.359000 530966.129000 23.549755 87.303406 0.000000 0.000000 0.000000 0.000000 0.000000 0.000000
17:48:58 0.300000 0.000000 3.625000 0.000000 254.231003 0.000000 -0.232000 0.000000 2604412.359000 530966.129000 23.549755 87.303406 0.000000 0.000000 0.000000 0.000000 0.000000 0.000000
17:48:58 0.300000 0.000000 3.625000 0.000000 254.231003 0.000000 -0.232000 0.000000 2604412.359000 530966.129000 23.549755 87.303406 0.000000 0.000000 0.000000 0.000000 0.000000 0.000000
17:48:59 0.300000 0.000000 3.625000 0.000000 256.260010 0.000000 -0.263000 0.000000 2604412.429000 530966.165000 23.549757 87.303406 0.000000 0.000000 0.000000 0.000000 0.000000 0.000000
17:48:59 0.300000 0.000000 3.625000 0.000000 256.260010 0.000000 -0.263000 0.000000 2604412.429000 530966.165000 23.549757 87.303406 0.000000 0.000000 0.000000 0.000000 0.000000 0.000000
17:48:59 0.300000 0.000000 3.625000 0.000000 256.260010 0.000000 -0.263000 0.000000 2604412.429000 530966.165000 23.549757 87.303406 0.000000 0.000000 0.000000 0.000000 0.000000 0.000000
