23:40:00 0.400000 0.000000 0.000000 0.000000 104.598999 0.000000 3.989000 0.000000 14.099000 0.005000 0.004000 13.214780 80.530869 0.000000 0.000000 0.000000 0.000000 0.000000 0.000000
23:40:02 0.400000 0.000000 0.000000 0.000000 104.598999 324.820007 3.989000 -0.670000 14.099000 1460935.182000 449170.736000 13.214780 80.530869 0.000000 0.000000 0.000000 0.000000 0.000000 0.000000
23:40:03 0.300000 0.000000 0.000000 0.000000 104.598999 324.820007 3.989000 -0.670000 14.099000 1460935.182000 449170.736000 13.214780 80.530869 0.000000 0.000000 0.000000 0.000000 0.000000 0.000000
23:40:04 0.300000 0.000000 0.000000 0.000000 104.598999 324.679993 3.989000 -0.550000 14.099000 1460935.182000 449170.736000 13.214780 80.530869 0.000000 0.000000 0.000000 0.000000 0.000000 0.000000
23:40:08 0.300000 0.000000 0.000000 0.000000 104.598999 324.489990 3.989000 -0.340000 14.099000 1460935.182000 449170.736000 13.214780 80.530869 0.000000 0.000000 0.000000 0.000000 0.000000 0.000000
23:40:09 0.300000 0.000000 0.000000 0.000000 104.598999 324.489990 3.989000 -0.340000 14.099000 1460935.182000 449170.736000 13.214780 80.530869 0.000000 0.000000 0.000000 0.000000 0.000000 0.000000
23:40:10 0.300000 0.000000 0.000000 0.000000 104.598999 324.489990 3.989000 -0.340000 14.099000 1460935.182000 449170.736000 13.214780 80.530869 0.000000 0.000000 0.000000 0.000000 0.000000 0.000000
23:40:12 0.300000 0.000000 0.000000 0.000000 104.598999 325.000000 3.989000 -1.250000 14.099000 0.005000 0.004000 13.214780 80.530869 0.000000 0.000000 0.000000 0.000000 0.000000 0.000000
23:40:13 0.300000 0.000000 0.000000 0.000000 104.598999 325.000000 3.989000 -1.250000 14.099000 1460935.182000 449170.736000 13.214780 80.530869 0.000000 0.000000 0.000000 0.000000 0.000000 0.000000
23:40:14 0.300000 0.000000 0.000000 0.000000 104.598999 325.130005 3.989000 -1.610000 14.099000 1460935.182000 449170.736000 13.214780 80.530869 0.000000 0.000000 0.000000 0.000000 0.000000 0.000000
23:40:15 0.300000 0.000000 0.000000 0.000000 104.598999 324.989990 3.989000 -1.110000 14.099000 1460935.182000 449170.736000 13.214780 80.530869 0.000000 0.000000 0.000000 0.000000 0.000000 0.000000
23:40:17 0.300000 0.000000 0.000000 0.000000 104.598999 324.649994 3.989000 0.170000 14.099000 1460935.182000 449170.736000 13.214780 80.530869 0.000000 0.000000 0.000000 0.000000 0.000000 0.000000
23:40:18 0.300000 0.000000 0.000000 0.000000 104.598999 324.649994 3.989000 0.170000 14.099000 1460935.182000 449170.736000 13.214780 80.530869 0.000000 -32.768002 -32.768002 -32.768002 0.000000 0.000000
23:40:19 0.300000 0.000000 0.000000 0.000000 104.598999 324.649994 3.989000 0.170000 14.099000 0.005000 0.004000 13.214780 80.530869 0.000000 -32.768002 -32.768002 -32.768002 0.000000 0.000000
23:40:20 0.300000 0.000000 0.000000 0.000000 104.598999 324.649994 3.989000 0.170000 14.099000 1460935.182000 449170.736000 13.214780 80.530869 0.000000 -32.768002 -32.768002 -32.768002 0.000000 0.000000
