12:21:45 1.000000 0.000000 3.730000 0.000000 193.766006 0.000000 1.130000 0.000000 2604412.423000 530968.568000 23.549755 87.303429 0.000000 0.000000 0.000000 0.000000 0.000000 0.000000
12:21:46 1.200000 0.000000 3.730000 0.000000 202.606995 0.000000 2.825000 0.000000 2604412.312000 530968.623000 23.549755 87.303429 0.000000 0.000000 0.000000 0.000000 16.500000 182.000000
12:21:48 1.300000 0.000000 3.730000 0.000000 212.348999 0.000000 3.781000 0.000000 2604412.372000 530968.647000 23.549755 87.303429 0.000000 0.000000 0.000000 0.000000 16.500000 182.000000
12:21:50 1.300000 0.000000 3.730000 0.000000 223.705994 0.000000 4.405000 0.000000 2604412.382000 530968.660000 23.549755 87.303429 0.000000 0.000000 0.000000 0.000000 19.799999 177.000000
12:21:52 1.400000 0.000000 3.730000 0.000000 235.852005 0.000000 4.847000 0.000000 2604412.408000 530968.660000 23.549755 87.303429 0.000000 0.000000 0.000000 0.000000 10.200000 175.000000
12:21:54 1.400000 0.000000 3.730000 0.000000 248.300995 0.000000 5.251000 0.000000 2604412.429000 530968.652000 23.549755 87.303429 0.000000 0.000000 0.000000 0.000000 9.900000 174.000000
12:21:55 1.500000 0.000000 3.730000 0.000000 260.876007 0.000000 5.730000 0.000000 2604412.480000 530968.672000 23.549757 87.303429 0.000000 0.000000 0.000000 0.000000 5.100000 176.000000
12:21:57 1.500000 0.000000 3.730000 0.000000 273.397003 0.000000 6.473000 0.000000 2604412.529000 530968.672000 23.549757 87.303429 0.000000 0.000000 0.000000 0.000000 4.650000 178.000000
12:21:59 1.600000 0.000000 3.730000 0.000000 285.799988 0.000000 7.460000 0.000000 2604412.544000 530968.696000 23.549757 87.303429 0.000000 0.000000 0.000000 0.000000 14.250000 181.000000
12:22:01 1.700000 0.000000 3.730000 0.000000 298.214996 0.000000 8.415000 0.000000 2604412.546000 530968.746000 23.549757 87.303429 0.000000 0.000000 0.000000 0.000000 8.400000 183.000000
12:22:03 1.700000 0.000000 3.730000 0.000000 310.648010 0.000000 9.230000 0.000000 2604412.548000 530968.801000 23.549757 87.303429 0.000000 0.000000 0.000000 0.000000 14.700000 184.000000
12:22:04 1.800000 0.000000 3.730000 0.000000 322.259003 0.000000 9.584000 0.000000 2604412.559000 530968.880000 23.549757 87.303429 0.000000 0.000000 0.000000 0.000000 15.150000 182.000000
12:22:06 1.800000 0.000000 3.730000 0.000000 332.252014 0.000000 9.440000 0.000000 2604412.557000 530968.972000 23.549757 87.303436 0.000000 0.000000 0.000000 0.000000 5.550000 180.000000
12:22:08 1.900000 0.000000 3.730000 0.000000 340.513000 0.000000 8.699000 0.000000 2604412.514000 530969.063000 23.549757 87.303436 0.000000 0.000000 0.000000 0.000000 6.750000 177.000000
12:22:10 1.900000 0.000000 3.730000 0.000000 347.255005 0.000000 7.385000 0.000000 2604412.411000 530969.119000 23.549755 87.303436 0.000000 0.000000 0.000000 0.000000 7.650000 175.000000
12:22:12 2.000000 0.000000 3.730000 0.000000 352.756989 0.000000 5.825000 0.000000 2604412.362000 530969.186000 23.549755 87.303436 0.000000 0.000000 0.000000 0.000000 7.800000 174.000000
12:22:13 2.100000 0.000000 3.730000 0.000000 357.415009 0.000000 4.192000 0.000000 2604412.288000 530969.219000 23.549755 87.303436 0.000000 0.000000 0.000000 0.000000 9.300000 176.000000
12:22:15 2.200000 0.000000 3.730000 0.000000 1.550000 0.000000 2.657000 0.000000 2604412.189000 530969.256000 23.549753 87.303436 0.000000 0.000000 0.000000 0.000000 9.450000 178.000000
12:22:18 2.200000 0.000000 3.730000 0.000000 4.887000 0.000000 1.296000 0.000000 2604412.054000 530969.256000 23.549753 87.303436 0.000000 0.000000 0.000000 0.000000 9.150000 181.000000
12:22:20 2.300000 0.000000 3.730000 0.000000 7.341000 0.000000 -0.308000 0.000000 2604412.020000 530969.233000 23.549751 87.303436 0.000000 0.000000 0.000000 0.000000 9.450000 183.000000
12:22:21 2.300000 0.000000 3.730000 0.000000 8.109000 0.000000 -1.104000 0.000000 2604411.999000 530969.202000 23.549751 87.303436 0.000000 0.000000 0.000000 0.000000 15.450000 184.000000
12:22:23 2.400000 0.000000 3.730000 0.000000 8.360000 0.000000 -1.646000 0.000000 2604412.009000 530969.159000 23.549751 87.303436 0.000000 0.000000 0.000000 0.000000 16.650000 182.000000
12:22:25 2.300000 0.000000 3.730000 0.000000 8.162000 0.000000 -1.893000 0.000000 2604412.018000 530969.128000 23.549751 87.303436 0.000000 0.000000 0.000000 0.000000 15.150000 180.000000
12:22:27 2.300000 0.000000 3.730000 0.000000 7.651000 0.000000 -1.966000 0.000000 2604412.046000 530969.073000 23.549751 87.303436 0.000000 0.000000 0.000000 0.000000 10.200000 177.000000
12:22:29 2.300000 0.000000 3.730000 0.000000 6.800000 0.000000 -1.885000 0.000000 2604412.084000 530969.018000 23.549753 87.303436 0.000000 0.000000 0.000000 0.000000 9.450000 175.000000
12:22:30 2.200000 0.000000 3.730000 0.000000 5.748000 0.000000 -1.663000 0.000000 2604412.100000 530968.963000 23.549753 87.303429 0.000000 0.000000 0.000000 0.000000 9.750000 174.000000
12:22:32 2.100000 0.000000 3.730000 0.000000 4.453000 0.000000 -1.333000 0.000000 2604412.100000 530968.907000 23.549753 87.303429 0.000000 0.000000 0.000000 0.000000 9.450000 176.000000
12:22:34 2.200000 0.000000 3.730000 0.000000 3.013000 0.000000 -0.899000 0.000000 2604412.125000 530968.852000 23.549753 87.303429 0.000000 0.000000 0.000000 0.000000 9.450000 178.000000
12:22:36 2.000000 0.000000 3.730000 0.000000 1.440000 0.000000 -0.435000 0.000000 2604412.190000 530968.785000 23.549753 87.303429 0.000000 0.000000 0.000000 0.000000 9.600000 181.000000
12:22:38 2.000000 0.000000 3.730000 0.000000 359.738007 0.000000 0.036000 0.000000 2604412.282000 530968.730000 23.549755 87.303429 0.000000 0.000000 0.000000 0.000000 10.950000 183.000000
12:22:39 1.900000 0.000000 3.730000 0.000000 358.205994 0.000000 0.597000 0.000000 2604412.315000 530968.662000 23.549755 87.303429 0.000000 0.000000 0.000000 0.000000 9.450000 184.000000
12:22:41 1.800000 0.000000 3.730000 0.000000 357.812988 0.000000 1.263000 0.000000 2604412.388000 530968.607000 23.549755 87.303429 0.000000 0.000000 0.000000 0.000000 9.300000 182.000000
12:22:43 1.700000 0.000000 3.730000 0.000000 357.957001 0.000000 1.904000 0.000000 2604412.447000 530968.564000 23.549755 87.303429 0.000000 0.000000 0.000000 0.000000 9.300000 180.000000
12:22:45 1.700000 0.000000 3.730000 0.000000 358.566986 0.000000 2.434000 0.000000 2604412.477000 530968.529000 23.549757 87.303429 0.040636 0.000000 0.000000 0.000000 9.150000 177.000000
12:22:47 1.600000 0.000000 3.730000 0.000000 359.458008 0.000000 2.828000 0.000000 2604412.501000 530968.513000 23.549755 87.303429 0.013038 0.000000 0.000000 0.000000 8.100000 175.000000
12:22:49 1.500000 0.000000 3.730000 0.000000 359.045013 0.000000 7.135000 0.000000 2604412.709000 530968.501000 23.549759 87.303429 0.209002 0.000000 0.000000 0.000000 8.400000 174.000000
12:22:50 1.200000 0.000000 3.730000 0.000000 358.100006 0.000000 12.224000 0.000000 2604413.256000 530968.561000 23.549763 87.303429 0.758457 0.000000 0.000000 0.000000 8.400000 176.000000
12:22:52 1.200000 0.000000 3.730000 0.000000 357.546997 0.000000 15.121000 0.000000 2604413.607000 530968.608000 23.549767 87.303429 1.112256 0.000000 0.000000 0.000000 8.550000 178.000000
12:22:54 1.100000 0.000000 3.730000 0.000000 357.480988 0.000000 16.004999 0.000000 2604413.554000 530968.650000 23.549767 87.303429 1.064620 0.000000 0.000000 0.000000 6.900000 181.000000
12:22:56 0.900000 0.000000 3.730000 0.000000 357.572998 0.000000 14.672000 0.000000 2604413.421000 530968.687000 23.549763 87.303429 0.939793 0.000000 0.000000 0.000000 7.800000 183.000000
12:22:58 1.000000 0.000000 3.730000 0.000000 357.890991 0.000000 12.006000 0.000000 2604413.047000 530968.700000 23.549761 87.303429 0.582417 0.000000 0.000000 0.000000 9.600000 184.000000
12:22:59 1.000000 0.000000 3.730000 0.000000 358.332001 0.000000 9.109000 0.000000 2604412.917000 530968.724000 23.549761 87.303429 0.473355 0.000000 0.000000 0.000000 9.450000 182.000000
12:23:01 1.100000 0.000000 3.730000 0.000000 358.134003 0.000000 7.657000 0.000000 2604413.435000 530968.749000 23.549765 87.303429 0.967588 0.000000 0.000000 0.000000 8.700000 180.000000
12:23:03 1.200000 0.000000 3.730000 0.000000 357.654999 0.000000 7.481000 0.000000 2604414.568000 530968.825000 23.549774 87.303429 2.093382 0.000000 0.000000 0.000000 8.250000 177.000000
12:23:05 1.300000 0.000000 3.730000 0.000000 357.162994 0.000000 7.527000 0.000000 2604415.333000 530968.857000 23.549784 87.303429 2.855405 0.000000 0.000000 0.000000 8.250000 175.000000
12:23:07 1.400000 0.000000 3.730000 0.000000 356.320007 0.000000 8.136000 0.000000 2604415.993000 530968.901000 23.549788 87.303429 3.515942 0.000000 0.000000 0.000000 7.650000 174.000000
12:23:08 1.400000 0.000000 3.730000 0.000000 355.677002 0.000000 8.752000 0.000000 2604415.974000 530968.940000 23.549788 87.303429 3.501753 0.000000 0.000000 0.000000 7.650000 176.000000
12:23:10 1.300000 0.000000 3.730000 0.000000 355.457001 0.000000 8.709000 0.000000 2604415.476000 530968.996000 23.549784 87.303436 3.017050 0.000000 0.000000 0.000000 8.400000 178.000000
12:23:12 1.300000 0.000000 3.730000 0.000000 355.276001 0.000000 7.939000 0.000000 2604414.967000 530969.028000 23.549778 87.303436 2.522870 0.000000 0.000000 0.000000 8.550000 181.000000
12:23:14 1.300000 0.000000 3.730000 0.000000 354.927002 0.000000 6.771000 0.000000 2604414.486000 530969.046000 23.549772 87.303436 2.059687 0.000000 0.000000 0.000000 8.700000 183.000000
12:23:16 1.300000 0.000000 3.730000 0.000000 354.562012 0.000000 5.311000 0.000000 2604414.073000 530969.045000 23.549770 87.303436 1.664738 0.000000 0.000000 0.000000 10.200000 184.000000
12:23:17 1.300000 0.000000 3.730000 0.000000 354.023010 0.000000 3.870000 0.000000 2604413.798000 530969.034000 23.549768 87.303436 1.403553 0.000000 0.000000 0.000000 9.000000 182.000000
12:23:19 1.400000 0.000000 3.730000 0.000000 353.514008 0.000000 2.601000 0.000000 2604413.616000 530969.034000 23.549767 87.303436 1.237179 0.000000 0.000000 0.000000 7.800000 180.000000
12:23:21 1.400000 0.000000 3.730000 0.000000 353.161987 0.000000 1.661000 0.000000 2604413.553000 530969.034000 23.549765 87.303436 1.180663 0.000000 0.000000 0.000000 7.500000 177.000000
12:23:23 1.500000 0.000000 3.730000 0.000000 353.110992 0.000000 1.077000 0.000000 2604413.511000 530969.022000 23.549765 87.303436 1.137807 0.000000 0.000000 0.000000 7.500000 177.000000
12:23:25 1.500000 0.000000 3.730000 0.000000 353.291992 0.000000 1.039000 0.000000 2604413.735000 530969.010000 23.549767 87.303436 1.336161 0.000000 0.000000 0.000000 10.650000 174.000000
12:23:26 1.500000 0.000000 3.730000 0.000000 353.661011 0.000000 1.419000 0.000000 2604413.958000 530969.008000 23.549770 87.303436 1.543965 0.000000 0.000000 0.000000 8.400000 176.000000
12:23:28 1.500000 0.000000 3.730000 0.000000 354.052002 0.000000 2.485000 0.000000 2604414.100000 530969.021000 23.549770 87.303436 1.682689 0.000000 0.000000 0.000000 8.250000 178.000000
12:23:30 1.500000 0.000000 3.730000 0.000000 354.428009 0.000000 3.870000 0.000000 2604413.913000 530969.046000 23.549768 87.303436 1.514822 0.000000 0.000000 0.000000 8.700000 181.000000
12:23:32 1.600000 0.000000 3.730000 0.000000 354.804993 0.000000 4.662000 0.000000 2604413.412000 530969.065000 23.549763 87.303436 1.072832 0.000000 0.000000 0.000000 8.700000 183.000000
12:23:34 1.600000 0.000000 3.730000 0.000000 355.187012 0.000000 4.969000 0.000000 2604413.009000 530969.072000 23.549761 87.303436 1.072832 0.000000 0.000000 0.000000 9.300000 184.000000
12:23:36 1.500000 0.000000 3.730000 0.000000 351.614014 0.000000 4.573000 0.000000 2604412.928000 530969.056000 23.549761 87.303436 1.072832 0.000000 0.000000 0.000000 7.650000 182.000000
12:23:38 1.600000 0.000000 3.730000 0.000000 342.949005 0.000000 3.388000 0.000000 2604412.988000 530969.024000 23.549761 87.303436 1.072832 0.000000 0.000000 0.000000 6.000000 180.000000
12:23:39 1.700000 0.000000 3.730000 0.000000 331.097992 0.000000 2.015000 0.000000 2604413.099000 530968.940000 23.549763 87.303429 1.072832 0.000000 0.000000 0.000000 16.049999 177.000000
12:23:41 1.700000 0.000000 3.730000 0.000000 317.717987 0.000000 0.950000 0.000000 2604413.196000 530968.829000 23.549763 87.303429 1.072832 0.000000 0.000000 0.000000 4.350000 175.000000
12:23:43 1.700000 0.000000 3.730000 0.000000 303.867004 0.000000 0.488000 0.000000 2604413.291000 530968.670000 23.549763 87.303429 1.072832 0.000000 0.000000 0.000000 13.800000 174.000000
12:23:45 1.800000 0.000000 3.730000 0.000000 290.058014 0.000000 0.516000 0.000000 2604413.329000 530968.524000 23.549763 87.303429 1.072832 0.000000 0.000000 0.000000 3.900000 176.000000
12:23:47 1.900000 0.000000 3.730000 0.000000 276.208008 0.000000 1.116000 0.000000 2604413.325000 530968.413000 23.549763 87.303429 1.072832 0.000000 0.000000 0.000000 14.850000 178.000000
12:23:48 1.900000 0.000000 3.730000 0.000000 262.196014 0.000000 2.143000 0.000000 2604413.267000 530968.303000 23.549763 87.303429 1.072832 0.000000 0.000000 0.000000 4.500000 181.000000
12:23:50 1.900000 0.000000 3.730000 0.000000 248.020004 0.000000 2.902000 0.000000 2604413.139000 530968.225000 23.549763 87.303429 1.072832 0.000000 0.000000 0.000000 22.650000 183.000000
12:23:52 2.000000 0.000000 3.730000 0.000000 233.593994 0.000000 3.043000 0.000000 2604413.015000 530968.182000 23.549761 87.303421 1.072832 0.000000 0.000000 0.000000 8.250000 184.000000
12:23:54 2.000000 0.000000 3.730000 0.000000 219.733994 0.000000 2.657000 0.000000 2604412.895000 530968.172000 23.549759 87.303421 1.072832 0.000000 0.000000 0.000000 14.700000 182.000000
12:23:56 2.100000 0.000000 3.730000 0.000000 207.817001 0.000000 2.263000 0.000000 2604412.828000 530968.197000 23.549759 87.303429 1.072832 0.000000 0.000000 0.000000 26.400000 180.000000
12:23:57 2.100000 0.000000 3.730000 0.000000 198.119003 0.000000 2.114000 0.000000 2604412.760000 530968.245000 23.549759 87.303429 1.072832 0.000000 0.000000 0.000000 12.000000 177.000000
12:23:59 2.100000 0.000000 3.730000 0.000000 190.237000 0.000000 2.172000 0.000000 2604412.741000 530968.318000 23.549759 87.303429 1.072832 0.000000 0.000000 0.000000 11.400000 175.000000
12:24:01 2.100000 0.000000 3.730000 0.000000 183.886993 0.000000 2.260000 0.000000 2604412.728000 530968.367000 23.549759 87.303429 1.072832 0.000000 0.000000 0.000000 6.750000 174.000000
12:24:03 2.100000 0.000000 3.730000 0.000000 178.632996 0.000000 2.425000 0.000000 2604412.687000 530968.455000 23.549757 87.303429 1.072832 0.000000 0.000000 0.000000 5.850000 176.000000
12:24:05 2.100000 0.000000 3.730000 0.000000 174.423004 0.000000 2.727000 0.000000 2604412.658000 530968.537000 23.549757 87.303429 1.072832 0.000000 0.000000 0.000000 5.400000 178.000000
12:24:06 2.000000 0.000000 3.730000 0.000000 171.996994 0.000000 3.242000 0.000000 2604412.636000 530968.623000 23.549757 87.303429 1.072832 0.000000 0.000000 0.000000 5.550000 181.000000
12:24:08 2.000000 0.000000 3.730000 0.000000 170.559998 0.000000 3.844000 0.000000 2604412.625000 530968.647000 23.549757 87.303429 1.072832 0.000000 0.000000 0.000000 5.700000 183.000000
12:24:10 2.000000 0.000000 3.730000 0.000000 169.750000 0.000000 4.436000 0.000000 2604412.625000 530968.708000 23.549757 87.303429 1.072832 0.000000 0.000000 0.000000 5.400000 184.000000
12:24:12 2.000000 0.000000 3.730000 0.000000 169.498993 0.000000 4.885000 0.000000 2604412.686000 530968.756000 23.549759 87.303429 1.072832 0.000000 0.000000 0.000000 4.950000 182.000000
12:24:14 2.000000 0.000000 3.730000 0.000000 169.705994 0.000000 5.045000 0.000000 2604412.804000 530968.793000 23.549759 87.303429 1.072832 0.000000 0.000000 0.000000 16.950001 180.000000
12:24:15 2.000000 0.000000 3.730000 0.000000 170.335999 0.000000 4.877000 0.000000 2604412.958000 530968.817000 23.549761 87.303429 1.072832 0.000000 0.000000 0.000000 16.500000 177.000000
12:24:17 2.000000 0.000000 3.730000 0.000000 171.313004 0.000000 4.378000 0.000000 2604413.027000 530968.797000 23.549761 87.303429 1.072832 0.000000 0.000000 0.000000 4.800000 175.000000
12:24:19 2.000000 0.000000 3.730000 0.000000 172.574005 0.000000 3.581000 0.000000 2604413.149000 530968.803000 23.549763 87.303429 1.072832 0.000000 0.000000 0.000000 4.950000 174.000000
12:24:21 2.000000 0.000000 3.730000 0.000000 174.095001 0.000000 2.667000 0.000000 2604413.226000 530968.784000 23.549763 87.303429 1.072832 0.000000 0.000000 0.000000 5.400000 176.000000
12:24:23 2.000000 0.000000 3.730000 0.000000 175.766006 0.000000 1.698000 0.000000 2604413.297000 530968.766000 23.549763 87.303429 1.072832 0.000000 0.000000 0.000000 5.550000 178.000000
12:24:24 2.000000 0.000000 3.730000 0.000000 177.606003 0.000000 0.825000 0.000000 2604413.304000 530968.722000 23.549765 87.303429 1.072832 0.000000 0.000000 0.000000 6.450000 181.000000
12:24:26 2.000000 0.000000 3.730000 0.000000 179.591995 0.000000 0.144000 0.000000 2604413.342000 530968.692000 23.549765 87.303429 1.072832 0.000000 0.000000 0.000000 7.500000 183.000000
12:24:28 2.000000 0.000000 3.730000 0.000000 181.740005 0.000000 -0.244000 0.000000 2604413.413000 530968.661000 23.549765 87.303429 1.072832 0.000000 0.000000 0.000000 18.600000 184.000000
12:24:30 2.000000 0.000000 3.730000 0.000000 184.052002 0.000000 -0.311000 0.000000 2604413.502000 530968.618000 23.549765 87.303429 1.072832 0.000000 0.000000 0.000000 9.000000 182.000000
12:24:32 2.000000 0.000000 3.730000 0.000000 186.244003 0.000000 -0.136000 0.000000 2604413.551000 530968.587000 23.549767 87.303429 1.072832 0.000000 0.000000 0.000000 8.850000 180.000000
12:24:33 1.900000 0.000000 3.730000 0.000000 187.350006 0.000000 0.253000 0.000000 2604413.605000 530968.568000 23.549767 87.303429 1.072832 0.000000 0.000000 0.000000 8.550000 177.000000
