16:05:09 0.400000 0.000000 0.000000 0.000000 93.473000 0.000000 -0.723000 0.000000 1463308.575000 449783.489000 13.236251 80.536484 0.000000 0.000000 0.000000 0.000000 0.000000 0.000000
16:05:10 0.400000 0.000000 0.000000 0.000000 93.495003 0.000000 -0.297000 0.000000 1463308.554000 449783.499000 13.236251 80.536484 0.000000 0.000000 0.000000 0.000000 0.000000 0.000000
16:05:11 0.400000 0.000000 0.000000 0.000000 93.514999 0.000000 0.187000 0.000000 1463308.671000 449783.518000 13.236252 80.536491 0.000000 0.000000 0.000000 0.000000 0.000000 0.000000
16:05:12 0.400000 0.000000 0.000000 0.000000 93.480003 0.000000 0.360000 0.000000 1463308.831000 449783.704000 13.236254 80.536491 0.000000 0.000000 0.000000 0.000000 0.000000 0.000000
16:05:13 0.400000 0.000000 0.000000 0.000000 93.480003 0.000000 0.360000 0.000000 1463308.893000 449783.670000 13.236254 80.536491 0.000000 0.000000 0.000000 0.000000 0.000000 0.000000
16:05:14 0.400000 0.000000 0.000000 0.000000 93.393997 0.000000 0.124000 0.000000 1463308.883000 449783.679000 13.236255 80.536491 0.000000 0.000000 0.000000 0.000000 0.000000 0.000000
16:05:15 0.400000 0.000000 0.000000 0.000000 93.415001 0.000000 0.000100 0.000000 1463308.951000 449783.959000 13.236255 80.536491 0.000000 0.000000 0.000000 0.000000 0.000000 0.000000
16:05:16 0.400000 0.000000 0.000000 0.000000 93.482002 0.000000 -0.067000 0.000000 1463308.976000 449784.002000 13.236255 80.536491 0.000000 0.000000 0.000000 0.000000 0.000000 0.000000
16:05:16 0.400000 0.000000 0.000000 0.000000 93.535004 0.000000 -0.100000 0.000000 1463309.022000 449784.177000 13.236255 80.536491 0.000000 0.000000 0.000000 0.000000 0.000000 0.000000
16:05:17 0.400000 0.000000 0.000000 0.000000 93.572998 0.000000 -0.135000 0.000000 1463309.079000 449784.194000 13.236256 80.536491 0.000000 0.000000 0.000000 0.000000 0.000000 0.000000
16:05:18 0.400000 0.000000 0.000000 0.000000 93.575996 0.000000 -0.118000 0.000000 1463309.216000 449784.457000 13.236257 80.536499 0.000000 0.000000 0.000000 0.000000 0.000000 0.000000
