11:05:24 0.500000 0.000000 0.000000 0.000000 117.780998 0.000000 0.321000 0.000000 -4.824000 1479757.422000 451407.047000 13.385012 80.551201 0.000000 0.000000 0.000000 0.000000 0.000000 0.000000
11:05:24 0.500000 0.000000 0.000000 0.000000 117.848999 0.000000 0.027000 0.000000 -4.751000 1479757.194000 451407.044000 13.385010 80.551201 0.000000 0.000000 0.000000 0.000000 0.000000 0.000000
11:05:25 0.500000 0.000000 0.000000 0.000000 117.848999 0.000000 -0.042000 0.000000 -4.690000 1479757.109000 451407.037000 13.385009 80.551201 0.000000 0.000000 0.000000 0.000000 0.000000 0.000000
11:05:25 0.500000 0.000000 0.000000 0.000000 117.848999 0.000000 -0.042000 0.000000 -4.690000 1479757.031000 451407.030000 13.385009 80.551201 0.000000 0.000000 0.000000 0.000000 0.000000 0.000000
11:05:25 0.500000 0.000000 0.000000 0.000000 117.848999 0.000000 -0.042000 0.000000 -4.690000 1479756.949000 451407.023000 13.385008 80.551201 0.000000 0.000000 0.000000 0.000000 0.000000 0.000000
11:05:25 0.500000 0.000000 0.000000 0.000000 117.848999 0.000000 -0.042000 0.000000 -4.690000 1479756.861000 451407.015000 13.385008 80.551201 0.000000 0.000000 0.000000 0.000000 0.000000 0.000000
11:05:25 0.500000 0.000000 0.000000 0.000000 117.848999 0.000000 -0.042000 0.000000 -4.690000 1479756.802000 451407.017000 13.385008 80.551201 0.000000 0.000000 0.000000 0.000000 0.000000 0.000000
11:05:26 0.500000 0.000000 0.000000 0.000000 117.848999 0.000000 -0.042000 0.000000 -4.690000 1479756.714000 451407.010000 13.385008 80.551201 0.000000 0.000000 0.000000 0.000000 0.000000 0.000000
11:05:26 0.500000 0.000000 0.000000 0.000000 117.848999 0.000000 -0.042000 0.000000 -4.690000 1479756.626000 451407.002000 13.385008 80.551201 0.000000 0.000000 0.000000 0.000000 0.000000 0.000000
11:05:26 0.500000 0.000000 0.000000 0.000000 117.848999 0.000000 -0.042000 0.000000 -4.690000 1479756.539000 451406.996000 13.385008 80.551201 0.000000 0.000000 0.000000 0.000000 0.000000 0.000000
11:05:26 0.500000 0.000000 0.000000 0.000000 117.848999 0.000000 -0.042000 0.000000 -4.690000 1479756.451000 451406.991000 13.385008 80.551201 0.000000 0.000000 0.000000 0.000000 0.000000 0.000000
11:05:27 0.500000 0.000000 0.000000 0.000000 117.820000 0.000000 0.125000 0.000000 -3.659000 0.114000 0.094600 13.385002 80.551201 0.000000 0.000000 0.000000 0.000000 0.000000 0.000000
11:05:27 0.500000 0.000000 0.000000 0.000000 117.820000 0.000000 0.125000 0.000000 -3.659000 1479756.194000 451406.993000 13.385001 80.551201 0.000000 0.000000 0.000000 0.000000 0.000000 0.000000
11:05:27 0.500000 0.000000 0.000000 0.000000 117.820000 0.000000 0.125000 0.000000 -3.659000 1479756.096000 451406.998000 13.385000 80.551201 0.000000 0.000000 0.000000 0.000000 0.000000 0.000000
11:05:27 0.500000 0.000000 0.000000 0.000000 117.820000 0.000000 0.125000 0.000000 -3.659000 1479755.991000 451407.006000 13.385000 80.551201 0.000000 0.000000 0.000000 0.000000 0.000000 0.000000
11:05:27 0.500000 0.000000 0.000000 0.000000 117.820000 0.000000 0.125000 0.000000 -3.659000 1479755.913000 451407.019000 13.385000 80.551201 0.000000 0.000000 0.000000 0.000000 0.000000 0.000000
11:05:28 0.500000 0.000000 0.000000 0.000000 117.820000 0.000000 0.125000 0.000000 -3.659000 1479755.806000 451407.033000 13.385000 80.551201 0.000000 0.000000 0.000000 0.000000 0.000000 0.000000
11:05:28 0.500000 0.000000 0.000000 0.000000 117.820000 0.000000 0.125000 0.000000 -3.659000 1479755.689000 451407.049000 13.385000 80.551201 0.000000 0.000000 0.000000 0.000000 0.000000 0.000000
11:05:28 0.500000 0.000000 0.000000 0.000000 117.820000 0.000000 0.125000 0.000000 -3.659000 1479755.572000 451407.068000 13.385000 80.551201 0.000000 0.000000 0.000000 0.000000 0.000000 0.000000
11:05:28 0.500000 0.000000 0.000000 0.000000 117.820000 0.000000 0.125000 0.000000 -3.659000 0.114000 0.094700 13.385000 80.551201 0.000000 0.000000 0.000000 0.000000 0.000000 0.000000
11:05:29 0.500000 0.000000 0.000000 0.000000 117.728996 0.000000 1.382000 0.000000 -3.871000 0.114000 0.094700 13.384992 80.551201 0.000000 0.000000 0.000000 0.000000 0.000000 0.000000
11:05:29 0.500000 0.000000 0.000000 0.000000 117.728996 0.000000 1.382000 0.000000 -3.871000 1479755.084000 451407.174000 13.384991 80.551201 0.000000 0.000000 0.000000 0.000000 0.000000 0.000000
11:05:29 0.500000 0.000000 0.000000 0.000000 117.728996 0.000000 1.382000 0.000000 -3.871000 1479754.948000 451407.203000 13.384990 80.551201 0.000000 0.000000 0.000000 0.000000 0.000000 0.000000
11:05:29 0.500000 0.000000 0.000000 0.000000 117.728996 0.000000 1.382000 0.000000 -3.871000 1479754.811000 451407.234000 13.384990 80.551201 0.000000 0.000000 0.000000 0.000000 0.000000 0.000000
11:05:29 0.500000 0.000000 0.000000 0.000000 117.728996 0.000000 1.382000 0.000000 -3.871000 1479754.665000 451407.265000 13.384990 80.551201 0.000000 0.000000 0.000000 0.000000 0.000000 0.000000
11:05:30 0.500000 0.000000 0.000000 0.000000 117.728996 0.000000 1.382000 0.000000 -3.871000 1479754.543000 451407.302000 13.384990 80.551201 0.000000 0.000000 0.000000 0.000000 0.000000 0.000000
11:05:30 0.500000 0.000000 0.000000 0.000000 117.728996 0.000000 1.382000 0.000000 -3.871000 1479754.397000 451407.335000 13.384990 80.551201 0.000000 0.000000 0.000000 0.000000 0.000000 0.000000
11:05:30 0.500000 0.000000 0.000000 0.000000 117.728996 0.000000 1.382000 0.000000 -3.871000 1479754.250000 451407.368000 13.384990 80.551201 0.000000 0.000000 0.000000 0.000000 0.000000 0.000000
11:05:30 0.500000 0.000000 0.000000 0.000000 117.728996 0.000000 1.382000 0.000000 -3.871000 0.114000 0.094700 13.384990 80.551201 0.000000 0.000000 0.000000 0.000000 0.000000 0.000000
11:05:31 0.500000 0.000000 0.000000 0.000000 117.521004 0.000000 1.569000 0.000000 -4.620000 0.114000 0.094700 13.384979 80.551201 0.000000 0.000000 0.000000 0.000000 0.000000 0.000000
11:05:31 0.500000 0.000000 0.000000 0.000000 117.521004 0.000000 1.569000 0.000000 -4.620000 1479753.689000 451407.490000 13.384978 80.551201 0.000000 0.000000 0.000000 0.000000 0.000000 0.000000
11:05:31 0.500000 0.000000 0.000000 0.000000 117.521004 0.000000 1.569000 0.000000 -4.620000 1479753.552000 451407.514000 13.384977 80.551201 0.000000 0.000000 0.000000 0.000000 0.000000 0.000000
11:05:31 0.500000 0.000000 0.000000 0.000000 117.521004 0.000000 1.569000 0.000000 -4.620000 1479753.416000 451407.535000 13.384977 80.551201 0.000000 0.000000 0.000000 0.000000 0.000000 0.000000
11:05:31 0.500000 0.000000 0.000000 0.000000 117.521004 0.000000 1.569000 0.000000 -4.620000 1479753.288000 451407.551000 13.384977 80.551201 0.000000 0.000000 0.000000 0.000000 0.000000 0.000000
11:05:32 0.500000 0.000000 0.000000 0.000000 117.521004 0.000000 1.569000 0.000000 -4.620000 1479753.187000 451407.576000 13.384977 80.551201 0.000000 0.000000 0.000000 0.000000 0.000000 0.000000
11:05:32 0.500000 0.000000 0.000000 0.000000 117.521004 0.000000 1.569000 0.000000 -4.620000 1479753.070000 451407.583000 13.384977 80.551201 0.000000 0.000000 0.000000 0.000000 0.000000 0.000000
11:05:32 0.500000 0.000000 0.000000 0.000000 117.521004 0.000000 1.569000 0.000000 -4.620000 1479752.957000 451407.586000 13.384977 80.551201 0.000000 0.000000 0.000000 0.000000 0.000000 0.000000
11:05:32 0.500000 0.000000 0.000000 0.000000 117.521004 0.000000 1.569000 0.000000 -4.620000 1479752.850000 451407.585000 13.384977 80.551201 0.000000 0.000000 0.000000 0.000000 0.000000 0.000000
11:05:33 0.500000 0.000000 0.000000 0.000000 118.121002 0.000000 0.653000 0.000000 -4.824000 0.114000 0.094700 13.384969 80.551201 0.000000 0.000000 0.000000 0.000000 0.000000 0.000000
11:05:33 0.500000 0.000000 0.000000 0.000000 118.121002 0.000000 0.525000 0.000000 -4.814000 1479752.587000 451407.559000 13.384968 80.551201 0.000000 0.000000 0.000000 0.000000 0.000000 0.000000
11:05:33 0.500000 0.000000 0.000000 0.000000 118.121002 0.000000 0.525000 0.000000 -4.814000 1479752.500000 451407.542000 13.384968 80.551201 0.000000 0.000000 0.000000 0.000000 0.000000 0.000000
11:05:33 0.500000 0.000000 0.000000 0.000000 118.121002 0.000000 0.525000 0.000000 -4.814000 1479752.419000 451407.522000 13.384967 80.551201 0.000000 0.000000 0.000000 0.000000 0.000000 0.000000
11:05:33 0.500000 0.000000 0.000000 0.000000 118.121002 0.000000 0.525000 0.000000 -4.814000 1479752.341000 451407.500000 13.384967 80.551201 0.000000 0.000000 0.000000 0.000000 0.000000 0.000000
11:05:34 0.500000 0.000000 0.000000 0.000000 118.121002 0.000000 0.525000 0.000000 -4.814000 1479752.288000 451407.477000 13.384967 80.551201 0.000000 0.000000 0.000000 0.000000 0.000000 0.000000
11:05:34 0.500000 0.000000 0.000000 0.000000 118.121002 0.000000 0.525000 0.000000 -4.814000 1479752.209000 451407.453000 13.384967 80.551201 0.000000 0.000000 0.000000 0.000000 0.000000 0.000000
11:05:34 0.500000 0.000000 0.000000 0.000000 118.121002 0.000000 0.525000 0.000000 -4.814000 1479752.138000 451407.430000 13.384967 80.551201 0.000000 0.000000 0.000000 0.000000 0.000000 0.000000
11:05:34 0.500000 0.000000 0.000000 0.000000 118.121002 0.000000 0.525000 0.000000 -4.814000 0.114000 0.094700 13.384967 80.551201 0.000000 0.000000 0.000000 0.000000 0.000000 0.000000
11:05:35 0.500000 0.000000 0.000000 0.000000 118.393997 0.000000 -0.287000 0.000000 -4.387000 0.114000 0.094700 13.384962 80.551201 0.000000 0.000000 0.000000 0.000000 0.000000 0.000000
11:05:35 0.500000 0.000000 0.000000 0.000000 118.393997 0.000000 -0.287000 0.000000 -4.387000 1479751.871000 451407.365000 13.384962 80.551201 0.000000 0.000000 0.000000 0.000000 0.000000 0.000000
11:05:35 0.400000 0.000000 0.000000 0.000000 118.393997 0.000000 -0.287000 0.000000 -4.387000 1479751.792000 451407.355000 13.384962 80.551201 0.000000 0.000000 0.000000 0.000000 0.000000 0.000000
11:05:35 0.400000 0.000000 0.000000 0.000000 118.393997 0.000000 -0.287000 0.000000 -4.387000 1479751.714000 451407.350000 13.384962 80.551201 0.000000 0.000000 0.000000 0.000000 0.000000 0.000000
11:05:36 0.400000 0.000000 0.000000 0.000000 118.393997 152.179993 -0.287000 -2.330000 -4.387000 1479751.635000 451407.349000 13.384962 80.551201 0.000000 0.000000 0.000000 0.000000 0.000000 0.000000
11:05:39 0.500000 0.000000 0.000000 0.000000 118.272003 151.800003 0.518000 -2.960000 -3.874000 1479751.191000 451407.418000 13.384955 80.551201 0.000000 0.000000 0.000000 0.000000 0.000000 0.000000
11:05:42 0.500000 0.000000 0.000000 0.000000 118.426003 151.080002 1.924000 -4.350000 -4.104000 1479748.904000 451407.701000 13.384935 80.551208 0.000000 -32.768002 -32.768002 -32.768002 0.000000 0.000000
11:05:44 0.500000 0.000000 0.000000 0.000000 118.972000 152.169998 0.337000 -3.750000 -5.263000 1479747.666000 451407.693000 13.384924 80.551208 0.000000 -32.768002 -32.768002 -32.768002 0.000000 0.000000
11:05:46 0.500000 0.000000 0.000000 0.000000 119.403999 152.419998 0.620000 -3.340000 -3.954000 1479746.524000 451407.753000 13.384913 80.551208 0.000000 -32.768002 -32.768002 -32.768002 0.000000 0.000000
11:05:47 0.500000 0.000000 0.000000 0.000000 119.101997 152.309998 1.272000 -2.830000 -3.051000 1479745.415000 451407.741000 13.384904 80.551208 0.000000 -32.768002 -32.768002 -32.768002 0.000000 0.000000
11:05:48 0.500000 0.000000 0.000000 0.000000 119.355003 152.080002 1.547000 -3.660000 -4.070000 1479744.667000 451407.785000 13.384896 80.551208 0.000000 -32.768002 -32.768002 -32.768002 0.000000 0.000000
11:05:51 0.500000 0.000000 0.000000 0.000000 119.726997 152.080002 1.411000 -4.550000 -5.398000 1479743.975000 451407.790000 13.384891 80.551208 0.000000 -32.768002 -32.768002 -32.768002 0.000000 0.000000
11:05:53 0.500000 0.000000 0.000000 0.000000 119.726997 153.080002 1.411000 -3.030000 -5.398000 1479743.042000 451407.667000 13.384882 80.551208 0.000000 -32.768002 -32.768002 -32.768002 0.000000 0.000000
11:05:54 0.500000 0.000000 0.000000 0.000000 119.614998 153.080002 0.682000 -3.030000 -3.182000 1479741.799000 451407.599000 13.384871 80.551201 0.000000 -32.768002 -32.768002 -32.768002 0.000000 0.000000
11:05:56 0.500000 0.000000 0.000000 0.000000 119.862000 153.080002 1.174000 -3.030000 -4.066000 1479741.183000 451407.594000 13.384865 80.551201 0.000000 -32.768002 -32.768002 -32.768002 0.000000 0.000000
11:05:58 0.500000 0.000000 0.000000 0.000000 120.169998 153.080002 1.606000 -3.030000 -5.125000 1479740.136000 451407.432000 13.384855 80.551201 0.000000 -32.768002 -32.768002 -32.768002 0.000000 0.000000
11:06:01 0.500000 0.000000 0.000000 0.000000 120.169998 152.960007 1.606000 -3.220000 -5.125000 1479739.082000 451407.249000 13.384846 80.551201 0.000000 -32.768002 -32.768002 -32.768002 0.000000 0.000000
11:06:03 0.400000 0.000000 0.000000 0.000000 119.497002 152.550003 0.724000 -3.770000 -4.039000 1479737.597000 451407.313000 13.384832 80.551201 0.000000 -32.768002 -32.768002 -32.768002 0.000000 0.000000
11:06:04 0.400000 0.000000 0.000000 0.000000 119.792999 152.550003 1.281000 -3.770000 -5.076000 1479736.168000 451407.201000 13.384820 80.551201 0.000000 -32.768002 -32.768002 -32.768002 0.000000 0.000000
11:06:06 0.500000 0.000000 0.000000 0.000000 119.853996 152.550003 0.780000 -3.770000 -4.780000 1479735.628000 451407.020000 13.384815 80.551201 0.000000 -32.768002 -32.768002 -32.768002 0.000000 0.000000
11:06:08 0.500000 0.000000 0.000000 0.000000 119.680000 152.550003 0.272000 -3.770000 -3.865000 1479734.851000 451406.676000 13.384808 80.551193 0.000000 -32.768002 -32.768002 -32.768002 0.000000 0.000000
11:06:11 0.500000 0.000000 0.000000 0.000000 119.680000 152.669998 0.272000 -2.610000 -3.865000 1479733.831000 451406.392000 13.384799 80.551193 0.000000 -32.768002 -32.768002 -32.768002 0.000000 0.000000
11:06:13 0.500000 0.000000 0.000000 0.000000 119.680000 151.440002 0.272000 -4.820000 -3.865000 1479732.157000 451406.392000 13.384784 80.551193 0.000000 -32.768002 -32.768002 -32.768002 0.000000 0.000000
11:06:16 0.500000 0.000000 0.000000 0.000000 119.157997 152.360001 0.430000 -3.430000 -4.910000 1479730.129000 451406.029000 13.384766 80.551193 0.000000 -32.768002 -32.768002 -32.768002 0.000000 0.000000
11:06:17 0.500000 0.000000 0.000000 0.000000 119.389000 152.929993 0.049000 -2.890000 -4.035000 1479729.059000 451405.670000 13.384755 80.551186 0.000000 -32.768002 -32.768002 -32.768002 0.000000 0.000000
11:06:18 0.500000 0.000000 0.000000 0.000000 119.204002 152.839996 0.767000 -2.780000 -3.395000 1479728.408000 451405.482000 13.384749 80.551186 0.000000 -32.768002 -32.768002 -32.768002 0.000000 0.000000
11:06:21 0.500000 0.000000 0.000000 0.000000 118.994003 152.509995 1.329000 -2.910000 -3.265000 1479727.750000 451405.362000 13.384744 80.551186 0.000000 -32.768002 -32.768002 -32.768002 0.000000 0.000000
11:06:23 0.500000 0.000000 0.000000 0.000000 118.994003 151.820007 1.329000 -4.790000 -3.265000 1479726.098000 451405.263000 13.384744 80.551186 0.000000 -32.768002 -32.768002 -32.768002 0.000000 0.000000
11:06:25 0.500000 0.000000 0.000000 0.000000 118.994003 151.820007 1.329000 -4.790000 -3.265000 1479724.436000 451404.920000 13.384713 80.551178 0.000000 -32.768002 -32.768002 -32.768002 0.000000 0.000000
