18:01:08 0.300000 0.000000 3.625000 0.000000 224.460999 0.000000 -0.386000 0.000000 2604413.971000 530962.524000 23.549768 87.303368 0.000000 0.000000 0.000000 0.000000 0.000000 0.000000
18:01:08 0.300000 0.000000 3.625000 0.000000 224.460999 0.000000 -0.386000 0.000000 2604413.971000 530962.524000 23.549768 87.303368 0.000000 0.000000 0.000000 0.000000 0.000000 0.000000
18:01:09 0.300000 0.000000 3.625000 0.000000 224.460999 0.000000 -0.386000 0.000000 2604413.971000 530962.524000 23.549768 87.303368 0.000000 0.000000 0.000000 0.000000 0.000000 0.000000
18:01:09 0.300000 0.000000 3.625000 0.000000 224.460999 0.000000 -0.386000 0.000000 2604413.774000 530962.372000 23.549768 87.303368 0.000000 0.000000 0.000000 0.000000 0.000000 0.000000
18:01:10 0.300000 0.000000 3.625000 0.000000 224.460999 0.000000 -0.386000 0.000000 2604413.774000 530962.372000 23.549768 87.303368 0.000000 0.000000 0.000000 0.000000 0.000000 0.000000
18:01:10 0.300000 0.000000 3.625000 0.000000 224.460999 0.000000 -0.386000 0.000000 2604413.774000 530962.372000 23.549768 87.303368 0.000000 0.000000 0.000000 0.000000 0.000000 0.000000
18:01:10 0.300000 0.000000 3.625000 0.000000 224.460999 0.000000 -0.386000 0.000000 2604413.774000 530962.372000 23.549768 87.303368 0.000000 0.000000 0.000000 0.000000 0.000000 0.000000
18:01:11 0.300000 0.000000 3.625000 0.000000 224.460999 0.000000 -0.386000 0.000000 2604413.774000 530962.372000 23.549768 87.303368 0.000000 0.000000 0.000000 0.000000 0.000000 0.000000
18:01:11 0.300000 0.000000 3.625000 0.000000 224.460999 0.000000 -0.386000 0.000000 2604413.592000 530962.239000 23.549768 87.303368 0.000000 0.000000 0.000000 0.000000 0.000000 0.000000
18:01:12 0.300000 0.000000 3.625000 0.000000 224.460999 0.000000 -0.386000 0.000000 2604413.592000 530962.239000 23.549768 87.303368 0.000000 0.000000 0.000000 0.000000 0.000000 0.000000
18:01:12 0.300000 0.000000 3.625000 0.000000 224.460999 0.000000 -0.386000 0.000000 2604413.592000 530962.239000 23.549768 87.303368 0.000000 0.000000 0.000000 0.000000 0.000000 0.000000
18:01:12 0.300000 0.000000 3.625000 0.000000 224.460999 0.000000 -0.386000 0.000000 2604413.592000 530962.239000 23.549768 87.303368 0.000000 0.000000 0.000000 0.000000 0.000000 0.000000
18:01:13 0.300000 0.000000 3.625000 0.000000 224.460999 0.000000 -0.386000 0.000000 2604413.592000 530962.239000 23.549768 87.303368 0.000000 0.000000 0.000000 0.000000 0.000000 0.000000
18:01:13 0.300000 0.000000 3.625000 0.000000 224.460999 0.000000 -0.386000 0.000000 2604413.571000 530962.187000 23.549768 87.303368 0.000000 0.000000 0.000000 0.000000 0.000000 0.000000
18:01:14 0.300000 0.000000 3.625000 0.000000 224.460999 0.000000 -0.386000 0.000000 2604413.571000 530962.187000 23.549768 87.303368 0.000000 0.000000 0.000000 0.000000 0.000000 0.000000
18:01:14 0.300000 0.000000 3.625000 0.000000 224.460999 0.000000 -0.386000 0.000000 2604413.571000 530962.187000 23.549768 87.303368 0.000000 0.000000 0.000000 0.000000 0.000000 0.000000
18:01:14 0.300000 0.000000 3.625000 0.000000 224.460999 0.000000 -0.386000 0.000000 2604413.571000 530962.187000 23.549768 87.303368 0.000000 0.000000 0.000000 0.000000 0.000000 0.000000
18:01:15 0.300000 0.000000 3.625000 0.000000 224.460999 0.000000 -0.386000 0.000000 2604413.571000 530962.187000 23.549768 87.303368 0.000000 0.000000 0.000000 0.000000 0.000000 0.000000
18:01:15 0.300000 0.000000 3.625000 0.000000 224.460999 0.000000 -0.386000 0.000000 2604413.451000 530962.177000 23.549768 87.303368 0.000000 0.000000 0.000000 0.000000 0.000000 0.000000
18:01:16 0.300000 0.000000 3.625000 0.000000 224.460999 0.000000 -0.386000 0.000000 2604413.451000 530962.177000 23.549768 87.303368 0.000000 0.000000 0.000000 0.000000 0.000000 0.000000
18:01:16 0.300000 0.000000 3.625000 0.000000 224.460999 0.000000 -0.386000 0.000000 2604413.451000 530962.177000 23.549768 87.303368 0.000000 0.000000 0.000000 0.000000 0.000000 0.000000
18:01:16 0.300000 0.000000 3.625000 0.000000 224.460999 0.000000 -0.386000 0.000000 2604413.451000 530962.177000 23.549768 87.303368 0.000000 0.000000 0.000000 0.000000 0.000000 0.000000
18:01:17 0.300000 0.000000 3.625000 0.000000 224.460999 0.000000 -0.386000 0.000000 2604413.451000 530962.177000 23.549768 87.303368 0.000000 0.000000 0.000000 0.000000 0.000000 0.000000
18:01:17 0.300000 0.000000 3.625000 0.000000 224.460999 0.000000 -0.386000 0.000000 2604413.416000 530962.251000 23.549768 87.303368 0.000000 0.000000 0.000000 0.000000 0.000000 0.000000
18:01:18 0.300000 0.000000 3.625000 0.000000 224.460999 0.000000 -0.386000 0.000000 2604413.416000 530962.251000 23.549768 87.303368 0.000000 0.000000 0.000000 0.000000 0.000000 0.000000
18:01:18 0.300000 0.000000 3.625000 0.000000 224.460999 0.000000 -0.386000 0.000000 2604413.416000 530962.251000 23.549768 87.303368 0.000000 0.000000 0.000000 0.000000 0.000000 0.000000
18:01:18 0.300000 0.000000 3.625000 0.000000 224.460999 0.000000 -0.386000 0.000000 2604413.416000 530962.251000 23.549768 87.303368 0.000000 0.000000 0.000000 0.000000 0.000000 0.000000
18:01:19 0.300000 0.000000 3.625000 0.000000 224.460999 0.000000 -0.386000 0.000000 2604413.416000 530962.251000 23.549768 87.303368 0.000000 0.000000 0.000000 0.000000 0.000000 0.000000
18:01:19 0.300000 0.000000 3.625000 0.000000 224.460999 0.000000 -0.386000 0.000000 2604413.353000 530962.469000 23.549768 87.303368 0.000000 0.000000 0.000000 0.000000 0.000000 0.000000
18:01:20 0.300000 0.000000 3.625000 0.000000 224.460999 0.000000 -0.386000 0.000000 2604413.353000 530962.469000 23.549768 87.303368 0.000000 0.000000 0.000000 0.000000 0.000000 0.000000
18:01:20 0.300000 0.000000 3.625000 0.000000 224.460999 0.000000 -0.386000 0.000000 2604413.353000 530962.469000 23.549768 87.303368 0.000000 0.000000 0.000000 0.000000 0.000000 0.000000
18:01:20 0.300000 0.000000 3.625000 0.000000 224.460999 0.000000 -0.386000 0.000000 2604413.353000 530962.469000 23.549768 87.303368 0.000000 0.000000 0.000000 0.000000 0.000000 0.000000
18:01:21 0.300000 0.000000 3.625000 0.000000 224.460999 0.000000 -0.386000 0.000000 2604413.353000 530962.469000 23.549768 87.303368 0.000000 0.000000 0.000000 0.000000 0.000000 0.000000
18:01:21 0.300000 0.000000 3.625000 0.000000 224.460999 0.000000 -0.386000 0.000000 2604413.353000 530962.469000 23.549768 87.303368 0.000000 0.000000 0.000000 0.000000 0.000000 0.000000
18:01:22 0.300000 0.000000 3.625000 0.000000 224.460999 0.000000 -0.386000 0.000000 2604413.353000 530962.469000 23.549768 87.303368 0.000000 0.000000 0.000000 0.000000 0.000000 0.000000
18:01:22 0.300000 0.000000 3.625000 0.000000 224.460999 0.000000 -0.386000 0.000000 2604413.353000 530962.469000 23.549768 87.303368 0.000000 0.000000 0.000000 0.000000 0.000000 0.000000
18:01:22 0.300000 0.000000 3.625000 0.000000 224.460999 0.000000 -0.386000 0.000000 2604413.353000 530962.469000 23.549768 87.303368 0.000000 0.000000 0.000000 0.000000 0.000000 0.000000
18:01:23 0.300000 0.000000 3.625000 0.000000 224.460999 0.000000 -0.386000 0.000000 2604413.353000 530962.469000 23.549768 87.303368 0.000000 0.000000 0.000000 0.000000 0.000000 0.000000
18:01:23 0.300000 0.000000 3.625000 0.000000 224.460999 0.000000 -0.386000 0.000000 2604413.250000 530962.720000 23.549768 87.303368 0.000000 0.000000 0.000000 0.000000 0.000000 0.000000
18:01:24 0.300000 0.000000 3.625000 0.000000 224.460999 0.000000 -0.386000 0.000000 2604413.250000 530962.720000 23.549768 87.303368 0.000000 0.000000 0.000000 0.000000 0.000000 0.000000
18:01:24 0.300000 0.000000 3.625000 0.000000 224.460999 0.000000 -0.386000 0.000000 2604413.250000 530962.720000 23.549768 87.303368 0.000000 0.000000 0.000000 0.000000 0.000000 0.000000
18:01:24 0.300000 0.000000 3.625000 0.000000 224.460999 0.000000 -0.386000 0.000000 2604413.250000 530962.720000 23.549768 87.303368 0.000000 0.000000 0.000000 0.000000 0.000000 0.000000
18:01:25 0.300000 0.000000 3.625000 0.000000 224.460999 0.000000 -0.386000 0.000000 2604413.250000 530962.720000 23.549768 87.303368 0.000000 0.000000 0.000000 0.000000 0.000000 0.000000
18:01:25 0.300000 0.000000 3.625000 0.000000 224.460999 0.000000 -0.386000 0.000000 2604413.196000 530962.865000 23.549768 87.303368 0.000000 0.000000 0.000000 0.000000 0.000000 0.000000
18:01:26 0.300000 0.000000 3.625000 0.000000 224.460999 0.000000 -0.386000 0.000000 2604413.196000 530962.865000 23.549768 87.303368 0.000000 0.000000 0.000000 0.000000 0.000000 0.000000
18:01:26 0.300000 0.000000 3.625000 0.000000 224.460999 0.000000 -0.386000 0.000000 2604413.196000 530962.865000 23.549768 87.303368 0.000000 0.000000 0.000000 0.000000 0.000000 0.000000
18:01:26 0.300000 0.000000 3.625000 0.000000 224.460999 0.000000 -0.386000 0.000000 2604413.196000 530962.865000 23.549768 87.303368 0.000000 0.000000 0.000000 0.000000 0.000000 0.000000
18:01:27 0.300000 0.000000 3.625000 0.000000 224.460999 0.000000 -0.386000 0.000000 2604413.196000 530962.865000 23.549768 87.303368 0.000000 0.000000 0.000000 0.000000 0.000000 0.000000
18:01:27 0.300000 0.000000 3.625000 0.000000 224.460999 0.000000 -0.386000 0.000000 2604413.181000 530963.035000 23.549768 87.303368 0.000000 0.000000 0.000000 0.000000 0.000000 0.000000
18:01:28 0.300000 0.000000 3.625000 0.000000 224.460999 0.000000 -0.386000 0.000000 2604413.181000 530963.035000 23.549768 87.303368 0.000000 0.000000 0.000000 0.000000 0.000000 0.000000
18:01:28 0.300000 0.000000 3.625000 0.000000 224.460999 0.000000 -0.386000 0.000000 2604413.181000 530963.035000 23.549768 87.303368 0.000000 0.000000 0.000000 0.000000 0.000000 0.000000
18:01:28 0.300000 0.000000 3.625000 0.000000 224.460999 0.000000 -0.386000 0.000000 2604413.181000 530963.035000 23.549768 87.303368 0.000000 0.000000 0.000000 0.000000 0.000000 0.000000
18:01:29 0.300000 0.000000 3.625000 0.000000 224.460999 0.000000 -0.386000 0.000000 2604413.181000 530963.035000 23.549768 87.303368 0.000000 0.000000 0.000000 0.000000 0.000000 0.000000
18:01:29 0.300000 0.000000 3.625000 0.000000 224.460999 0.000000 -0.386000 0.000000 2604413.189000 530963.168000 23.549768 87.303368 0.000000 0.000000 0.000000 0.000000 0.000000 0.000000
18:01:30 0.300000 0.000000 3.625000 0.000000 224.460999 0.000000 -0.386000 0.000000 2604413.189000 530963.168000 23.549768 87.303368 0.000000 0.000000 0.000000 0.000000 0.000000 0.000000
18:01:30 0.300000 0.000000 3.625000 0.000000 224.460999 0.000000 -0.386000 0.000000 2604413.174000 530963.223000 23.549768 87.303368 0.000000 0.000000 0.000000 0.000000 0.000000 0.000000
18:01:30 0.300000 0.000000 3.625000 0.000000 224.460999 0.000000 -0.386000 0.000000 2604413.174000 530963.223000 23.549768 87.303368 0.000000 0.000000 0.000000 0.000000 0.000000 0.000000
18:01:31 0.300000 0.000000 3.625000 0.000000 224.460999 0.000000 -0.386000 0.000000 2604413.174000 530963.223000 23.549768 87.303368 0.000000 0.000000 0.000000 0.000000 0.000000 0.000000
18:01:31 0.300000 0.000000 3.625000 0.000000 224.460999 0.000000 -0.386000 0.000000 2604413.157000 530963.289000 23.549768 87.303368 0.000000 0.000000 0.000000 0.000000 0.000000 0.000000
18:01:32 0.300000 0.000000 3.625000 0.000000 224.460999 0.000000 -0.386000 0.000000 2604413.157000 530963.289000 23.549768 87.303368 0.000000 0.000000 0.000000 0.000000 0.000000 0.000000
18:01:32 0.300000 0.000000 3.625000 0.000000 224.460999 0.000000 -0.386000 0.000000 2604413.157000 530963.289000 23.549768 87.303368 0.000000 0.000000 0.000000 0.000000 0.000000 0.000000
18:01:32 0.300000 0.000000 3.625000 0.000000 224.460999 0.000000 -0.386000 0.000000 2604413.157000 530963.289000 23.549768 87.303368 0.000000 0.000000 0.000000 0.000000 0.000000 0.000000
18:01:33 0.300000 0.000000 3.625000 0.000000 224.460999 0.000000 -0.386000 0.000000 2604413.157000 530963.289000 23.549768 87.303368 0.000000 0.000000 0.000000 0.000000 0.000000 0.000000
18:01:33 0.300000 0.000000 3.625000 0.000000 224.460999 0.000000 -0.386000 0.000000 2604413.082000 530963.385000 23.549768 87.303368 0.000000 0.000000 0.000000 0.000000 0.000000 0.000000
18:01:34 0.300000 0.000000 3.625000 0.000000 224.460999 0.000000 -0.386000 0.000000 2604413.082000 530963.385000 23.549768 87.303368 0.000000 0.000000 0.000000 0.000000 0.000000 0.000000
18:01:34 0.300000 0.000000 3.625000 0.000000 224.460999 0.000000 -0.386000 0.000000 2604413.082000 530963.385000 23.549768 87.303368 0.000000 0.000000 0.000000 0.000000 0.000000 0.000000
18:01:34 0.300000 0.000000 3.625000 0.000000 224.460999 0.000000 -0.386000 0.000000 2604413.082000 530963.385000 23.549768 87.303368 0.000000 0.000000 0.000000 0.000000 0.000000 0.000000
18:01:35 0.300000 0.000000 3.625000 0.000000 224.460999 0.000000 -0.386000 0.000000 2604413.082000 530963.385000 23.549768 87.303368 0.000000 0.000000 0.000000 0.000000 0.000000 0.000000
18:01:35 0.300000 0.000000 3.625000 0.000000 224.460999 0.000000 -0.386000 0.000000 2604413.012000 530963.469000 23.549768 87.303368 0.000000 0.000000 0.000000 0.000000 0.000000 0.000000
18:01:36 0.300000 0.000000 3.625000 0.000000 224.460999 0.000000 -0.386000 0.000000 2604413.012000 530963.469000 23.549768 87.303368 0.000000 0.000000 0.000000 0.000000 0.000000 0.000000
18:01:36 0.300000 0.000000 3.625000 0.000000 224.460999 0.000000 -0.386000 0.000000 2604412.989000 530963.501000 23.549768 87.303368 0.000000 0.000000 0.000000 0.000000 0.000000 0.000000
18:01:36 0.300000 0.000000 3.625000 0.000000 224.460999 0.000000 -0.386000 0.000000 2604412.989000 530963.501000 23.549768 87.303368 0.000000 0.000000 0.000000 0.000000 0.000000 0.000000
18:01:37 0.300000 0.000000 3.625000 0.000000 224.460999 0.000000 -0.386000 0.000000 2604412.989000 530963.501000 23.549768 87.303368 0.000000 0.000000 0.000000 0.000000 0.000000 0.000000
18:01:37 0.300000 0.000000 3.625000 0.000000 224.460999 0.000000 -0.386000 0.000000 2604412.989000 530963.501000 23.549768 87.303368 0.000000 0.000000 0.000000 0.000000 0.000000 0.000000
18:01:38 0.300000 0.000000 3.625000 0.000000 224.460999 0.000000 -0.386000 0.000000 2604412.989000 530963.501000 23.549768 87.303368 0.000000 0.000000 0.000000 0.000000 0.000000 0.000000
18:01:38 0.300000 0.000000 3.625000 0.000000 224.460999 0.000000 -0.386000 0.000000 2604412.924000 530963.548000 23.549768 87.303368 0.000000 0.000000 0.000000 0.000000 0.000000 0.000000
18:01:38 0.300000 0.000000 3.625000 0.000000 224.460999 0.000000 -0.386000 0.000000 2604412.924000 530963.548000 23.549768 87.303368 0.000000 0.000000 0.000000 0.000000 0.000000 0.000000
18:01:39 0.300000 0.000000 3.625000 0.000000 224.460999 0.000000 -0.386000 0.000000 2604412.924000 530963.548000 23.549768 87.303368 0.000000 0.000000 0.000000 0.000000 0.000000 0.000000
18:01:39 0.300000 0.000000 3.625000 0.000000 224.460999 0.000000 -0.386000 0.000000 2604412.839000 530963.504000 23.549768 87.303368 0.000000 0.000000 0.000000 0.000000 0.000000 0.000000
18:01:40 0.300000 0.000000 3.625000 0.000000 224.460999 0.000000 -0.386000 0.000000 2604412.839000 530963.504000 23.549768 87.303368 0.000000 0.000000 0.000000 0.000000 0.000000 0.000000
18:01:40 0.300000 0.000000 3.625000 0.000000 224.460999 0.000000 -0.386000 0.000000 2604412.839000 530963.524000 23.549768 87.303368 0.000000 0.000000 0.000000 0.000000 0.000000 0.000000
18:01:40 0.300000 0.000000 3.625000 0.000000 224.460999 0.000000 -0.386000 0.000000 2604412.839000 530963.524000 23.549768 87.303368 0.000000 0.000000 0.000000 0.000000 0.000000 0.000000
18:01:41 0.300000 0.000000 3.625000 0.000000 224.460999 0.000000 -0.386000 0.000000 2604412.839000 530963.524000 23.549768 87.303368 0.000000 0.000000 0.000000 0.000000 0.000000 0.000000
18:01:41 0.300000 0.000000 3.625000 0.000000 224.460999 0.000000 -0.386000 0.000000 2604412.633000 530963.333000 23.549768 87.303368 0.000000 0.000000 0.000000 0.000000 0.000000 0.000000
18:01:42 0.300000 0.000000 3.625000 0.000000 224.460999 0.000000 -0.386000 0.000000 2604412.633000 530963.333000 23.549768 87.303368 0.000000 0.000000 0.000000 0.000000 0.000000 0.000000
18:01:42 0.300000 0.000000 3.625000 0.000000 224.460999 0.000000 -0.386000 0.000000 2604412.555000 530963.353000 23.549768 87.303368 0.000000 0.000000 0.000000 0.000000 0.000000 0.000000
18:01:42 0.300000 0.000000 3.625000 0.000000 224.460999 0.000000 -0.386000 0.000000 2604412.555000 530963.353000 23.549768 87.303368 0.000000 0.000000 0.000000 0.000000 0.000000 0.000000
18:01:43 0.300000 0.000000 3.625000 0.000000 224.460999 0.000000 -0.386000 0.000000 2604412.555000 530963.353000 23.549768 87.303368 0.000000 0.000000 0.000000 0.000000 0.000000 0.000000
18:01:43 0.300000 0.000000 3.625000 0.000000 224.460999 0.000000 -0.386000 0.000000 2604412.555000 530963.353000 23.549768 87.303368 0.000000 0.000000 0.000000 0.000000 0.000000 0.000000
18:01:44 0.300000 0.000000 3.625000 0.000000 224.460999 0.000000 -0.386000 0.000000 2604412.555000 530963.353000 23.549768 87.303368 0.000000 0.000000 0.000000 0.000000 0.000000 0.000000
18:01:44 0.300000 0.000000 3.625000 0.000000 224.460999 0.000000 -0.386000 0.000000 2604412.555000 530963.353000 23.549768 87.303368 0.000000 0.000000 0.000000 0.000000 0.000000 0.000000
18:01:44 0.300000 0.000000 3.625000 0.000000 224.460999 0.000000 -0.386000 0.000000 2604412.555000 530963.353000 23.549768 87.303368 0.000000 0.000000 0.000000 0.000000 0.000000 0.000000
18:01:45 0.300000 0.000000 3.625000 0.000000 224.460999 0.000000 -0.386000 0.000000 2604412.555000 530963.353000 23.549768 87.303368 0.000000 0.000000 0.000000 0.000000 0.000000 0.000000
18:01:45 0.300000 0.000000 3.625000 0.000000 224.460999 0.000000 -0.386000 0.000000 2604412.555000 530963.353000 23.549768 87.303368 0.000000 0.000000 0.000000 0.000000 0.000000 0.000000
18:01:46 0.300000 0.000000 3.625000 0.000000 224.460999 0.000000 -0.386000 0.000000 2604412.555000 530963.353000 23.549768 87.303368 0.000000 0.000000 0.000000 0.000000 0.000000 0.000000
18:01:46 0.300000 0.000000 3.625000 0.000000 224.460999 0.000000 -0.386000 0.000000 2604412.406000 530963.364000 23.549768 87.303368 0.000000 0.000000 0.000000 0.000000 0.000000 0.000000
18:01:46 0.300000 0.000000 3.625000 0.000000 224.460999 0.000000 -0.386000 0.000000 2604412.406000 530963.364000 23.549768 87.303368 0.000000 0.000000 0.000000 0.000000 0.000000 0.000000
18:01:47 0.300000 0.000000 3.625000 0.000000 224.460999 0.000000 -0.386000 0.000000 2604412.406000 530963.364000 23.549768 87.303368 0.000000 0.000000 0.000000 0.000000 0.000000 0.000000
18:01:47 0.300000 0.000000 3.625000 0.000000 224.460999 0.000000 -0.386000 0.000000 2604412.406000 530963.364000 23.549768 87.303368 0.000000 0.000000 0.000000 0.000000 0.000000 0.000000
18:01:48 0.300000 0.000000 3.625000 0.000000 224.460999 0.000000 -0.386000 0.000000 2604412.406000 530963.364000 23.549768 87.303368 0.000000 0.000000 0.000000 0.000000 0.000000 0.000000
18:01:48 0.300000 0.000000 3.625000 0.000000 224.460999 0.000000 -0.386000 0.000000 2604412.257000 530963.241000 23.549768 87.303368 0.000000 0.000000 0.000000 0.000000 0.000000 0.000000
18:01:48 0.300000 0.000000 3.625000 0.000000 224.460999 0.000000 -0.386000 0.000000 2604412.257000 530963.241000 23.549768 87.303368 0.000000 0.000000 0.000000 0.000000 0.000000 0.000000
18:01:49 0.300000 0.000000 3.625000 0.000000 224.460999 0.000000 -0.386000 0.000000 2604412.257000 530963.241000 23.549768 87.303368 0.000000 0.000000 0.000000 0.000000 0.000000 0.000000
18:01:49 0.300000 0.000000 3.625000 0.000000 224.460999 0.000000 -0.386000 0.000000 2604412.120000 530963.185000 23.549768 87.303368 0.000000 0.000000 0.000000 0.000000 0.000000 0.000000
18:01:50 0.300000 0.000000 3.625000 0.000000 224.460999 0.000000 -0.386000 0.000000 2604412.120000 530963.185000 23.549768 87.303368 0.000000 0.000000 0.000000 0.000000 0.000000 0.000000
18:01:50 0.300000 0.000000 3.625000 0.000000 224.460999 0.000000 -0.386000 0.000000 2604412.120000 530963.185000 23.549768 87.303368 0.000000 0.000000 0.000000 0.000000 0.000000 0.000000
18:01:50 0.300000 0.000000 3.625000 0.000000 224.460999 0.000000 -0.386000 0.000000 2604412.120000 530963.185000 23.549768 87.303368 0.000000 0.000000 0.000000 0.000000 0.000000 0.000000
18:01:51 0.300000 0.000000 3.625000 0.000000 224.460999 0.000000 -0.386000 0.000000 2604412.120000 530963.185000 23.549768 87.303368 0.000000 0.000000 0.000000 0.000000 0.000000 0.000000
18:01:51 0.300000 0.000000 3.625000 0.000000 224.460999 0.000000 -0.386000 0.000000 2604411.997000 530963.063000 23.549768 87.303368 0.000000 0.000000 0.000000 0.000000 0.000000 0.000000
18:01:52 0.300000 0.000000 3.625000 0.000000 224.460999 0.000000 -0.386000 0.000000 2604411.997000 530963.063000 23.549768 87.303368 0.000000 0.000000 0.000000 0.000000 0.000000 0.000000
18:01:52 0.300000 0.000000 3.625000 0.000000 224.460999 0.000000 -0.386000 0.000000 2604411.979000 530963.094000 23.549768 87.303368 0.000000 0.000000 0.000000 0.000000 0.000000 0.000000
18:01:52 0.300000 0.000000 3.625000 0.000000 224.460999 0.000000 -0.386000 0.000000 2604411.979000 530963.094000 23.549768 87.303368 0.000000 0.000000 0.000000 0.000000 0.000000 0.000000
18:01:53 0.300000 0.000000 3.625000 0.000000 224.460999 0.000000 -0.386000 0.000000 2604411.979000 530963.094000 23.549768 87.303368 0.000000 0.000000 0.000000 0.000000 0.000000 0.000000
18:01:53 0.300000 0.000000 3.625000 0.000000 224.460999 0.000000 -0.386000 0.000000 2604411.918000 530963.098000 23.549768 87.303368 0.000000 0.000000 0.000000 0.000000 0.000000 0.000000
18:01:54 0.300000 0.000000 3.625000 0.000000 224.460999 0.000000 -0.386000 0.000000 2604411.918000 530963.098000 23.549768 87.303368 0.000000 0.000000 0.000000 0.000000 0.000000 0.000000
18:01:54 0.300000 0.000000 3.625000 0.000000 224.460999 0.000000 -0.386000 0.000000 2604411.899000 530963.093000 23.549768 87.303368 0.000000 0.000000 0.000000 0.000000 0.000000 0.000000
18:01:54 0.300000 0.000000 3.625000 0.000000 224.460999 0.000000 -0.386000 0.000000 2604411.899000 530963.093000 23.549768 87.303368 0.000000 0.000000 0.000000 0.000000 0.000000 0.000000
18:01:55 0.300000 0.000000 3.625000 0.000000 224.460999 0.000000 -0.386000 0.000000 2604411.899000 530963.093000 23.549768 87.303368 0.000000 0.000000 0.000000 0.000000 0.000000 0.000000
18:01:55 0.300000 0.000000 3.625000 0.000000 224.460999 0.000000 -0.386000 0.000000 2604411.899000 530963.093000 23.549768 87.303368 0.000000 0.000000 0.000000 0.000000 0.000000 0.000000
18:01:56 0.300000 0.000000 3.625000 0.000000 224.460999 0.000000 -0.386000 0.000000 2604411.899000 530963.093000 23.549768 87.303368 0.000000 0.000000 0.000000 0.000000 0.000000 0.000000
18:01:56 0.300000 0.000000 3.625000 0.000000 224.460999 0.000000 -0.386000 0.000000 2604411.836000 530963.092000 23.549768 87.303368 0.000000 0.000000 0.000000 0.000000 0.000000 0.000000
18:01:56 0.300000 0.000000 3.625000 0.000000 224.460999 0.000000 -0.386000 0.000000 2604411.836000 530963.092000 23.549768 87.303368 0.000000 0.000000 0.000000 0.000000 0.000000 0.000000
18:01:57 0.300000 0.000000 3.625000 0.000000 224.460999 0.000000 -0.386000 0.000000 2604411.836000 530963.092000 23.549768 87.303368 0.000000 0.000000 0.000000 0.000000 0.000000 0.000000
18:01:57 0.300000 0.000000 3.625000 0.000000 224.460999 0.000000 -0.386000 0.000000 2604411.776000 530963.133000 23.549768 87.303368 0.000000 0.000000 0.000000 0.000000 0.000000 0.000000
18:01:58 0.300000 0.000000 3.625000 0.000000 224.460999 0.000000 -0.386000 0.000000 2604411.776000 530963.133000 23.549768 87.303368 0.000000 0.000000 0.000000 0.000000 0.000000 0.000000
18:01:58 0.300000 0.000000 3.625000 0.000000 224.460999 0.000000 -0.386000 0.000000 2604411.787000 530963.177000 23.549768 87.303368 0.000000 0.000000 0.000000 0.000000 0.000000 0.000000
18:01:58 0.300000 0.000000 3.625000 0.000000 224.460999 0.000000 -0.386000 0.000000 2604411.787000 530963.177000 23.549768 87.303368 0.000000 0.000000 0.000000 0.000000 0.000000 0.000000
18:01:59 0.300000 0.000000 3.625000 0.000000 224.460999 0.000000 -0.386000 0.000000 2604411.787000 530963.177000 23.549768 87.303368 0.000000 0.000000 0.000000 0.000000 0.000000 0.000000
18:01:59 0.300000 0.000000 3.625000 0.000000 224.460999 0.000000 -0.386000 0.000000 2604411.743000 530963.242000 23.549768 87.303368 0.000000 0.000000 0.000000 0.000000 0.000000 0.000000
18:02:00 0.300000 0.000000 3.625000 0.000000 224.460999 0.000000 -0.386000 0.000000 2604411.743000 530963.242000 23.549768 87.303368 0.000000 0.000000 0.000000 0.000000 0.000000 0.000000
18:02:00 0.300000 0.000000 3.625000 0.000000 224.460999 0.000000 -0.386000 0.000000 2604411.741000 530963.334000 23.549768 87.303368 0.000000 0.000000 0.000000 0.000000 0.000000 0.000000
18:02:00 0.300000 0.000000 3.625000 0.000000 224.460999 0.000000 -0.386000 0.000000 2604411.741000 530963.334000 23.549768 87.303368 0.000000 0.000000 0.000000 0.000000 0.000000 0.000000
18:02:01 0.300000 0.000000 3.625000 0.000000 224.460999 0.000000 -0.386000 0.000000 2604411.741000 530963.334000 23.549768 87.303368 0.000000 0.000000 0.000000 0.000000 0.000000 0.000000
18:02:01 0.300000 0.000000 3.625000 0.000000 224.460999 0.000000 -0.386000 0.000000 2604411.741000 530963.334000 23.549768 87.303368 0.000000 0.000000 0.000000 0.000000 0.000000 0.000000
18:02:02 0.300000 0.000000 3.625000 0.000000 224.460999 0.000000 -0.386000 0.000000 2604411.741000 530963.334000 23.549768 87.303368 0.000000 0.000000 0.000000 0.000000 0.000000 0.000000
18:02:02 0.300000 0.000000 3.625000 0.000000 224.460999 0.000000 -0.386000 0.000000 2604411.708000 530963.455000 23.549768 87.303368 0.000000 0.000000 0.000000 0.000000 0.000000 0.000000
18:02:02 0.300000 0.000000 3.625000 0.000000 224.460999 0.000000 -0.386000 0.000000 2604411.708000 530963.455000 23.549768 87.303368 0.000000 0.000000 0.000000 0.000000 0.000000 0.000000
18:02:03 0.300000 0.000000 3.625000 0.000000 224.460999 0.000000 -0.386000 0.000000 2604411.708000 530963.455000 23.549768 87.303368 0.000000 0.000000 0.000000 0.000000 0.000000 0.000000
18:02:03 0.300000 0.000000 3.625000 0.000000 224.460999 0.000000 -0.386000 0.000000 2604411.708000 530963.455000 23.549768 87.303368 0.000000 0.000000 0.000000 0.000000 0.000000 0.000000
18:02:04 0.300000 0.000000 3.625000 0.000000 224.460999 0.000000 -0.386000 0.000000 2604411.708000 530963.455000 23.549768 87.303368 0.000000 0.000000 0.000000 0.000000 0.000000 0.000000
18:02:04 0.300000 0.000000 3.625000 0.000000 224.460999 0.000000 -0.386000 0.000000 2604411.856000 530963.551000 23.549768 87.303368 0.000000 0.000000 0.000000 0.000000 0.000000 0.000000
18:02:04 0.300000 0.000000 3.625000 0.000000 224.460999 0.000000 -0.386000 0.000000 2604411.856000 530963.551000 23.549768 87.303368 0.000000 0.000000 0.000000 0.000000 0.000000 0.000000
18:02:05 0.300000 0.000000 3.625000 0.000000 224.460999 0.000000 -0.386000 0.000000 2604411.856000 530963.551000 23.549768 87.303368 0.000000 0.000000 0.000000 0.000000 0.000000 0.000000
18:02:05 0.300000 0.000000 3.625000 0.000000 224.460999 0.000000 -0.386000 0.000000 2604411.805000 530963.604000 23.549768 87.303368 0.000000 0.000000 0.000000 0.000000 0.000000 0.000000
18:02:06 0.300000 0.000000 3.625000 0.000000 224.460999 0.000000 -0.386000 0.000000 2604411.805000 530963.604000 23.549768 87.303368 0.000000 0.000000 0.000000 0.000000 0.000000 0.000000
18:02:06 0.300000 0.000000 3.625000 0.000000 224.460999 0.000000 -0.386000 0.000000 2604411.805000 530963.604000 23.549768 87.303368 0.000000 0.000000 0.000000 0.000000 0.000000 0.000000
18:02:06 0.300000 0.000000 3.625000 0.000000 224.460999 0.000000 -0.386000 0.000000 2604411.805000 530963.604000 23.549768 87.303368 0.000000 0.000000 0.000000 0.000000 0.000000 0.000000
18:02:07 0.300000 0.000000 3.625000 0.000000 224.460999 0.000000 -0.386000 0.000000 2604411.805000 530963.604000 23.549768 87.303368 0.000000 0.000000 0.000000 0.000000 0.000000 0.000000
18:02:07 0.300000 0.000000 3.625000 0.000000 224.460999 0.000000 -0.386000 0.000000 2604411.897000 530963.761000 23.549768 87.303368 0.000000 0.000000 0.000000 0.000000 0.000000 0.000000
18:02:08 0.300000 0.000000 3.625000 0.000000 224.460999 0.000000 -0.386000 0.000000 2604411.897000 530963.761000 23.549768 87.303368 0.000000 0.000000 0.000000 0.000000 0.000000 0.000000
