12:24:36 0.200000 0.000000 0.000000 0.000000 83.569000 0.000000 -1.753000 0.000000 3.021300 1467786.953000 454057.614000 13.276814 80.575867 0.000000 -32.768002 -32.768002 -32.768002 0.000000 0.000000
12:24:37 0.100000 0.000000 0.000000 0.000000 80.458000 131.610001 0.619000 7.530000 8.717300 1467787.766000 454058.066000 13.276822 80.575874 0.000000 -32.768002 -32.768002 -32.768002 0.000000 0.000000
12:24:38 0.200000 0.000000 0.000000 0.000000 80.458000 131.610001 -4.404000 7.530000 1.556300 1467789.074000 454058.409000 13.276834 80.575874 0.000000 -32.768002 -32.768002 -32.768002 0.000000 0.000000
12:24:40 0.500000 0.000000 0.000000 0.000000 81.351997 129.899994 -5.593000 5.910000 7.617300 1467790.129000 454058.610000 13.276843 80.575874 0.000000 -32.768002 -32.768002 -32.768002 0.000000 0.000000
12:24:41 0.800000 0.000000 0.000000 0.000000 79.639000 129.899994 -1.749000 5.910000 1.737300 1467791.279000 454058.512000 13.276854 80.575874 0.000000 -32.768002 -32.768002 -32.768002 0.000000 0.000000
12:24:43 1.000000 0.000000 0.000000 0.000000 77.127998 126.419998 -4.903000 5.980000 5.697300 1467792.047000 454058.790000 13.276860 80.575882 0.000000 -32.768002 -32.768002 -32.768002 0.000000 0.000000
12:24:44 1.200000 0.000000 0.000000 0.000000 70.014999 121.099998 -7.535000 2.460000 1.188300 1467793.689000 454058.827000 13.276875 80.575882 0.000000 -32.768002 -32.768002 -32.768002 0.000000 0.000000
12:24:45 1.700000 0.000000 0.000000 0.000000 70.014999 117.260002 -7.535000 9.380000 1.188300 1467794.120000 454058.844000 13.276875 80.575882 0.000000 -32.768002 -32.768002 -32.768002 0.000000 0.000000
12:24:47 1.900000 0.000000 0.000000 0.000000 66.720001 117.360001 -8.814000 9.810000 0.111300 1467794.562000 454058.895000 13.276883 80.575882 0.000000 -32.768002 -32.768002 -32.768002 0.000000 0.000000
12:24:48 2.200000 0.000000 0.000000 0.000000 66.845001 117.919998 -13.473000 12.650000 2.053300 1467795.403000 454058.976000 13.276891 80.575882 0.000000 -32.768002 -32.768002 -32.768002 0.000000 0.000000
12:24:49 2.400000 0.000000 0.000000 0.000000 70.061996 117.919998 -15.463000 12.650000 6.482300 1467796.562000 454058.948000 13.276901 80.575882 0.000000 -32.768002 -32.768002 -32.768002 0.000000 0.000000
12:24:50 2.500000 0.000000 0.000000 0.000000 73.600998 117.919998 -15.668000 12.650000 5.402300 1467797.349000 454058.804000 13.276908 80.575882 0.000000 -32.768002 -32.768002 -32.768002 0.000000 0.000000
12:24:51 2.800000 0.000000 0.000000 0.000000 78.075996 117.919998 -16.018999 12.650000 4.518300 1467797.912000 454058.748000 13.276914 80.575874 0.000000 -32.768002 -32.768002 -32.768002 0.000000 0.000000
12:24:53 3.200000 0.000000 0.000000 0.000000 82.962997 136.229996 -15.254000 12.580000 2.649300 1467798.622000 454058.697000 13.276920 80.575874 0.000000 -32.768002 -32.768002 -32.768002 0.000000 0.000000
12:24:54 3.200000 0.000000 0.000000 0.000000 89.162003 139.339996 -13.950000 12.190000 4.259300 1467799.618000 454058.728000 13.276929 80.575874 0.000000 -32.768002 -32.768002 -32.768002 0.000000 0.000000
12:24:55 3.400000 0.000000 0.000000 0.000000 89.162003 142.020004 -13.950000 11.860000 4.259300 1467800.081000 454058.605000 13.276929 80.575874 0.000000 -32.768002 -32.768002 -32.768002 0.000000 0.000000
12:24:57 3.400000 0.000000 0.000000 0.000000 94.091003 144.059998 -11.187000 10.830000 3.199300 1467800.713000 454058.369000 13.276938 80.575874 0.000000 -32.768002 -32.768002 -32.768002 0.000000 0.000000
12:24:58 3.800000 0.000000 0.000000 0.000000 95.526001 145.869995 -10.121000 10.990000 4.741300 0.008000 0.006800 13.276945 80.575874 0.000000 -32.768002 -32.768002 -32.768002 0.000000 0.000000
12:24:59 3.900000 0.000000 0.000000 0.000000 96.956001 145.869995 -10.445000 10.990000 6.322300 1467801.967000 454058.258000 13.276950 80.575874 0.000000 -32.768002 -32.768002 -32.768002 0.000000 0.000000
12:25:00 4.300000 0.000000 0.000000 0.000000 98.003998 145.869995 -11.164000 10.990000 5.374300 0.008000 0.006800 13.276952 80.575874 0.000000 -32.768002 -32.768002 -32.768002 0.000000 0.000000
12:25:01 4.300000 0.000000 0.000000 0.000000 98.607002 145.869995 -12.173000 10.990000 3.470300 1467802.441000 454058.299000 13.276955 80.575874 0.000000 -32.768002 -32.768002 -32.768002 0.000000 0.000000
12:25:03 4.700000 0.000000 0.000000 0.000000 99.648003 150.669998 -11.520000 12.080000 4.905300 0.008000 0.006800 13.276959 80.575874 0.000000 -32.768002 -32.768002 -32.768002 0.000000 0.000000
12:25:04 5.000000 0.000000 0.000000 0.000000 102.852997 152.669998 -10.680000 11.520000 3.604300 1467804.135000 454057.723000 13.276970 80.575867 0.000000 -32.768002 -32.768002 -32.768002 0.000000 0.000000
12:25:06 5.400000 0.000000 0.000000 0.000000 102.852997 154.089996 -10.680000 10.020000 3.604300 1467804.902000 454057.619000 13.276977 80.575867 0.000000 -32.768002 -32.768002 -32.768002 0.000000 0.000000
12:25:07 5.500000 0.000000 0.000000 0.000000 104.753998 154.729996 -9.444000 10.140000 6.134300 1467806.058000 454057.447000 13.276987 80.575867 0.000000 -32.768002 -32.768002 -32.768002 0.000000 0.000000
12:25:08 5.700000 0.000000 0.000000 0.000000 106.448997 154.729996 -7.488000 10.140000 4.638300 1467806.642000 454057.266000 13.276993 80.575867 0.000000 -32.768002 -32.768002 -32.768002 0.000000 0.000000
12:25:10 6.100000 0.000000 0.000000 0.000000 107.459000 157.619995 -6.900000 7.430000 4.080300 1467806.916000 454057.158000 13.276995 80.575867 0.000000 -32.768002 -32.768002 -32.768002 0.000000 0.000000
12:25:11 6.300000 0.000000 0.000000 0.000000 107.765999 157.619995 -6.434000 7.430000 2.684300 1467807.610000 454056.936000 13.277001 80.575859 0.000000 -32.768002 -32.768002 -32.768002 0.000000 0.000000
12:25:12 6.700000 0.000000 0.000000 0.000000 107.765999 157.619995 -6.434000 7.430000 2.684300 1467808.218000 454056.692000 13.277001 80.575859 0.000000 -32.768002 -32.768002 -32.768002 0.000000 0.000000
12:25:14 6.900000 0.000000 0.000000 0.000000 110.535004 161.669998 -6.092000 8.890000 6.133300 1467808.918000 454056.286000 13.277013 80.575851 0.000000 -32.768002 -32.768002 -32.768002 0.000000 0.000000
12:25:16 7.400000 0.000000 0.000000 0.000000 115.241997 164.270004 -7.651000 9.370000 5.581300 1467809.845000 454055.568000 13.277021 80.575851 0.000000 -32.768002 -32.768002 -32.768002 0.000000 0.000000
12:25:17 7.600000 0.000000 0.000000 0.000000 119.880997 169.710007 -9.686000 11.320000 6.264300 1467810.544000 454054.916000 13.277028 80.575844 0.000000 -32.768002 -32.768002 -32.768002 0.000000 0.000000
12:25:18 8.100000 0.000000 0.000000 0.000000 123.473000 169.710007 -11.326000 11.320000 5.087300 1467810.996000 454054.367000 13.277032 80.575836 0.000000 -32.768002 -32.768002 -32.768002 0.000000 0.000000
12:25:20 8.300000 0.000000 0.000000 0.000000 125.505997 175.000000 -11.673000 12.490000 5.601300 0.008000 0.006400 13.277036 80.575836 0.000000 -32.768002 -32.768002 -32.768002 0.000000 0.000000
12:25:21 8.500000 0.000000 0.000000 0.000000 127.008003 175.000000 -10.663000 12.490000 5.713300 1467812.135000 454053.376000 13.277042 80.575829 0.000000 -32.768002 -32.768002 -32.768002 0.000000 0.000000
12:25:22 8.700000 0.000000 0.000000 0.000000 126.896004 175.000000 -10.497000 12.490000 5.122300 1467812.435000 454053.108000 13.277044 80.575829 0.000000 -32.768002 -32.768002 -32.768002 0.000000 0.000000
12:25:24 9.100000 0.000000 0.000000 0.000000 125.350998 173.240005 -10.887000 10.840000 4.759300 1467812.849000 454052.757000 13.277048 80.575821 0.000000 -32.768002 -32.768002 -32.768002 0.000000 0.000000
12:25:26 9.500000 0.000000 0.000000 0.000000 122.939003 171.979996 -10.252000 11.220000 5.459300 1467813.735000 454052.043000 13.277057 80.575813 0.000000 -32.768002 -32.768002 -32.768002 0.000000 0.000000
12:25:27 9.500000 0.000000 0.000000 0.000000 122.939003 171.979996 -10.252000 11.220000 5.459300 0.008000 0.006200 13.277057 80.575813 0.000000 -32.768002 -32.768002 -32.768002 0.000000 0.000000
12:25:28 9.800000 0.000000 0.000000 0.000000 123.236000 172.139999 -8.717000 10.650000 5.842300 1467814.959000 454051.158000 13.277067 80.575806 0.000000 -32.768002 -32.768002 -32.768002 0.000000 0.000000
12:25:29 10.000000 0.000000 0.000000 0.000000 123.236000 172.139999 -8.717000 10.650000 5.842300 1467815.288000 454050.892000 13.277070 80.575806 0.000000 -32.768002 -32.768002 -32.768002 0.000000 0.000000
12:25:31 10.500000 0.000000 0.000000 0.000000 124.491997 173.869995 -9.269000 9.670000 4.322300 1467815.562000 454050.619000 13.277073 80.575806 0.000000 -32.768002 -32.768002 -32.768002 0.000000 0.000000
12:25:32 10.500000 0.000000 0.000000 0.000000 126.107002 173.869995 -8.006000 9.670000 4.879300 1467816.115000 454050.052000 13.277078 80.575798 0.000000 -32.768002 -32.768002 -32.768002 0.000000 0.000000
12:25:34 10.900000 0.000000 0.000000 0.000000 127.332001 176.750000 -7.367000 8.440000 3.982300 1467816.515000 454049.677000 13.277081 80.575790 0.000000 -32.768002 -32.768002 -32.768002 0.000000 0.000000
12:25:36 11.300000 0.000000 0.000000 0.000000 128.876007 177.550003 -6.585000 7.950000 4.286300 1467817.276000 454049.255000 13.277088 80.575790 0.000000 -32.768002 -32.768002 -32.768002 0.000000 0.000000
12:25:37 11.500000 0.000000 0.000000 0.000000 130.492996 177.550003 -5.651000 7.950000 4.796300 1467817.841000 454048.918000 13.277094 80.575790 0.000000 -32.768002 -32.768002 -32.768002 0.000000 0.000000
12:25:38 11.600000 0.000000 0.000000 0.000000 131.914001 180.720001 -5.201000 6.820000 4.425300 1467818.202000 454048.587000 13.277097 80.575783 0.000000 -32.768002 -32.768002 -32.768002 0.000000 0.000000
12:25:39 11.900000 0.000000 0.000000 0.000000 132.998993 180.720001 -5.003000 6.820000 3.387300 1467818.631000 454048.175000 13.277101 80.575783 0.000000 -32.768002 -32.768002 -32.768002 0.000000 0.000000
12:25:41 12.300000 0.000000 0.000000 0.000000 133.815994 182.740005 -4.421000 6.180000 4.115300 1467819.094000 454047.829000 13.277104 80.575775 0.000000 -32.768002 -32.768002 -32.768002 0.000000 0.000000
12:25:42 12.500000 0.000000 0.000000 0.000000 135.264008 182.740005 -3.527000 6.180000 4.353300 1467819.828000 454047.351000 13.277111 80.575775 0.000000 -32.768002 -32.768002 -32.768002 0.000000 0.000000
12:25:43 12.800000 0.000000 0.000000 0.000000 135.264008 182.740005 -3.527000 6.180000 4.353300 1467820.140000 454047.098000 13.277111 80.575775 0.000000 -32.768002 -32.768002 -32.768002 0.000000 0.000000
12:25:44 13.100000 0.000000 0.000000 0.000000 136.317993 182.740005 -3.425000 6.180000 3.950300 1467820.462000 454046.794000 13.277117 80.575768 0.000000 -32.768002 -32.768002 -32.768002 0.000000 0.000000
12:25:46 13.100000 0.000000 0.000000 0.000000 136.317993 184.600006 -3.425000 5.420000 3.950300 1467820.728000 454046.558000 13.277117 80.575768 0.000000 -32.768002 -32.768002 -32.768002 0.000000 0.000000
12:25:47 13.600000 0.000000 0.000000 0.000000 136.175995 184.600006 -3.269000 5.420000 3.820300 1467821.051000 454046.280000 13.277122 80.575760 0.000000 -32.768002 -32.768002 -32.768002 0.000000 0.000000
12:25:48 13.800000 0.000000 0.000000 0.000000 135.822998 184.050003 -3.572000 5.400000 3.812300 0.008000 0.007600 13.277125 80.575760 0.000000 -32.768002 -32.768002 -32.768002 0.000000 0.000000
12:25:49 14.300000 0.000000 0.000000 0.000000 135.304993 184.050003 -3.894000 5.400000 4.132300 1467821.838000 454045.764000 13.277129 80.575760 0.000000 -32.768002 -32.768002 -32.768002 0.000000 0.000000
12:25:50 14.500000 0.000000 0.000000 0.000000 135.304993 184.050003 -3.894000 5.400000 4.132300 1467822.139000 454045.549000 13.277129 80.575760 0.000000 -32.768002 -32.768002 -32.768002 0.000000 0.000000
12:25:52 14.800000 0.000000 0.000000 0.000000 134.363998 182.399994 -4.129000 6.060000 4.233300 1467822.463000 454045.291000 13.277135 80.575752 0.000000 -32.768002 -32.768002 -32.768002 0.000000 0.000000
12:25:53 15.000000 0.000000 0.000000 0.000000 133.300995 182.399994 -4.548000 6.060000 3.680300 1467822.977000 454044.900000 13.277140 80.575752 0.000000 -32.768002 -32.768002 -32.768002 0.000000 0.000000
12:25:54 15.200000 0.000000 0.000000 0.000000 132.559998 182.399994 -4.412000 6.060000 3.730300 1467823.486000 454044.633000 13.277144 80.575745 0.000000 -32.768002 -32.768002 -32.768002 0.000000 0.000000
12:25:56 15.700000 0.000000 0.000000 0.000000 132.044006 180.800003 -4.104000 5.850000 4.133300 1467823.939000 454044.390000 13.277148 80.575745 0.000000 -32.768002 -32.768002 -32.768002 0.000000 0.000000
12:25:57 15.900000 0.000000 0.000000 0.000000 131.518997 180.800003 -3.679000 5.850000 4.407300 1467824.433000 454044.102000 13.277153 80.575745 0.000000 -32.768002 -32.768002 -32.768002 0.000000 0.000000
12:25:58 16.200001 0.000000 0.000000 0.000000 131.070007 179.440002 -3.465000 5.930000 4.222300 1467824.756000 454043.885000 13.277156 80.575737 0.000000 -32.768002 -32.768002 -32.768002 0.000000 0.000000
12:25:59 16.500000 0.000000 0.000000 0.000000 130.257004 179.440002 -3.706000 5.930000 4.135300 1467825.042000 454043.661000 13.277159 80.575737 0.000000 -32.768002 -32.768002 -32.768002 0.000000 0.000000
12:26:00 16.700001 0.000000 0.000000 0.000000 129.697006 179.440002 -4.227000 5.930000 4.055300 1467825.129000 454043.595000 13.277160 80.575737 0.000000 -32.768002 -32.768002 -32.768002 0.000000 0.000000
12:26:02 17.200001 0.000000 197.675995 0.000000 129.016006 177.500000 -4.991000 6.150000 3.666300 1467825.226000 454043.542000 13.277161 80.575737 0.000000 -32.768002 -32.768002 -32.768002 0.000000 0.000000
12:26:03 17.700001 0.000000 0.000000 0.000000 128.001007 177.500000 -5.586000 6.150000 3.489300 1467825.591000 454043.368000 13.277164 80.575737 0.000000 -32.768002 -32.768002 -32.768002 0.000000 0.000000
12:26:04 17.900000 0.000000 0.000000 0.000000 127.518997 177.500000 -5.398000 6.150000 4.004300 1467826.010000 454043.124000 13.277167 80.575729 0.000000 -32.768002 -32.768002 -32.768002 0.000000 0.000000
12:26:06 17.900000 0.000000 0.000000 0.000000 127.339996 176.300003 -5.119000 6.730000 4.105300 1467826.426000 454042.894000 13.277171 80.575729 0.000000 -32.768002 -32.768002 -32.768002 0.000000 0.000000
12:26:07 18.400000 0.000000 0.000000 0.000000 127.292000 176.300003 -4.878000 6.730000 3.982300 1467826.901000 454042.634000 13.277175 80.575729 0.000000 -32.768002 -32.768002 -32.768002 0.000000 0.000000
12:26:08 18.700001 0.000000 0.000000 0.000000 127.292000 176.080002 -4.824000 7.080000 4.417300 1467827.219000 454042.449000 13.277178 80.575729 0.000000 -32.768002 -32.768002 -32.768002 0.000000 0.000000
12:26:09 19.200001 0.000000 0.000000 0.000000 127.454002 176.080002 -5.081000 7.080000 4.428300 1467827.571000 454042.275000 13.277182 80.575722 0.000000 -32.768002 -32.768002 -32.768002 0.000000 0.000000
12:26:10 19.400000 0.000000 0.000000 0.000000 127.507004 176.080002 -5.376000 7.080000 4.365300 1467827.744000 454042.221000 13.277183 80.575722 0.000000 -32.768002 -32.768002 -32.768002 0.000000 0.000000
12:26:12 19.700001 0.000000 0.000000 0.000000 127.553001 176.500000 -5.711000 7.250000 4.375300 1467827.889000 454042.176000 13.277184 80.575722 0.000000 -32.768002 -32.768002 -32.768002 0.000000 0.000000
12:26:13 19.900000 0.000000 0.000000 0.000000 127.846001 176.500000 -5.958000 7.250000 4.177300 1467828.211000 454042.041000 13.277187 80.575722 0.000000 -32.768002 -32.768002 -32.768002 0.000000 0.000000
12:26:14 20.500000 0.000000 0.000000 0.000000 128.175003 176.500000 -5.886000 7.250000 4.075300 0.008000 0.007200 13.277189 80.575722 0.000000 -32.768002 -32.768002 -32.768002 0.000000 0.000000
12:26:16 20.700001 0.000000 0.000000 0.000000 128.528000 177.250000 -5.709000 7.220000 4.076300 1467828.738000 454041.758000 13.277192 80.575722 0.000000 -32.768002 -32.768002 -32.768002 0.000000 0.000000
12:26:17 21.000000 0.000000 0.000000 0.000000 129.020004 177.250000 -5.540000 7.220000 4.104300 0.008000 0.007100 13.277194 80.575722 0.000000 -32.768002 -32.768002 -32.768002 0.000000 0.000000
12:26:18 21.299999 0.000000 0.000000 0.000000 129.496994 178.389999 -5.566000 7.420000 4.429300 1467829.198000 454041.576000 13.277196 80.575722 0.000000 -32.768002 -32.768002 -32.768002 0.000000 0.000000
12:26:19 21.500000 0.000000 0.000000 0.000000 129.496994 178.389999 -5.566000 7.420000 4.429300 1467829.439000 454041.540000 13.277196 80.575722 0.000000 -32.768002 -32.768002 -32.768002 0.000000 0.000000
12:26:20 21.700001 0.000000 0.000000 0.000000 130.641998 178.389999 -6.024000 7.420000 3.929300 1467829.623000 454041.505000 13.277200 80.575722 0.000000 -32.768002 -32.768002 -32.768002 0.000000 0.000000
12:26:22 22.299999 0.000000 0.000000 0.000000 130.996002 179.889999 -5.988000 7.140000 4.037300 0.008000 0.007100 13.277203 80.575714 0.000000 -32.768002 -32.768002 -32.768002 0.000000 0.000000
12:26:23 22.600000 0.000000 0.000000 0.000000 131.714005 179.889999 -5.861000 7.140000 4.113300 1467830.307000 454041.353000 13.277206 80.575714 0.000000 -32.768002 -32.768002 -32.768002 0.000000 0.000000
12:26:24 22.799999 0.000000 0.000000 0.000000 132.261993 180.729996 -5.877000 7.200000 4.120300 1467830.530000 454041.303000 13.277208 80.575714 0.000000 -32.768002 -32.768002 -32.768002 0.000000 0.000000
12:26:25 23.000000 0.000000 0.000000 0.000000 132.973007 181.330002 -5.929000 7.260000 4.186300 1467830.732000 454041.209000 13.277210 80.575714 0.000000 -32.768002 -32.768002 -32.768002 0.000000 0.000000
12:26:27 23.600000 0.000000 0.000000 0.000000 132.973007 181.880005 -5.929000 7.440000 4.186300 1467830.855000 454041.137000 13.277210 80.575714 0.000000 -32.768002 -32.768002 -32.768002 0.000000 0.000000
12:26:28 23.799999 0.000000 0.000000 0.000000 134.220993 181.880005 -5.856000 7.440000 4.048300 1467830.961000 454041.078000 13.277212 80.575714 0.000000 -32.768002 -32.768002 -32.768002 0.000000 0.000000
12:26:29 24.100000 0.000000 0.000000 0.000000 134.220993 181.880005 -5.856000 7.440000 4.048300 1467831.077000 454041.085000 13.277212 80.575714 0.000000 -32.768002 -32.768002 -32.768002 0.000000 0.000000
12:26:31 24.299999 0.000000 0.000000 0.000000 135.334000 182.800003 -5.977000 7.630000 4.114300 1467834.353000 454042.436000 13.277268 80.575737 0.000000 -32.768002 -32.768002 -32.768002 0.000000 0.000000
12:26:32 24.900000 0.000000 191.337997 0.000000 136.427002 182.800003 -6.115000 7.630000 4.431300 1467842.505000 454046.579000 13.277316 80.575768 0.000000 -32.768002 -32.768002 -32.768002 0.000000 0.000000
12:26:34 25.299999 0.000000 0.000000 0.000000 137.156006 185.509995 -6.003000 7.380000 4.402300 1467842.857000 454046.642000 13.277320 80.575768 0.000000 -32.768002 -32.768002 -32.768002 0.000000 0.000000
12:26:35 25.600000 0.000000 190.013000 0.000000 138.065994 185.509995 -5.588000 7.380000 4.747300 1467843.395000 454046.683000 13.277349 80.575775 0.000000 -32.768002 -32.768002 -32.768002 0.000000 0.000000
12:26:37 25.799999 0.000000 0.000000 0.000000 138.615997 185.720001 -5.402000 7.580000 4.447300 1467849.033000 454048.127000 13.277375 80.575775 0.000000 -32.768002 -32.768002 -32.768002 0.000000 0.000000
12:26:38 26.400000 0.000000 0.000000 190.330002 139.263000 185.720001 -5.526000 7.580000 4.080300 1467853.647000 454049.007000 13.277417 80.575790 0.000000 0.055000 0.381000 -0.303000 0.000000 0.000000
12:26:39 26.600000 0.000000 0.000000 190.330002 139.263000 185.720001 -5.526000 7.580000 4.080300 1467853.931000 454049.142000 13.277417 80.575790 0.000000 0.055000 0.381000 -0.303000 0.000000 0.000000
12:26:41 27.200001 0.000000 0.000000 190.330002 139.699005 187.850006 -5.900000 7.350000 4.149300 1467857.533000 454050.148000 13.277452 80.575798 0.000000 0.055000 0.381000 -0.303000 0.000000 0.000000
12:26:42 27.400000 0.000000 188.638000 190.330002 139.848007 187.850006 -6.007000 7.350000 4.291300 1467859.865000 454051.038000 13.277473 80.575806 0.000000 0.055000 0.381000 -0.303000 0.000000 0.000000
12:26:44 27.700001 0.000000 188.080002 190.330002 140.154999 187.190002 -5.954000 7.430000 4.215300 1467861.994000 454051.714000 13.277493 80.575813 0.000000 0.055000 0.381000 -0.303000 0.000000 0.000000
12:26:45 28.200001 0.000000 0.000000 190.330002 141.087006 187.190002 -5.880000 7.430000 4.169300 1467865.841000 454052.484000 13.277528 80.575821 0.000000 0.055000 0.381000 -0.303000 0.000000 0.000000
12:26:47 28.700001 0.000000 0.000000 190.330002 141.850998 188.679993 -5.836000 7.800000 4.412300 0.008000 0.006200 13.277545 80.575821 0.000000 0.055000 0.381000 -0.303000 0.000000 0.000000
12:26:48 29.000000 0.000000 0.000000 190.330002 142.686996 188.679993 -5.811000 7.800000 4.324300 1467871.247000 454052.758000 13.277576 80.575821 0.000000 0.055000 0.381000 -0.303000 0.000000 0.000000
12:26:49 29.000000 0.000000 0.000000 190.330002 142.686996 188.679993 -5.811000 7.800000 4.324300 1467872.885000 454052.843000 13.277576 80.575821 0.000000 0.055000 0.381000 -0.303000 0.000000 0.000000
12:26:51 29.799999 0.000000 0.000000 190.330002 143.630005 190.399994 -5.841000 7.870000 4.629300 1467874.536000 454053.051000 13.277606 80.575821 0.000000 0.055000 0.381000 -0.303000 0.000000 0.000000
12:26:52 30.000000 0.000000 0.000000 190.330002 144.645004 190.399994 -5.700000 7.870000 4.460300 1467877.393000 454053.451000 13.277632 80.575829 0.000000 0.055000 0.381000 -0.303000 0.000000 0.000000
12:26:54 30.600000 0.000000 0.000000 190.330002 145.468002 192.289993 -5.578000 7.290000 4.170300 1467878.885000 454053.664000 13.277645 80.575829 0.000000 0.055000 0.381000 -0.303000 0.000000 0.000000
12:26:55 30.600000 0.000000 0.000000 190.330002 146.839996 192.289993 -5.523000 7.290000 4.479300 1467881.621000 454053.871000 13.277670 80.575829 0.000000 0.055000 0.381000 -0.303000 0.000000 0.000000
12:26:56 31.100000 0.000000 184.686996 190.330002 146.839996 192.289993 -5.523000 7.290000 4.479300 1467882.976000 454053.867000 13.277670 80.575829 0.000000 0.055000 0.381000 -0.303000 0.000000 0.000000
12:26:58 31.600000 0.000000 0.000000 190.330002 148.360001 194.809998 -5.374000 7.140000 4.062300 1467884.443000 454053.836000 13.277696 80.575829 0.000000 0.055000 0.381000 -0.303000 0.000000 0.000000
12:26:59 31.900000 0.000000 184.436996 190.330002 149.406998 194.809998 -5.155000 7.140000 4.062300 1467887.019000 454053.596000 13.277719 80.575829 0.000000 0.055000 0.381000 -0.303000 0.000000 0.000000
12:27:01 32.500000 0.000000 183.848999 190.330002 150.097000 196.649994 -5.060000 7.040000 4.169300 1467888.464000 454053.494000 13.277732 80.575829 0.000000 0.055000 0.381000 -0.303000 0.000000 0.000000
12:27:02 32.500000 0.000000 183.399002 190.330002 151.341995 196.649994 -4.986000 7.040000 4.055300 1467891.112000 454053.337000 13.277756 80.575829 0.000000 0.055000 0.381000 -0.303000 0.000000 0.000000
12:27:04 33.200001 0.000000 0.000000 190.330002 152.302002 198.660004 -5.019000 7.070000 4.263300 0.008000 0.006300 13.277770 80.575829 0.000000 0.055000 0.381000 -0.303000 0.000000 0.000000
12:27:05 33.500000 0.000000 0.000000 190.330002 153.764999 198.660004 -5.262000 7.070000 4.183300 1467894.317000 454053.361000 13.277792 80.575821 0.000000 0.055000 0.381000 -0.303000 0.000000 0.000000
12:27:06 33.700001 0.000000 0.000000 190.330002 153.764999 198.660004 -5.262000 7.070000 4.183300 1467895.542000 454053.252000 13.277792 80.575821 0.000000 0.055000 0.381000 -0.303000 0.000000 0.000000
12:27:08 34.099998 0.000000 0.000000 190.330002 155.244003 201.309998 -5.664000 7.230000 3.965300 1467897.402000 454052.842000 13.277813 80.575821 0.000000 0.055000 0.381000 -0.303000 0.000000 0.000000
12:27:09 34.299999 0.000000 0.000000 190.330002 155.934006 201.309998 -5.877000 7.230000 4.107300 1467898.869000 454052.704000 13.277832 80.575821 0.000000 0.055000 0.381000 -0.303000 0.000000 0.000000
12:27:11 35.099998 0.000000 0.000000 190.330002 156.328995 202.429993 -5.854000 7.300000 3.992300 1467900.815000 454052.234000 13.277843 80.575813 0.000000 0.055000 0.381000 -0.303000 0.000000 0.000000
12:27:12 35.299999 0.000000 0.000000 190.330002 156.893005 202.429993 -5.618000 7.300000 4.260300 1467902.613000 454052.112000 13.277867 80.575813 0.000000 0.055000 0.381000 -0.303000 0.000000 0.000000
12:27:13 35.700001 0.000000 0.000000 190.330002 156.893005 202.429993 -5.618000 7.300000 4.260300 1467903.956000 454051.932000 13.277867 80.575813 0.000000 0.055000 0.381000 -0.303000 0.000000 0.000000
12:27:15 35.900002 0.000000 0.000000 190.330002 157.464005 203.259995 -5.422000 7.370000 4.064300 1467905.427000 454051.756000 13.277892 80.575806 0.000000 0.055000 0.381000 -0.303000 0.000000 0.000000
12:27:16 36.400002 0.000000 0.000000 190.330002 157.492996 203.259995 -5.476000 7.370000 4.234300 1467907.775000 454051.311000 13.277912 80.575806 0.000000 0.055000 0.381000 -0.303000 0.000000 0.000000
12:27:18 37.000000 0.000000 0.000000 190.330002 157.367996 203.220001 -5.530000 7.150000 3.967300 1467908.970000 454051.165000 13.277923 80.575806 0.000000 0.055000 0.381000 -0.303000 0.000000 0.000000
12:27:19 37.200001 0.000000 0.000000 190.330002 157.429001 203.220001 -5.369000 7.150000 3.708300 1467911.064000 454050.845000 13.277942 80.575798 0.000000 0.055000 0.381000 -0.303000 0.000000 0.000000
12:27:21 37.500000 0.000000 178.460999 190.330002 157.733994 203.759995 -5.293000 6.570000 3.554300 0.007000 0.006000 13.277952 80.575798 0.000000 0.055000 0.381000 -0.303000 0.000000 0.000000
12:27:22 38.000000 0.000000 0.000000 190.330002 158.468994 203.759995 -5.329000 6.570000 3.890300 1467915.062000 454050.130000 13.277973 80.575798 0.000000 0.055000 0.381000 -0.303000 0.000000 0.000000
12:27:23 38.299999 0.000000 176.572998 190.330002 158.468994 203.759995 -5.329000 6.570000 3.890300 1467915.670000 454050.187000 13.277973 80.575798 0.000000 0.055000 0.381000 -0.303000 0.000000 0.000000
12:27:24 38.599998 0.000000 0.000000 190.330002 159.572998 203.759995 -5.033000 6.570000 3.693300 1467917.619000 454049.630000 13.277996 80.575790 0.000000 0.055000 0.381000 -0.303000 0.000000 0.000000
12:27:26 39.099998 0.000000 177.089996 190.330002 160.173996 205.910004 -4.591000 6.330000 3.441300 0.007000 0.006900 13.278008 80.575790 0.000000 0.055000 0.381000 -0.303000 0.000000 0.000000
12:27:27 39.400002 0.000000 0.000000 190.330002 160.949997 205.910004 -4.025000 6.330000 3.848300 1467920.845000 454049.165000 13.278031 80.575783 0.000000 0.055000 0.381000 -0.303000 0.000000 0.000000
12:27:28 39.599998 0.000000 0.000000 190.330002 160.949997 205.910004 -4.025000 6.330000 3.848300 1467922.717000 454048.667000 13.278042 80.575783 0.000000 0.055000 0.381000 -0.303000 0.000000 0.000000
12:27:30 40.099998 0.000000 175.897995 190.330002 161.897003 207.419998 -4.109000 6.050000 3.528300 1467923.327000 454048.793000 13.278052 80.575783 0.000000 0.055000 0.381000 -0.303000 0.000000 0.000000
12:27:31 40.400002 0.000000 0.000000 190.330002 162.929001 207.419998 -4.419000 6.050000 3.618300 1467925.645000 454048.197000 13.278069 80.575775 0.000000 0.055000 0.381000 -0.303000 0.000000 0.000000
12:27:33 40.599998 0.000000 175.735992 190.330002 163.820999 209.259995 -4.440000 6.050000 3.726300 1467926.690000 454048.046000 13.278081 80.575775 0.000000 0.055000 0.381000 -0.303000 0.000000 0.000000
12:27:34 41.200001 0.000000 175.072998 190.330002 165.233994 209.259995 -4.175000 6.050000 3.716300 1467928.168000 454047.939000 13.278095 80.575775 0.000000 0.055000 0.381000 -0.303000 0.000000 0.000000
12:27:36 41.700001 0.000000 174.485992 190.330002 166.016006 211.210007 -3.927000 5.520000 3.204300 1467929.952000 454047.545000 13.278108 80.575775 0.000000 0.055000 0.381000 -0.303000 0.000000 0.000000
12:27:37 42.000000 0.000000 174.248001 190.330002 166.891006 211.210007 -3.648000 5.520000 3.482300 1467932.343000 454047.150000 13.278129 80.575768 0.000000 0.055000 0.381000 -0.303000 0.000000 0.000000
12:27:39 42.500000 0.000000 174.522995 190.330002 167.313004 212.490005 -3.592000 5.610000 3.397300 1467933.705000 454046.952000 13.278141 80.575768 0.000000 0.055000 0.381000 -0.303000 0.000000 0.000000
12:27:40 42.799999 0.000000 0.000000 190.330002 168.085999 212.490005 -3.646000 5.610000 3.597300 1467935.941000 454046.521000 13.278161 80.575760 0.000000 0.055000 0.381000 -0.303000 0.000000 0.000000
12:27:41 43.099998 0.000000 0.000000 190.330002 168.085999 212.490005 -3.753000 5.610000 3.891300 1467937.001000 454046.347000 13.278171 80.575760 0.000000 0.055000 0.381000 -0.303000 0.000000 0.000000
12:27:43 43.599998 0.000000 0.000000 190.330002 169.268997 214.320007 -3.857000 5.770000 3.557300 1467938.135000 454046.215000 13.278181 80.575760 0.000000 0.055000 0.381000 -0.303000 0.000000 0.000000
12:27:44 43.900002 0.000000 0.000000 190.330002 170.184998 214.320007 -3.816000 5.770000 3.943300 1467940.044000 454045.915000 13.278198 80.575760 0.000000 0.055000 0.381000 -0.303000 0.000000 0.000000
12:27:46 44.400002 0.000000 0.000000 190.330002 170.544998 215.300003 -3.827000 5.900000 3.707300 1467941.180000 454045.803000 13.278209 80.575752 0.000000 0.055000 0.381000 -0.303000 0.000000 0.000000
12:27:47 44.700001 0.000000 0.000000 190.330002 170.901001 215.300003 -3.956000 5.900000 3.469300 1467943.076000 454045.584000 13.278226 80.575752 0.000000 0.055000 0.381000 -0.303000 0.000000 0.000000
12:27:49 45.200001 0.000000 0.000000 190.330002 171.233994 216.050003 -4.035000 5.520000 3.159300 1467944.209000 454045.535000 13.278240 80.575752 0.000000 0.055000 0.381000 -0.303000 0.000000 0.000000
12:27:50 45.500000 0.000000 170.884995 190.330002 172.059998 216.050003 -3.986000 5.520000 3.733300 1467946.244000 454045.437000 13.278255 80.575752 0.000000 0.055000 0.381000 -0.303000 0.000000 0.000000
12:27:52 45.799999 0.000000 170.485001 190.330002 172.778000 217.570007 -3.886000 5.460000 3.073300 1467947.548000 454045.391000 13.278266 80.575752 0.000000 0.055000 0.381000 -0.303000 0.000000 0.000000
12:27:53 46.299999 0.000000 170.235001 190.330002 173.811005 217.570007 -3.637000 5.460000 3.525300 1467949.789000 454045.281000 13.278287 80.575752 0.000000 0.055000 0.381000 -0.303000 0.000000 0.000000
12:27:55 46.799999 0.000000 169.434998 190.330002 174.412994 219.160004 -3.492000 5.530000 3.297300 1467951.078000 454045.229000 13.278298 80.575752 0.000000 0.055000 0.381000 -0.303000 0.000000 0.000000
12:27:56 47.099998 0.000000 0.000000 190.330002 175.162003 219.160004 -3.335000 5.530000 3.110300 1467953.113000 454045.137000 13.278316 80.575752 0.000000 0.055000 0.381000 -0.303000 0.000000 0.000000
12:27:58 47.299999 0.000000 168.597000 190.330002 175.612000 220.320007 -3.332000 5.110000 3.044300 1467954.204000 454045.130000 13.278326 80.575752 0.000000 0.055000 0.381000 -0.303000 0.000000 0.000000
12:27:59 47.799999 0.000000 168.572006 190.330002 176.195007 220.320007 -3.310000 5.110000 2.593300 1467955.934000 454045.098000 13.278342 80.575752 0.000000 0.055000 0.381000 -0.303000 0.000000 0.000000
12:28:01 48.299999 0.000000 0.000000 190.330002 176.528000 221.220001 -3.206000 4.520000 2.680300 1467956.977000 454045.110000 13.278352 80.575752 0.000000 0.055000 0.381000 -0.303000 0.000000 0.000000
12:28:02 48.500000 0.000000 168.035004 190.330002 177.085007 221.220001 -3.020000 4.520000 2.632300 1467958.838000 454045.059000 13.278368 80.575752 0.000000 0.055000 0.381000 -0.303000 0.000000 0.000000
12:28:04 48.900002 0.000000 167.822006 190.330002 177.526993 222.250000 -2.919000 4.300000 2.572300 1467960.041000 454044.996000 13.278379 80.575745 0.000000 0.055000 0.381000 -0.303000 0.000000 0.000000
12:28:05 49.200001 0.000000 167.460007 190.330002 178.192993 222.250000 -2.818000 4.300000 2.685300 1467961.719000 454044.926000 13.278399 80.575745 0.000000 0.055000 0.381000 -0.303000 0.000000 0.000000
12:28:07 49.599998 0.000000 166.960007 190.330002 178.494003 223.080002 -2.730000 4.090000 2.152300 1467963.474000 454044.782000 13.278410 80.575745 0.000000 0.055000 0.381000 -0.303000 0.000000 0.000000
12:28:08 49.799999 0.000000 166.647003 190.330002 178.757996 223.080002 -2.410000 4.090000 1.960300 1467965.111000 454044.727000 13.278429 80.575745 0.000000 0.055000 0.381000 -0.303000 0.000000 0.000000
12:28:10 50.099998 0.000000 0.000000 190.330002 178.766006 223.380005 -2.082000 3.620000 2.183300 1467966.760000 454044.621000 13.278440 80.575745 0.000000 0.055000 0.381000 -0.303000 0.000000 0.000000
12:28:11 50.299999 0.000000 166.222000 190.330002 178.533005 223.380005 -1.675000 3.620000 2.770300 1467968.281000 454044.603000 13.278457 80.575745 0.000000 0.055000 0.381000 -0.303000 0.000000 0.000000
12:28:13 50.599998 0.000000 166.222000 190.330002 178.188004 222.809998 -1.512000 3.520000 2.733300 1467969.786000 454044.523000 13.278467 80.575745 0.000000 0.055000 0.381000 -0.303000 0.000000 0.000000
12:28:14 50.799999 0.000000 165.697006 190.330002 177.516998 222.809998 -1.322000 3.520000 2.196300 1467971.636000 454044.496000 13.278484 80.575745 0.000000 0.055000 0.381000 -0.303000 0.000000 0.000000
12:28:16 51.200001 0.000000 165.899994 190.330002 177.005997 221.710007 -1.143000 3.140000 2.640300 1467972.441000 454044.530000 13.278495 80.575745 0.000000 0.055000 0.381000 -0.303000 0.000000 0.000000
12:28:17 51.299999 0.000000 165.496994 190.330002 176.244003 221.710007 -0.927000 3.140000 2.409300 1467974.401000 454044.556000 13.278513 80.575745 0.000000 0.055000 0.381000 -0.303000 0.000000 0.000000
12:28:19 51.599998 0.000000 164.947006 190.330002 175.766998 220.619995 -0.800000 3.040000 2.703300 1467975.598000 454044.614000 13.278526 80.575745 0.000000 0.055000 0.381000 -0.303000 0.000000 0.000000
12:28:20 51.799999 0.000000 0.000000 190.330002 175.205994 220.619995 -0.705000 3.040000 2.848300 1467977.621000 454044.732000 13.278542 80.575745 0.000000 0.055000 0.381000 -0.303000 0.000000 0.000000
12:28:22 52.099998 0.000000 0.000000 190.330002 175.154999 219.979996 -0.622000 3.170000 3.075300 1467979.155000 454044.892000 13.278552 80.575745 0.000000 0.055000 0.381000 -0.303000 0.000000 0.000000
12:28:23 52.299999 0.000000 0.000000 190.330002 175.641006 219.979996 -0.342000 3.170000 3.047300 1467981.033000 454045.177000 13.278569 80.575752 0.000000 0.055000 0.381000 -0.303000 0.000000 0.000000
12:28:25 52.700001 0.000000 0.000000 190.330002 176.167999 220.919998 -0.063000 2.720000 3.172300 1467981.866000 454045.304000 13.278580 80.575752 0.000000 0.055000 0.381000 -0.303000 0.000000 0.000000
12:28:26 52.900002 0.000000 163.722000 190.330002 176.985001 220.919998 0.324000 2.720000 3.426300 1467983.751000 454045.555000 13.278597 80.575752 0.000000 0.055000 0.381000 -0.303000 0.000000 0.000000
12:28:28 53.400002 0.000000 163.459000 190.330002 177.483002 222.119995 0.557000 2.420000 3.208300 1467985.259000 454045.700000 13.278610 80.575752 0.000000 0.055000 0.381000 -0.303000 0.000000 0.000000
12:28:29 53.599998 0.000000 0.000000 190.330002 178.095993 222.119995 0.840000 2.420000 3.034300 1467987.293000 454045.874000 13.278625 80.575752 0.000000 0.055000 0.381000 -0.303000 0.000000 0.000000
12:28:31 54.099998 0.000000 162.539993 190.330002 178.481003 222.970001 0.994000 2.090000 3.010300 1467988.554000 454045.960000 13.278637 80.575760 0.000000 0.055000 0.381000 -0.303000 0.000000 0.000000
12:28:32 54.400002 0.000000 0.000000 190.330002 178.990005 222.970001 1.093000 2.090000 3.160300 1467990.660000 454046.128000 13.278656 80.575760 0.000000 0.055000 0.381000 -0.303000 0.000000 0.000000
12:28:34 54.799999 0.000000 161.695999 190.330002 179.240997 223.899994 1.070000 2.290000 3.327300 1467991.924000 454046.219000 13.278667 80.575760 0.000000 0.055000 0.381000 -0.303000 0.000000 0.000000
12:28:35 55.099998 0.000000 161.845993 190.330002 179.697998 223.899994 1.016000 2.290000 3.377300 1467993.850000 454046.411000 13.278685 80.575760 0.000000 0.055000 0.381000 -0.303000 0.000000 0.000000
12:28:37 55.599998 0.000000 161.496002 190.330002 179.964996 224.479996 1.032000 2.330000 3.531300 0.006000 0.005600 13.278698 80.575760 0.000000 0.055000 0.381000 -0.303000 0.000000 0.000000
12:28:38 55.799999 0.000000 0.000000 190.330002 180.255005 224.479996 0.986000 2.330000 3.466300 1467996.816000 454046.735000 13.278712 80.575768 0.000000 0.055000 0.381000 -0.303000 0.000000 0.000000
12:28:40 56.400002 0.000000 160.546005 190.330002 180.416000 224.919998 0.900000 2.520000 3.786300 0.006000 0.005600 13.278722 80.575768 0.000000 0.055000 0.381000 -0.303000 0.000000 0.000000
12:28:41 56.599998 0.000000 160.434006 190.330002 180.742004 224.919998 0.641000 2.520000 3.378300 1467999.899000 454047.042000 13.278740 80.575768 0.000000 0.055000 0.381000 -0.303000 0.000000 0.000000
12:28:43 57.099998 0.000000 159.959000 190.330002 180.742004 225.490005 0.641000 2.870000 3.378300 1468000.961000 454047.162000 13.278740 80.575768 0.000000 0.055000 0.381000 -0.303000 0.000000 0.000000
12:28:44 57.400002 0.000000 159.520996 190.330002 182.057999 225.490005 0.196000 2.870000 3.118300 1468003.047000 454047.398000 13.278769 80.575768 0.000000 0.055000 0.381000 -0.303000 0.000000 0.000000
12:28:46 57.900002 0.000000 158.899994 190.330002 182.813995 227.229996 0.037000 3.130000 3.548300 0.005000 0.005700 13.278781 80.575775 0.000000 0.055000 0.381000 -0.303000 0.000000 0.000000
12:28:47 58.200001 0.000000 159.059006 190.330002 184.126999 227.229996 -0.165000 3.130000 3.012300 1468005.924000 454047.812000 13.278794 80.575775 0.000000 0.055000 0.381000 -0.303000 0.000000 0.000000
12:28:49 58.400002 0.000000 158.250000 190.330002 184.988998 229.300003 -0.239000 2.970000 3.305300 0.005000 0.005700 13.278804 80.575775 0.000000 0.055000 0.381000 -0.303000 0.000000 0.000000
12:28:50 58.900002 0.000000 158.121002 190.330002 186.063004 229.300003 -0.400000 2.970000 3.569300 1468008.664000 454048.185000 13.278819 80.575775 0.000000 0.055000 0.381000 -0.303000 0.000000 0.000000
12:28:52 59.400002 0.000000 0.000000 190.330002 186.641998 230.789993 -0.515000 3.280000 3.445300 0.005000 0.005800 13.278829 80.575775 0.000000 0.055000 0.381000 -0.303000 0.000000 0.000000
12:28:53 59.700001 0.000000 157.233002 190.330002 187.371002 230.789993 -0.654000 3.280000 3.520300 1468011.442000 454048.520000 13.278844 80.575783 0.000000 0.055000 0.381000 -0.303000 0.000000 0.000000
12:28:55 60.000000 0.000000 157.033005 190.330002 187.828003 231.869995 -0.739000 3.210000 3.102300 1468012.523000 454048.625000 13.278855 80.575783 0.000000 0.055000 0.381000 -0.303000 0.000000 0.000000
12:28:56 60.500000 0.000000 156.707993 190.330002 188.427994 231.869995 -0.745000 3.210000 3.503300 1468014.065000 454048.765000 13.278870 80.575783 0.000000 0.055000 0.381000 -0.303000 0.000000 0.000000
12:28:58 60.900002 0.000000 156.845993 190.330002 188.751999 232.679993 -0.759000 3.300000 3.118300 1468015.400000 454048.853000 13.278880 80.575783 0.000000 0.055000 0.381000 -0.303000 0.000000 0.000000
12:28:59 61.200001 0.000000 155.783005 190.330002 189.100998 232.679993 -0.870000 3.300000 3.595300 1468016.971000 454048.924000 13.278896 80.575783 0.000000 0.055000 0.381000 -0.303000 0.000000 0.000000
12:29:01 61.700001 0.000000 0.000000 190.330002 189.276993 233.220001 -1.020000 3.560000 3.112300 1468018.317000 454048.998000 13.278906 80.575783 0.000000 0.055000 0.381000 -0.303000 0.000000 0.000000
12:29:02 61.900002 0.000000 154.940002 190.330002 189.468994 233.220001 -1.174000 3.560000 3.381300 1468019.792000 454049.066000 13.278921 80.575783 0.000000 0.055000 0.381000 -0.303000 0.000000 0.000000
12:29:04 62.400002 0.000000 0.000000 190.330002 189.412994 233.270004 -1.288000 3.720000 3.217300 1468021.016000 454049.104000 13.278931 80.575783 0.000000 0.055000 0.381000 -0.303000 0.000000 0.000000
12:29:05 62.700001 0.000000 154.320007 190.330002 189.427002 233.270004 -1.436000 3.720000 3.262300 1468022.425000 454049.140000 13.278945 80.575783 0.000000 0.055000 0.381000 -0.303000 0.000000 0.000000
12:29:07 63.200001 0.000000 153.932999 190.330002 189.725006 233.559998 -1.442000 3.930000 3.568300 1468023.421000 454049.151000 13.278955 80.575783 0.000000 0.055000 0.381000 -0.303000 0.000000 0.000000
12:29:09 63.700001 0.000000 153.645004 190.330002 189.725006 234.100006 -1.442000 4.250000 3.568300 1468025.102000 454049.139000 13.278970 80.575783 0.000000 0.055000 0.381000 -0.303000 0.000000 0.000000
12:29:10 63.900002 0.000000 153.945007 190.330002 191.341003 234.100006 -1.507000 4.250000 3.514300 1468026.979000 454049.126000 13.278987 80.575783 0.000000 0.055000 0.381000 -0.303000 0.000000 0.000000
12:29:12 64.400002 0.000000 152.832993 190.330002 192.108002 235.820007 -1.480000 4.160000 3.379300 0.005000 0.004900 13.278996 80.575783 0.000000 0.055000 0.381000 -0.303000 0.000000 0.000000
12:29:13 64.699997 0.000000 152.457993 190.330002 193.210999 235.820007 -1.382000 4.160000 3.226300 1468029.835000 454049.257000 13.279011 80.575783 0.000000 0.055000 0.381000 -0.303000 0.000000 0.000000
12:29:15 65.199997 0.000000 152.033005 190.330002 193.899002 237.570007 -1.281000 3.930000 3.397300 0.005000 0.004900 13.279019 80.575790 0.000000 0.055000 0.381000 -0.303000 0.000000 0.000000
12:29:16 65.400002 0.000000 151.820007 190.330002 195.251007 237.570007 -1.059000 3.930000 3.142300 1468032.047000 454049.479000 13.279032 80.575790 0.000000 0.055000 0.381000 -0.303000 0.000000 0.000000
12:29:18 65.800003 0.000000 151.345001 190.330002 196.453995 240.009995 -0.917000 3.420000 3.249300 1468033.008000 454049.560000 13.279040 80.575790 0.000000 0.055000 0.381000 -0.303000 0.000000 0.000000
12:29:19 66.099998 0.000000 151.100006 190.330002 198.419006 240.009995 -0.813000 3.420000 3.429300 1468034.419000 454049.628000 13.279052 80.575790 0.000000 0.055000 0.381000 -0.303000 0.000000 0.000000
12:29:21 66.500000 0.000000 151.029999 190.330002 199.651001 243.050003 -0.856000 3.420000 3.233300 1468035.382000 454049.665000 13.279060 80.575790 0.000000 0.055000 0.381000 -0.303000 0.000000 0.000000
12:29:22 66.900002 0.000000 150.695007 190.330002 201.089996 243.050003 -0.936000 3.420000 3.225300 1468036.937000 454049.716000 13.279075 80.575790 0.000000 0.055000 0.381000 -0.303000 0.000000 0.000000
12:29:24 67.300003 0.000000 150.031998 190.330002 201.792999 245.050003 -0.945000 3.450000 3.040300 1468037.923000 454049.733000 13.279083 80.575790 0.000000 0.055000 0.381000 -0.303000 0.000000 0.000000
12:29:25 67.599998 0.000000 149.606995 190.330002 202.520996 245.050003 -0.963000 3.450000 3.293300 1468039.453000 454049.797000 13.279098 80.575790 0.000000 0.055000 0.381000 -0.303000 0.000000 0.000000
12:29:27 68.099998 0.000000 149.231995 190.330002 202.740997 245.990005 -1.001000 3.480000 3.154300 1468040.395000 454049.840000 13.279107 80.575790 0.000000 0.055000 0.381000 -0.303000 0.000000 0.000000
12:29:29 68.500000 0.000000 148.731995 190.330002 202.740997 246.080002 -1.001000 3.710000 3.154300 1468041.890000 454049.900000 13.279107 80.575790 0.000000 0.055000 0.381000 -0.303000 0.000000 0.000000
12:29:30 68.800003 0.000000 148.470001 190.330002 203.182999 246.080002 -1.083000 3.710000 3.549300 1468043.537000 454049.908000 13.279135 80.575790 0.000000 0.055000 0.381000 -0.303000 0.000000 0.000000
12:29:32 69.400002 0.000000 148.270004 190.330002 203.667007 246.929993 -1.060000 3.850000 3.657300 0.005000 0.004900 13.279143 80.575790 0.000000 0.055000 0.381000 -0.303000 0.000000 0.000000
12:29:33 69.599998 0.000000 147.807007 190.330002 204.481995 246.929993 -1.026000 3.850000 3.581300 1468046.084000 454049.873000 13.279158 80.575790 0.000000 0.055000 0.381000 -0.303000 0.000000 0.000000
12:29:35 70.099998 0.000000 147.389999 190.330002 204.889999 248.050003 -1.008000 3.600000 3.261300 1468047.075000 454049.872000 13.279166 80.575790 0.000000 0.055000 0.381000 -0.303000 0.000000 0.000000
12:29:36 70.300003 0.000000 147.082001 190.330002 205.526001 248.050003 -1.025000 3.600000 3.604300 1468048.666000 454049.879000 13.279181 80.575790 0.000000 0.055000 0.381000 -0.303000 0.000000 0.000000
12:29:38 70.900002 0.000000 146.807007 190.330002 206.160995 249.320007 -1.124000 3.610000 3.170300 1468049.672000 454049.874000 13.279190 80.575790 0.000000 0.055000 0.381000 -0.303000 0.000000 0.000000
12:29:39 71.099998 0.000000 146.593994 190.330002 207.638000 249.320007 -1.261000 3.610000 3.242300 1468051.279000 454049.897000 13.279204 80.575790 0.000000 0.055000 0.381000 -0.303000 0.000000 0.000000
12:29:41 71.599998 0.000000 145.807007 190.330002 208.916000 252.100006 -1.385000 3.690000 3.058300 1468052.297000 454049.890000 13.279215 80.575790 0.000000 0.055000 0.381000 -0.303000 0.000000 0.000000
12:29:42 71.800003 0.000000 145.757004 190.330002 210.856995 252.100006 -1.631000 3.690000 3.144300 1468053.914000 454049.878000 13.279228 80.575790 0.000000 0.055000 0.381000 -0.303000 0.000000 0.000000
12:29:44 72.400002 0.000000 145.494003 190.330002 212.132996 255.289993 -1.841000 3.980000 3.049300 1468054.922000 454049.856000 13.279238 80.575790 0.000000 0.055000 0.381000 -0.303000 0.000000 0.000000
12:29:46 72.599998 0.000000 0.000000 190.330002 212.132996 257.369995 -1.841000 4.130000 3.049300 1468056.552000 454049.809000 13.279238 80.575790 0.000000 0.055000 0.381000 -0.303000 0.000000 0.000000
12:29:47 73.099998 0.000000 144.369003 190.330002 216.167007 257.369995 -2.245000 4.130000 2.934300 1468058.125000 454049.663000 13.279268 80.575790 0.000000 0.055000 0.381000 -0.303000 0.000000 0.000000
12:29:49 73.599998 0.000000 144.419006 190.330002 216.167007 260.429993 -2.245000 4.490000 2.934300 1468059.016000 454049.596000 13.279268 80.575790 0.000000 0.055000 0.381000 -0.303000 0.000000 0.000000
12:29:50 73.800003 0.000000 143.779999 190.330002 219.001007 260.429993 -2.493000 4.490000 3.228300 1468060.852000 454049.447000 13.279292 80.575790 0.000000 0.055000 0.381000 -0.303000 0.000000 0.000000
12:29:52 74.099998 0.000000 143.330994 190.330002 219.001007 263.339996 -2.493000 4.570000 3.228300 1468061.773000 454049.358000 13.279292 80.575790 0.000000 0.055000 0.381000 -0.303000 0.000000 0.000000
12:29:53 74.599998 0.000000 143.156006 190.330002 222.199005 263.339996 -2.555000 4.570000 2.876300 1468063.625000 454049.204000 13.279318 80.575783 0.000000 0.055000 0.381000 -0.303000 0.000000 0.000000
12:29:55 75.000000 0.000000 142.580994 190.330002 222.199005 266.640015 -2.555000 4.380000 2.876300 1468064.549000 454049.129000 13.279318 80.575783 0.000000 0.055000 0.381000 -0.303000 0.000000 0.000000
12:29:56 75.300003 0.000000 142.356003 190.330002 225.682007 266.640015 -2.606000 4.380000 2.845300 1468066.404000 454048.968000 13.279343 80.575783 0.000000 0.055000 0.381000 -0.303000 0.000000 0.000000
12:29:58 75.800003 0.000000 141.869003 190.330002 227.240005 270.329987 -2.653000 4.870000 3.465300 1468067.456000 454048.888000 13.279352 80.575783 0.000000 0.055000 0.381000 -0.303000 0.000000 0.000000
12:29:59 76.000000 0.000000 141.681000 190.330002 229.772995 270.329987 -2.711000 4.870000 2.925300 1468069.217000 454048.848000 13.279366 80.575783 0.000000 0.055000 0.381000 -0.303000 0.000000 0.000000
12:30:01 76.500000 0.000000 141.369003 190.330002 231.529999 274.779999 -2.654000 4.510000 2.882300 1468070.066000 454048.711000 13.279376 80.575783 0.000000 0.055000 0.381000 -0.303000 0.000000 0.000000
12:30:02 76.800003 0.000000 0.000000 190.330002 234.136993 274.779999 -2.389000 4.510000 2.684300 1468071.611000 454048.627000 13.279389 80.575783 0.000000 0.055000 0.381000 -0.303000 0.000000 0.000000
12:30:04 77.199997 0.000000 140.544006 190.330002 235.882996 279.149994 -2.204000 4.530000 3.504300 1468072.699000 454048.607000 13.279398 80.575783 0.000000 0.055000 0.381000 -0.303000 0.000000 0.000000
12:30:05 77.400002 0.000000 140.356003 190.330002 238.533005 279.149994 -1.889000 4.530000 3.181300 1468074.203000 454048.549000 13.279411 80.575783 0.000000 0.055000 0.381000 -0.303000 0.000000 0.000000
12:30:07 77.900002 0.000000 139.880997 190.330002 240.244003 283.519989 -1.579000 4.070000 3.332300 1468075.170000 454048.493000 13.279421 80.575775 0.000000 0.055000 0.381000 -0.303000 0.000000 0.000000
12:30:08 78.199997 0.000000 139.789993 190.330002 240.244003 283.519989 -1.579000 4.070000 3.332300 1468076.706000 454048.490000 13.279421 80.575775 0.000000 0.055000 0.381000 -0.303000 0.000000 0.000000
12:30:10 78.599998 0.000000 139.306000 190.330002 244.074997 287.480011 -0.750000 3.390000 3.321300 1468077.671000 454048.467000 13.279443 80.575775 0.000000 0.055000 0.381000 -0.303000 0.000000 0.000000
12:30:12 79.000000 0.000000 138.781006 190.330002 246.565002 290.029999 -0.424000 2.840000 2.817300 0.004000 0.004800 13.279457 80.575775 0.000000 0.055000 0.381000 -0.303000 0.000000 0.000000
12:30:13 79.300003 0.000000 138.718002 190.330002 248.645004 290.029999 -0.240000 2.840000 2.434300 1468080.727000 454048.545000 13.279470 80.575783 0.000000 0.055000 0.381000 -0.303000 0.000000 0.000000
12:30:15 79.800003 0.000000 138.667999 190.330002 249.919006 293.459991 -0.172000 2.630000 2.801300 1468081.661000 454048.557000 13.279480 80.575783 0.000000 0.055000 0.381000 -0.303000 0.000000 0.000000
12:30:16 80.000000 0.000000 137.856003 190.330002 251.740005 293.459991 -0.194000 2.630000 3.100300 1468083.101000 454048.675000 13.279492 80.575783 0.000000 0.055000 0.381000 -0.303000 0.000000 0.000000
12:30:18 80.500000 0.000000 137.630997 190.330002 252.860001 296.459991 -0.228000 3.130000 3.449300 1468084.023000 454048.715000 13.279501 80.575783 0.000000 0.055000 0.381000 -0.303000 0.000000 0.000000
12:30:19 80.699997 0.000000 137.156006 190.330002 254.167007 296.459991 -0.224000 3.130000 3.241300 1468085.472000 454048.852000 13.279513 80.575783 0.000000 0.055000 0.381000 -0.303000 0.000000 0.000000
12:30:21 81.199997 0.000000 136.906006 190.330002 254.746994 298.440002 -0.216000 2.960000 3.145300 1468086.407000 454048.890000 13.279522 80.575783 0.000000 0.055000 0.381000 -0.303000 0.000000 0.000000
12:30:22 81.400002 0.000000 136.529999 190.330002 255.367996 298.440002 -0.266000 2.960000 3.098300 1468087.856000 454049.041000 13.279535 80.575783 0.000000 0.055000 0.381000 -0.303000 0.000000 0.000000
12:30:24 82.000000 0.000000 136.050003 190.330002 255.843002 299.559998 -0.333000 3.040000 3.183300 1468088.794000 454049.094000 13.279544 80.575783 0.000000 0.055000 0.381000 -0.303000 0.000000 0.000000
12:30:25 82.199997 0.000000 135.755005 190.330002 255.843002 299.559998 -0.333000 3.040000 3.183300 1468090.205000 454049.243000 13.279544 80.575783 0.000000 0.055000 0.381000 -0.303000 0.000000 0.000000
12:30:27 82.699997 0.000000 135.268005 190.330002 258.049011 301.839996 -0.522000 3.210000 3.207300 1468091.087000 454049.300000 13.279564 80.575783 0.000000 0.055000 0.381000 -0.303000 0.000000 0.000000
12:30:29 83.199997 0.000000 134.929993 190.330002 258.049011 304.100006 -0.522000 3.390000 3.207300 0.004000 0.004900 13.279564 80.575783 0.000000 0.055000 0.381000 -0.303000 0.000000 0.000000
12:30:30 83.400002 0.000000 134.679993 190.330002 262.580994 304.100006 -0.736000 3.390000 3.179300 1468093.690000 454049.645000 13.279588 80.575790 0.000000 0.055000 0.381000 -0.303000 0.000000 0.000000
12:30:32 83.900002 -47.110001 134.367996 135.850006 264.104004 308.029999 -0.700000 3.440000 3.359300 1468094.472000 454049.709000 13.279595 80.575790 0.000000 -0.025000 0.386000 -0.214000 0.000000 0.000000
12:30:33 84.099998 -47.110001 134.005005 135.850006 266.296997 308.029999 -0.557000 3.440000 3.442300 1468095.675000 454049.845000 13.279606 80.575790 0.000000 -0.025000 0.386000 -0.214000 0.000000 0.000000
12:30:35 84.599998 -47.770000 133.542999 135.850006 267.546997 311.609985 -0.424000 3.460000 3.667300 1468096.490000 454049.879000 13.279613 80.575790 0.000000 -0.043000 0.393000 -0.229000 0.000000 0.000000
12:30:36 84.800003 -47.770000 133.667999 135.850006 269.033997 311.609985 -0.128000 3.460000 3.500300 1468097.758000 454049.995000 13.279625 80.575790 0.000000 -0.043000 0.393000 -0.229000 0.000000 0.000000
12:30:38 85.300003 -48.509998 132.854996 135.850006 269.808990 313.899994 0.099000 3.290000 3.724300 1468098.558000 454050.005000 13.279632 80.575790 0.000000 -0.037000 0.359000 -0.272000 0.000000 0.000000
12:30:39 85.599998 -48.509998 132.580002 135.850006 270.593994 313.899994 0.430000 3.290000 3.478300 1468099.676000 454049.972000 13.279642 80.575790 0.000000 -0.037000 0.359000 -0.272000 0.000000 0.000000
12:30:41 86.000000 -49.330002 132.341995 134.740005 270.851990 315.040009 0.621000 2.750000 3.532300 1468100.453000 454050.106000 13.279649 80.575790 0.000000 -0.027000 0.327000 -0.268000 0.000000 0.000000
12:30:42 86.300003 -49.330002 131.830002 134.740005 270.851990 315.040009 0.621000 2.750000 3.532300 1468101.506000 454050.066000 13.279649 80.575790 0.000000 -0.027000 0.327000 -0.268000 0.000000 0.000000
12:30:44 86.699997 -49.330002 0.000000 134.740005 270.976013 315.190002 0.996000 2.480000 3.557300 1468102.187000 454050.178000 13.279665 80.575790 0.000000 -0.027000 0.327000 -0.268000 0.000000 0.000000
12:30:46 87.300003 -49.330002 131.029999 134.740005 270.976013 314.820007 0.996000 2.560000 3.557300 1468103.228000 454050.111000 13.279665 80.575790 0.000000 -0.027000 0.327000 -0.268000 0.000000 0.000000
12:30:47 87.500000 -49.330002 130.766998 134.740005 270.089996 314.820007 1.210000 2.560000 3.493300 1468104.376000 454050.219000 13.279684 80.575790 0.000000 -0.027000 0.327000 -0.268000 0.000000 0.000000
12:30:49 87.699997 -49.330002 130.516998 134.740005 269.722992 313.899994 1.301000 2.470000 3.818300 0.004000 0.003000 13.279691 80.575798 0.000000 -0.027000 0.327000 -0.268000 0.000000 0.000000
12:30:50 88.300003 -49.330002 130.304993 134.740005 269.428009 313.899994 1.344000 2.470000 3.410300 1468106.146000 454050.042000 13.279700 80.575790 0.000000 -0.027000 0.327000 -0.268000 0.000000 0.000000
12:30:52 88.699997 -49.330002 129.580002 134.740005 269.441986 313.570007 1.341000 2.320000 3.727300 1468106.856000 454050.067000 13.279707 80.575790 0.000000 -0.027000 0.327000 -0.268000 0.000000 0.000000
12:30:53 89.000000 -49.330002 129.505005 134.740005 269.688995 313.570007 1.343000 2.320000 3.887300 1468107.932000 454049.982000 13.279716 80.575790 0.000000 -0.027000 0.327000 -0.268000 0.000000 0.000000
12:30:55 89.400002 -49.330002 128.800003 134.740005 269.966003 314.119995 1.333000 2.390000 3.728300 1468108.632000 454049.788000 13.279723 80.575790 0.000000 -0.027000 0.327000 -0.268000 0.000000 0.000000
12:30:57 89.900002 -49.330002 0.000000 134.740005 270.529999 314.779999 1.292000 2.500000 3.858300 1468109.729000 454049.779000 13.279733 80.575790 0.000000 -0.027000 0.327000 -0.268000 0.000000 0.000000
12:30:59 90.400002 -49.330002 127.978996 134.740005 271.289001 315.529999 1.336000 2.320000 3.776300 1468110.945000 454049.627000 13.279744 80.575790 0.000000 -0.027000 0.327000 -0.268000 0.000000 0.000000
12:31:00 90.699997 -49.330002 129.100006 134.740005 271.838989 315.529999 1.550000 2.320000 3.883300 1468112.079000 454049.529000 13.279754 80.575790 0.000000 -0.027000 0.327000 -0.268000 0.000000 0.000000
12:31:02 90.900002 -49.330002 127.903999 134.740005 272.023987 316.260010 1.646000 2.130000 3.728300 1468112.844000 454049.428000 13.279761 80.575790 0.000000 -0.027000 0.327000 -0.268000 0.000000 0.000000
12:31:03 91.400002 -49.330002 127.478996 134.740005 272.115997 316.260010 1.663000 2.130000 3.658300 1468114.042000 454049.348000 13.279772 80.575783 0.000000 -0.027000 0.327000 -0.268000 0.000000 0.000000
12:31:05 91.900002 -55.279999 126.542000 127.519997 272.161987 316.390015 1.612000 2.250000 3.900300 1468114.854000 454049.250000 13.279779 80.575783 0.000000 -0.082000 0.379000 -0.267000 0.000000 0.000000
12:31:07 92.400002 -55.279999 4.000000 127.519997 272.161987 316.459991 1.592000 2.610000 4.312300 1468116.319000 454049.130000 13.279793 80.575783 0.000000 -0.082000 0.379000 -0.267000 0.000000 0.000000
12:31:08 92.400002 -55.279999 0.000000 127.519997 271.937012 316.459991 1.628000 2.610000 4.286300 1468117.403000 454049.128000 13.279802 80.575783 0.000000 -0.082000 0.379000 -0.267000 0.000000 0.000000
12:31:09 93.000000 -55.279999 125.766998 127.519997 271.937012 316.459991 1.628000 2.610000 4.286300 0.003000 0.003900 13.279802 80.575783 0.000000 -0.082000 0.379000 -0.267000 0.000000 0.000000
12:31:11 93.400002 -55.279999 125.559998 127.519997 271.367004 315.589996 1.583000 2.660000 4.301300 1468118.759000 454048.953000 13.279815 80.575783 0.000000 -0.082000 0.379000 -0.267000 0.000000 0.000000
12:31:12 93.599998 -57.009998 0.000000 125.809998 270.764008 315.589996 1.440000 2.660000 4.396300 1468119.812000 454048.784000 13.279824 80.575783 0.000000 -0.099000 0.308000 -0.236000 0.000000 0.000000
12:31:14 93.900002 -57.009998 0.000000 125.809998 270.385986 314.450012 1.271000 2.750000 4.161300 1468120.489000 454048.629000 13.279830 80.575783 0.000000 -0.099000 0.308000 -0.236000 0.000000 0.000000
12:31:15 94.400002 -57.009998 124.166000 125.809998 269.865997 314.450012 1.001000 2.750000 3.818300 1468121.493000 454048.412000 13.279840 80.575775 0.000000 -0.099000 0.308000 -0.236000 0.000000 0.000000
12:31:17 94.800003 -57.009998 123.679001 125.809998 269.467987 313.450012 0.837000 2.980000 4.065300 1468122.124000 454048.229000 13.279845 80.575775 0.000000 -0.099000 0.308000 -0.236000 0.000000 0.000000
12:31:18 95.099998 -57.009998 123.490997 125.809998 269.467987 313.450012 0.837000 2.980000 4.065300 1468123.027000 454047.894000 13.279845 80.575775 0.000000 -0.099000 0.308000 -0.236000 0.000000 0.000000
12:31:20 95.599998 -57.009998 123.079002 125.809998 267.897003 311.899994 0.514000 3.050000 3.840300 1468123.604000 454047.766000 13.279859 80.575768 0.000000 -0.099000 0.308000 -0.236000 0.000000 0.000000
12:31:22 95.800003 -57.009998 122.579002 125.809998 266.356995 310.250000 0.371000 3.130000 3.868300 0.003000 0.003700 13.279866 80.575768 0.000000 -0.099000 0.308000 -0.236000 0.000000 0.000000
12:31:23 96.300003 -57.009998 122.390999 125.809998 264.796997 310.250000 0.314000 3.130000 3.910300 1468125.409000 454046.985000 13.279875 80.575768 0.000000 -0.099000 0.308000 -0.236000 0.000000 0.000000
12:31:25 96.800003 -57.009998 121.970001 125.809998 263.790009 307.589996 0.282000 3.320000 4.031300 1468126.037000 454046.798000 13.279881 80.575760 0.000000 -0.099000 0.308000 -0.236000 0.000000 0.000000
12:31:26 97.000000 -57.009998 121.716003 125.809998 262.286011 307.589996 0.263000 3.320000 4.274300 1468126.958000 454046.374000 13.279889 80.575760 0.000000 -0.099000 0.308000 -0.236000 0.000000 0.000000
12:31:28 97.300003 -57.009998 121.515999 125.809998 261.256012 304.950012 0.281000 3.550000 4.312300 1468127.629000 454046.185000 13.279895 80.575760 0.000000 -0.099000 0.308000 -0.236000 0.000000 0.000000
12:31:29 97.699997 -57.009998 120.916000 125.809998 259.727997 304.950012 0.313000 3.550000 4.493300 1468128.531000 454045.748000 13.279902 80.575752 0.000000 -0.099000 0.308000 -0.236000 0.000000 0.000000
12:31:31 98.199997 -57.009998 120.477997 125.809998 258.802002 302.410004 0.297000 3.610000 4.420300 1468129.129000 454045.491000 13.279908 80.575752 0.000000 -0.099000 0.308000 -0.236000 0.000000 0.000000
12:31:32 98.500000 -57.009998 120.341003 125.809998 257.712006 302.410004 0.233000 3.610000 4.499300 1468130.005000 454045.147000 13.279916 80.575745 0.000000 -0.099000 0.308000 -0.236000 0.000000 0.000000
12:31:34 98.900002 -57.009998 119.966003 125.809998 257.165985 300.790009 0.194000 3.780000 4.600300 1468130.592000 454044.904000 13.279922 80.575745 0.000000 -0.099000 0.308000 -0.236000 0.000000 0.000000
12:31:35 99.199997 -62.590000 119.528000 120.830002 256.425995 300.790009 0.179000 3.780000 4.513300 1468131.479000 454044.676000 13.279929 80.575745 0.000000 -0.122000 0.259000 -0.252000 0.000000 0.000000
12:31:37 99.599998 -62.590000 0.000000 120.830002 255.912994 299.450012 0.214000 3.720000 4.535300 1468132.075000 454044.350000 13.279935 80.575737 0.000000 -0.122000 0.259000 -0.252000 0.000000 0.000000
12:31:38 99.900002 -62.590000 118.778000 120.830002 255.912994 299.450012 0.214000 3.720000 4.535300 1468132.949000 454044.083000 13.279935 80.575737 0.000000 -0.122000 0.259000 -0.252000 0.000000 0.000000
12:31:40 100.400002 -62.590000 119.328003 120.830002 254.701996 298.230011 0.411000 3.440000 4.255300 1468133.499000 454043.996000 13.279948 80.575737 0.000000 -0.122000 0.259000 -0.252000 0.000000 0.000000
12:31:42 100.900002 -62.590000 118.153000 120.830002 253.962997 297.529999 0.504000 3.390000 4.328300 0.003000 0.003300 13.279957 80.575737 0.000000 -0.122000 0.259000 -0.252000 0.000000 0.000000
12:31:45 101.400002 -62.590000 117.540001 120.830002 252.503998 297.529999 0.856000 3.390000 4.289300 1468136.301000 454043.123000 13.279973 80.575729 0.000000 -0.122000 0.259000 -0.252000 0.000000 0.000000
12:31:46 101.900002 -62.590000 117.002998 120.830002 252.125000 297.529999 1.036000 3.390000 4.327300 1468136.792000 454043.130000 13.279978 80.575729 0.000000 -0.122000 0.259000 -0.252000 0.000000 0.000000
12:31:48 102.400002 -62.590000 116.514999 120.830002 251.748001 295.299988 1.242000 2.720000 4.156300 1468137.397000 454042.809000 13.279983 80.575729 0.000000 -0.122000 0.259000 -0.252000 0.000000 0.000000
12:31:49 102.599998 -62.590000 116.278000 120.830002 251.356995 295.299988 1.449000 2.720000 4.160300 1468138.355000 454042.632000 13.279992 80.575722 0.000000 -0.122000 0.259000 -0.252000 0.000000 0.000000
12:31:51 103.099998 -62.590000 116.040001 120.830002 251.126007 294.679993 1.446000 2.560000 4.142300 1468139.060000 454042.626000 13.279998 80.575722 0.000000 -0.122000 0.259000 -0.252000 0.000000 0.000000
12:31:52 103.400002 -62.590000 115.778000 120.830002 250.686005 294.679993 1.391000 2.560000 4.001300 1468140.116000 454042.495000 13.280007 80.575722 0.000000 -0.122000 0.259000 -0.252000 0.000000 0.000000
12:31:54 103.900002 -62.590000 115.065002 120.830002 250.281998 293.739990 1.393000 2.720000 4.315300 1468140.811000 454042.357000 13.280014 80.575722 0.000000 -0.122000 0.259000 -0.252000 0.000000 0.000000
12:31:55 104.099998 -62.590000 115.102997 120.830002 250.281998 293.739990 1.393000 2.720000 4.315300 0.003000 0.003200 13.280014 80.575722 0.000000 -0.122000 0.259000 -0.252000 0.000000 0.000000
12:31:57 104.599998 -62.590000 114.415001 120.830002 248.940002 292.429993 1.818000 2.550000 4.510300 1468142.604000 454042.082000 13.280030 80.575722 0.000000 -0.122000 0.259000 -0.252000 0.000000 0.000000
12:31:59 104.800003 -62.590000 0.000000 120.830002 247.800995 291.269989 2.132000 2.180000 4.216300 0.003000 0.003200 13.280041 80.575714 0.000000 -0.122000 0.259000 -0.252000 0.000000 0.000000
12:32:00 105.300003 -62.590000 113.902000 120.830002 246.459000 291.269989 2.306000 2.180000 4.154300 1468144.865000 454041.785000 13.280050 80.575714 0.000000 -0.122000 0.259000 -0.252000 0.000000 0.000000
12:32:02 105.800003 -62.590000 113.402000 120.830002 245.397003 288.649994 2.350000 1.930000 4.114300 0.003000 0.003100 13.280057 80.575714 0.000000 -0.122000 0.259000 -0.252000 0.000000 0.000000
12:32:03 106.000000 -62.590000 113.527000 120.830002 243.720993 288.649994 2.416000 1.930000 3.889300 1468146.643000 454041.598000 13.280066 80.575714 0.000000 -0.122000 0.259000 -0.252000 0.000000 0.000000
12:32:05 106.199997 -62.590000 112.652000 120.830002 242.666000 285.869995 2.457000 1.690000 3.839300 1468147.336000 454041.521000 13.280073 80.575714 0.000000 -0.122000 0.259000 -0.252000 0.000000 0.000000
12:32:06 106.800003 -62.590000 0.000000 120.830002 241.227997 285.869995 2.401000 1.690000 3.926300 1468148.373000 454041.512000 13.280082 80.575714 0.000000 -0.122000 0.259000 -0.252000 0.000000 0.000000
12:32:08 107.199997 -62.590000 0.000000 120.830002 240.369003 283.619995 2.364000 1.600000 3.668300 1468149.042000 454041.452000 13.280088 80.575714 0.000000 -0.122000 0.259000 -0.252000 0.000000 0.000000
12:32:09 107.500000 -62.590000 111.827003 120.830002 239.182999 283.619995 2.368000 1.600000 3.848300 1468150.036000 454041.288000 13.280097 80.575714 0.000000 -0.122000 0.259000 -0.252000 0.000000 0.000000
12:32:11 107.699997 -62.590000 111.264999 120.830002 238.423004 281.619995 2.445000 1.630000 3.782300 1468150.752000 454041.441000 13.280104 80.575714 0.000000 -0.122000 0.259000 -0.252000 0.000000 0.000000
12:32:12 108.199997 -62.590000 111.302002 120.830002 237.473999 281.619995 2.714000 1.630000 4.165300 1468151.775000 454041.277000 13.280113 80.575714 0.000000 -0.122000 0.259000 -0.252000 0.000000 0.000000
12:32:14 108.699997 -62.590000 0.000000 120.830002 236.994995 280.170013 2.942000 1.470000 4.036300 1468152.547000 454041.430000 13.280120 80.575714 0.000000 -0.122000 0.259000 -0.252000 0.000000 0.000000
12:32:15 108.900002 -62.590000 110.400002 120.830002 236.994995 280.170013 3.191000 1.470000 3.995300 1468153.587000 454041.290000 13.280129 80.575714 0.000000 -0.122000 0.259000 -0.252000 0.000000 0.000000
12:32:17 109.199997 -62.590000 109.876999 120.830002 236.335007 280.170013 3.326000 0.920000 3.880300 1468154.363000 454041.458000 13.280136 80.575714 0.000000 -0.122000 0.259000 -0.252000 0.000000 0.000000
12:32:18 109.599998 -62.590000 109.876999 120.830002 236.335007 280.170013 3.326000 0.920000 3.880300 1468155.363000 454041.337000 13.280136 80.575714 0.000000 -0.122000 0.259000 -0.252000 0.000000 0.000000
12:32:20 110.099998 -62.590000 0.000000 120.830002 235.843002 279.649994 3.936000 0.210000 3.547300 1468156.046000 454041.323000 13.280152 80.575714 0.000000 -0.122000 0.259000 -0.252000 0.000000 0.000000
12:32:22 110.599998 -62.590000 109.277000 120.830002 235.337997 279.149994 4.392000 -0.090000 3.655300 0.003000 0.003100 13.280163 80.575714 0.000000 -0.122000 0.259000 -0.252000 0.000000 0.000000
12:32:23 110.599998 -62.590000 108.976997 120.830002 234.888000 279.149994 4.560000 -0.090000 3.633300 1468158.439000 454041.507000 13.280173 80.575714 0.000000 -0.122000 0.259000 -0.252000 0.000000 0.000000
12:32:25 111.300003 -62.590000 108.601997 120.830002 234.684998 278.540009 4.508000 -0.140000 3.580300 1468159.118000 454041.260000 13.280180 80.575714 0.000000 -0.122000 0.259000 -0.252000 0.000000 0.000000
12:32:26 111.599998 -62.590000 107.851997 120.830002 234.557999 278.540009 4.374000 -0.140000 3.536300 1468160.381000 454041.227000 13.280192 80.575714 0.000000 -0.122000 0.259000 -0.252000 0.000000 0.000000
12:32:28 112.000000 -62.590000 107.751999 120.830002 234.492996 278.399994 4.390000 0.000000 3.654300 1468161.183000 454041.127000 13.280199 80.575714 0.000000 -0.122000 0.259000 -0.252000 0.000000 0.000000
12:32:29 112.000000 -62.590000 107.751999 120.830002 234.307007 278.399994 4.552000 0.000000 3.682300 1468162.478000 454041.023000 13.280211 80.575706 0.000000 -0.122000 0.259000 -0.252000 0.000000 0.000000
12:32:31 112.800003 -76.519997 106.764000 108.879997 234.100998 277.929993 4.582000 -0.170000 3.550300 1468163.420000 454041.019000 13.280218 80.575706 0.000000 -0.107000 0.356000 -0.245000 0.000000 0.000000
12:32:32 113.000000 -76.519997 106.613998 108.879997 233.731003 277.929993 4.541000 -0.170000 3.438300 1468164.689000 454040.858000 13.280230 80.575706 0.000000 -0.107000 0.356000 -0.245000 0.000000 0.000000
12:32:34 113.400002 -76.519997 106.075996 108.879997 233.445007 277.279999 4.511000 -0.390000 3.242300 1468165.367000 454040.563000 13.280237 80.575706 0.000000 -0.107000 0.356000 -0.245000 0.000000 0.000000
12:32:35 113.400002 -76.519997 105.776001 108.879997 233.445007 277.279999 4.469000 -0.390000 3.334300 1468166.641000 454040.354000 13.280249 80.575706 0.000000 -0.107000 0.356000 -0.245000 0.000000 0.000000
12:32:37 114.199997 -76.519997 105.725998 108.879997 232.753998 276.670013 4.580000 -0.470000 3.197300 1468167.583000 454040.290000 13.280256 80.575699 0.000000 -0.107000 0.356000 -0.245000 0.000000 0.000000
12:32:38 114.400002 -76.519997 0.000000 108.879997 232.753998 276.670013 4.580000 -0.470000 3.197300 1468168.895000 454040.034000 13.280256 80.575699 0.000000 -0.107000 0.356000 -0.245000 0.000000 0.000000
12:32:40 114.900002 -76.519997 0.000000 108.879997 231.386993 275.299988 5.237000 -0.900000 3.291300 1468169.708000 454039.819000 13.280275 80.575699 0.000000 -0.107000 0.356000 -0.245000 0.000000 0.000000
12:32:42 115.099998 -76.519997 104.801003 108.879997 229.925995 274.040009 5.725000 -1.020000 3.555300 0.003000 0.003900 13.280288 80.575691 0.000000 -0.107000 0.356000 -0.245000 0.000000 0.000000
12:32:43 115.599998 -76.519997 105.338997 108.879997 228.130005 274.040009 6.270000 -1.020000 3.272300 1468172.428000 454039.280000 13.280300 80.575691 0.000000 -0.107000 0.356000 -0.245000 0.000000 0.000000
12:32:44 115.800003 -79.669998 105.088997 107.580002 228.130005 274.040009 6.270000 -1.020000 3.272300 1468173.132000 454039.131000 13.280300 80.575691 0.000000 -0.107000 0.356000 -0.245000 0.000000 0.000000
12:32:46 116.199997 -79.669998 0.000000 107.580002 225.350998 269.470001 7.323000 -2.510000 3.170300 1468173.934000 454038.948000 13.280313 80.575691 0.000000 -0.107000 0.356000 -0.245000 0.000000 0.000000
12:32:47 116.400002 -79.669998 0.000000 107.580002 225.350998 269.470001 7.323000 -2.510000 3.170300 1468175.242000 454038.744000 13.280313 80.575691 0.000000 -0.107000 0.356000 -0.245000 0.000000 0.000000
12:32:49 116.900002 -79.669998 0.000000 107.580002 221.589005 266.130005 9.365000 -4.170000 2.838300 1468176.058000 454038.585000 13.280333 80.575684 0.000000 -0.107000 0.356000 -0.245000 0.000000 0.000000
12:32:50 117.000000 -79.669998 105.814003 107.580002 219.800003 266.130005 10.317000 -4.170000 3.005300 1468177.379000 454038.441000 13.280344 80.575684 0.000000 -0.107000 0.356000 -0.245000 0.000000 0.000000
12:32:52 117.300003 -79.669998 104.776001 107.580002 218.889999 263.880005 10.827000 -5.070000 2.981300 1468178.200000 454038.315000 13.280352 80.575684 0.000000 -0.107000 0.356000 -0.245000 0.000000 0.000000
12:32:53 117.500000 -79.669998 0.000000 107.580002 217.755005 263.880005 11.428000 -5.070000 3.105300 1468179.568000 454038.230000 13.280364 80.575684 0.000000 -0.107000 0.356000 -0.245000 0.000000 0.000000
12:32:55 117.699997 -79.669998 0.000000 107.580002 217.057007 262.320007 11.649000 -5.700000 2.908300 1468180.428000 454038.155000 13.280372 80.575684 0.000000 -0.107000 0.356000 -0.245000 0.000000 0.000000
12:32:56 117.900002 -79.669998 104.713997 107.580002 216.128998 262.320007 11.571000 -5.700000 3.148300 1468181.799000 454038.130000 13.280384 80.575684 0.000000 -0.107000 0.356000 -0.245000 0.000000 0.000000
12:32:58 118.199997 -79.669998 103.426003 107.580002 215.604996 260.869995 11.253000 -5.330000 3.043300 0.003000 0.003800 13.280392 80.575684 0.000000 -0.107000 0.356000 -0.245000 0.000000 0.000000
12:32:59 118.300003 -79.669998 103.176003 107.580002 214.897995 260.869995 10.594000 -5.330000 3.193300 1468184.052000 454038.068000 13.280405 80.575684 0.000000 -0.107000 0.356000 -0.245000 0.000000 0.000000
12:33:00 118.300003 -79.669998 0.000000 107.580002 214.897995 260.869995 10.594000 -5.330000 3.193300 0.003000 0.003800 13.280405 80.575684 0.000000 -0.107000 0.356000 -0.245000 0.000000 0.000000
12:33:02 118.599998 -79.669998 0.000000 107.580002 214.126999 259.500000 9.693000 -4.180000 3.051300 1468185.673000 454038.003000 13.280419 80.575684 0.000000 -0.107000 0.356000 -0.245000 0.000000 0.000000
12:33:03 118.699997 -79.669998 0.000000 107.580002 213.578995 259.500000 8.937000 -4.180000 3.077300 1468186.907000 454037.836000 13.280432 80.575684 0.000000 -0.107000 0.356000 -0.245000 0.000000 0.000000
12:33:05 118.900002 -79.669998 0.000000 107.580002 213.237000 258.549988 8.511000 -3.240000 3.205300 1468187.962000 454037.941000 13.280440 80.575676 0.000000 -0.107000 0.356000 -0.245000 0.000000 0.000000
12:33:06 118.900002 -79.669998 102.151001 107.580002 212.707001 258.549988 8.114000 -3.240000 3.070300 1468189.178000 454037.760000 13.280453 80.575676 0.000000 -0.107000 0.356000 -0.245000 0.000000 0.000000
12:33:08 119.099998 -79.669998 102.538002 107.580002 212.356995 257.570007 7.995000 -3.130000 2.894300 1468190.213000 454037.852000 13.280460 80.575676 0.000000 -0.107000 0.356000 -0.245000 0.000000 0.000000
12:38:12 118.300003 -79.669998 0.000000 107.580002 359.242004 47.139999 14.728000 -5.600000 6.034300 1468388.819000 453989.575000 13.282255 80.575233 0.000000 -0.107000 0.356000 -0.245000 0.000000 0.000000
12:38:15 118.400002 -79.669998 0.000000 107.580002 4.493000 52.419998 15.389000 -6.300000 5.633300 1468390.986000 453989.239000 13.282274 80.575226 0.000000 -0.107000 0.356000 -0.245000 0.000000 0.000000
12:38:18 118.500000 -79.669998 0.000000 107.580002 4.493000 56.410000 15.389000 -6.550000 5.633300 1468392.300000 453989.114000 13.282287 80.575226 0.000000 -0.107000 0.356000 -0.245000 0.000000 0.000000
12:38:21 118.400002 -79.669998 0.000000 107.580002 11.226000 59.840000 16.379999 -7.050000 5.740300 1468393.814000 453988.926000 13.282300 80.575226 0.000000 -0.107000 0.356000 -0.245000 0.000000 0.000000
12:38:24 118.400002 -79.669998 0.000000 107.580002 13.999000 62.700001 16.889000 -7.640000 5.413300 1468395.258000 453988.918000 13.282313 80.575226 0.000000 -0.107000 0.356000 -0.245000 0.000000 0.000000
12:38:27 118.500000 -79.669998 0.000000 107.580002 16.358000 65.139999 17.231001 -8.120000 5.156300 1468396.889000 453988.536000 13.282329 80.575218 0.000000 -0.107000 0.356000 -0.245000 0.000000 0.000000
12:38:30 118.500000 -79.669998 0.000000 107.580002 18.468000 67.320000 17.160000 -8.160000 5.014300 0.002000 0.002800 13.282341 80.575218 0.000000 -0.107000 0.356000 -0.245000 0.000000 0.000000
12:38:33 118.599998 -79.669998 0.000000 107.580002 18.468000 69.529999 16.913000 -7.860000 5.172300 1468399.725000 453988.059000 13.282354 80.575218 0.000000 -0.107000 0.356000 -0.245000 0.000000 0.000000
