18:11:14 0.300000 0.000000 3.630000 0.000000 85.946999 0.000000 -0.340000 0.000000 2604411.422000 530963.354000 23.549746 87.303375 0.000000 0.000000 0.000000 0.000000 0.000000 0.000000
18:11:15 0.300000 0.000000 3.630000 0.000000 85.946999 0.000000 -0.340000 0.000000 2604411.422000 530963.354000 23.549746 87.303375 0.000000 0.000000 0.000000 0.000000 0.000000 0.000000
18:11:15 0.300000 0.000000 3.630000 0.000000 85.946999 0.000000 -0.340000 0.000000 2604411.422000 530963.354000 23.549746 87.303375 0.000000 0.000000 0.000000 0.000000 0.000000 0.000000
18:11:16 0.300000 0.000000 3.630000 0.000000 85.946999 0.000000 -0.340000 0.000000 2604411.422000 530963.354000 23.549746 87.303375 0.000000 0.000000 0.000000 0.000000 0.000000 0.000000
18:11:16 0.300000 0.000000 3.630000 0.000000 85.946999 0.000000 -0.340000 0.000000 2604411.422000 530963.354000 23.549746 87.303375 0.000000 0.000000 0.000000 0.000000 0.000000 0.000000
18:11:16 0.300000 0.000000 3.630000 0.000000 85.946999 0.000000 -0.340000 0.000000 2604411.422000 530963.354000 23.549746 87.303375 0.000000 0.000000 0.000000 0.000000 0.000000 0.000000
18:11:17 0.300000 0.000000 3.630000 0.000000 85.946999 0.000000 -0.340000 0.000000 2604411.422000 530963.354000 23.549746 87.303375 0.000000 0.000000 0.000000 0.000000 0.000000 0.000000
18:11:17 0.300000 0.000000 3.630000 0.000000 85.946999 0.000000 -0.340000 0.000000 2604411.422000 530963.354000 23.549746 87.303375 0.000000 0.000000 0.000000 0.000000 0.000000 0.000000
18:11:18 0.300000 0.000000 3.630000 0.000000 85.946999 0.000000 -0.340000 0.000000 2604411.422000 530963.354000 23.549746 87.303375 0.000000 0.000000 0.000000 0.000000 0.000000 0.000000
18:11:18 0.300000 0.000000 3.630000 0.000000 85.946999 0.000000 -0.340000 0.000000 2604411.422000 530963.354000 23.549746 87.303375 0.000000 0.000000 0.000000 0.000000 0.000000 0.000000
18:11:18 0.300000 0.000000 3.630000 0.000000 85.946999 0.000000 -0.340000 0.000000 2604411.422000 530963.354000 23.549746 87.303375 0.000000 0.000000 0.000000 0.000000 0.000000 0.000000
18:11:19 0.300000 0.000000 3.630000 0.000000 85.946999 0.000000 -0.340000 0.000000 2604411.422000 530963.354000 23.549746 87.303375 0.000000 0.000000 0.000000 0.000000 0.000000 0.000000
18:11:19 0.300000 0.000000 3.630000 0.000000 85.946999 0.000000 -0.340000 0.000000 2604411.422000 530963.354000 23.549746 87.303375 0.000000 0.000000 0.000000 0.000000 0.000000 0.000000
18:11:20 0.300000 0.000000 3.630000 0.000000 85.946999 0.000000 -0.340000 0.000000 2604411.422000 530963.354000 23.549746 87.303375 0.000000 0.000000 0.000000 0.000000 0.000000 0.000000
18:11:20 0.300000 0.000000 3.630000 0.000000 85.946999 0.000000 -0.340000 0.000000 2604411.422000 530963.354000 23.549746 87.303375 0.000000 0.000000 0.000000 0.000000 0.000000 0.000000
18:11:20 0.300000 0.000000 3.630000 0.000000 85.946999 0.000000 -0.340000 0.000000 2604411.422000 530963.354000 23.549746 87.303375 0.000000 0.000000 0.000000 0.000000 0.000000 0.000000
18:11:21 0.300000 0.000000 3.630000 0.000000 85.946999 0.000000 -0.340000 0.000000 2604411.422000 530963.354000 23.549746 87.303375 0.000000 0.000000 0.000000 0.000000 0.000000 0.000000
18:11:21 0.300000 0.000000 3.630000 0.000000 85.946999 0.000000 -0.340000 0.000000 2604411.422000 530963.354000 23.549746 87.303375 0.000000 0.000000 0.000000 0.000000 0.000000 0.000000
18:11:22 0.300000 0.000000 3.630000 0.000000 85.946999 0.000000 -0.340000 0.000000 2604411.422000 530963.354000 23.549746 87.303375 0.000000 0.000000 0.000000 0.000000 0.000000 0.000000
18:11:22 0.300000 0.000000 3.630000 0.000000 85.946999 0.000000 -0.340000 0.000000 2604411.422000 530963.354000 23.549746 87.303375 0.000000 0.000000 0.000000 0.000000 0.000000 0.000000
18:11:22 0.300000 0.000000 3.630000 0.000000 85.946999 0.000000 -0.340000 0.000000 2604411.422000 530963.354000 23.549746 87.303375 0.000000 0.000000 0.000000 0.000000 0.000000 0.000000
18:11:23 0.300000 0.000000 3.630000 0.000000 85.946999 0.000000 -0.340000 0.000000 2604411.422000 530963.354000 23.549746 87.303375 0.000000 0.000000 0.000000 0.000000 0.000000 0.000000
18:11:23 0.300000 0.000000 3.630000 0.000000 85.946999 0.000000 -0.340000 0.000000 2604411.422000 530963.354000 23.549746 87.303375 0.000000 0.000000 0.000000 0.000000 0.000000 0.000000
18:11:24 0.300000 0.000000 3.630000 0.000000 85.946999 0.000000 -0.340000 0.000000 2604411.422000 530963.354000 23.549746 87.303375 0.000000 0.000000 0.000000 0.000000 0.000000 0.000000
18:11:24 0.300000 0.000000 3.630000 0.000000 85.946999 0.000000 -0.340000 0.000000 2604411.422000 530963.354000 23.549746 87.303375 0.000000 0.000000 0.000000 0.000000 0.000000 0.000000
18:11:24 0.300000 0.000000 3.630000 0.000000 85.946999 0.000000 -0.340000 0.000000 2604411.422000 530963.354000 23.549746 87.303375 0.000000 0.000000 0.000000 0.000000 0.000000 0.000000
18:11:25 0.300000 0.000000 3.630000 0.000000 85.946999 0.000000 -0.340000 0.000000 2604411.422000 530963.354000 23.549746 87.303375 0.000000 0.000000 0.000000 0.000000 0.000000 0.000000
18:11:25 0.300000 0.000000 3.630000 0.000000 85.946999 0.000000 -0.340000 0.000000 2604411.422000 530963.354000 23.549746 87.303375 0.000000 0.000000 0.000000 0.000000 0.000000 0.000000
18:11:26 0.300000 0.000000 3.630000 0.000000 85.946999 0.000000 -0.340000 0.000000 2604411.422000 530963.354000 23.549746 87.303375 0.000000 0.000000 0.000000 0.000000 0.000000 0.000000
18:11:26 0.300000 0.000000 3.630000 0.000000 85.946999 0.000000 -0.340000 0.000000 2604411.422000 530963.354000 23.549746 87.303375 0.000000 0.000000 0.000000 0.000000 0.000000 0.000000
18:11:26 0.300000 0.000000 3.630000 0.000000 85.946999 0.000000 -0.340000 0.000000 2604411.422000 530963.354000 23.549746 87.303375 0.000000 0.000000 0.000000 0.000000 0.000000 0.000000
18:11:27 0.300000 0.000000 3.630000 0.000000 85.946999 0.000000 -0.340000 0.000000 2604411.422000 530963.354000 23.549746 87.303375 0.000000 0.000000 0.000000 0.000000 0.000000 0.000000
18:11:27 0.300000 0.000000 3.630000 0.000000 85.946999 0.000000 -0.340000 0.000000 2604411.422000 530963.354000 23.549746 87.303375 0.000000 0.000000 0.000000 0.000000 0.000000 0.000000
18:11:28 0.300000 0.000000 3.630000 0.000000 85.946999 0.000000 -0.340000 0.000000 2604411.422000 530963.354000 23.549746 87.303375 0.000000 0.000000 0.000000 0.000000 0.000000 0.000000
18:11:28 0.300000 0.000000 3.630000 0.000000 85.946999 0.000000 -0.340000 0.000000 2604411.422000 530963.354000 23.549746 87.303375 0.000000 0.000000 0.000000 0.000000 0.000000 0.000000
18:11:28 0.300000 0.000000 3.630000 0.000000 85.946999 0.000000 -0.340000 0.000000 2604411.422000 530963.354000 23.549746 87.303375 0.000000 0.000000 0.000000 0.000000 0.000000 0.000000
18:11:29 0.300000 0.000000 3.630000 0.000000 85.946999 0.000000 -0.340000 0.000000 2604411.422000 530963.354000 23.549746 87.303375 0.000000 0.000000 0.000000 0.000000 0.000000 0.000000
18:11:29 0.300000 0.000000 3.630000 0.000000 85.946999 0.000000 -0.340000 0.000000 2604411.422000 530963.354000 23.549746 87.303375 0.000000 0.000000 0.000000 0.000000 0.000000 0.000000
18:11:30 0.300000 0.000000 3.630000 0.000000 85.946999 0.000000 -0.340000 0.000000 2604411.422000 530963.354000 23.549746 87.303375 0.000000 0.000000 0.000000 0.000000 0.000000 0.000000
