15:57:37 0.400000 0.000000 0.000000 0.000000 111.109001 0.000000 0.724000 0.000000 1463306.152000 449798.447000 13.236230 80.536629 0.000000 0.000000 0.000000 0.000000 0.000000 0.000000
15:57:38 0.400000 0.000000 0.000000 0.000000 110.087997 0.000000 -0.972000 0.000000 0.005000 0.005800 13.236235 80.536613 0.000000 0.000000 0.000000 0.000000 0.000000 0.000000
15:57:40 0.400000 0.000000 0.000000 0.000000 109.235001 0.000000 -0.737000 0.000000 1463306.854000 449796.240000 13.236236 80.536606 0.000000 0.000000 0.000000 0.000000 0.000000 0.000000
15:57:42 0.400000 0.000000 0.000000 0.000000 108.556999 0.000000 0.851000 0.000000 1463306.565000 449795.681000 13.236233 80.536598 0.000000 0.000000 0.000000 0.000000 0.000000 0.000000
15:57:44 0.400000 0.000000 0.000000 0.000000 108.088997 0.000000 0.717000 0.000000 1463306.347000 449795.176000 13.236230 80.536598 0.000000 0.000000 0.000000 0.000000 0.000000 0.000000
15:57:46 0.400000 0.000000 0.000000 0.000000 107.815002 0.000000 -0.686000 0.000000 1463306.298000 449794.576000 13.236231 80.536591 0.000000 0.000000 0.000000 0.000000 0.000000 0.000000
15:57:47 0.400000 0.000000 0.000000 0.000000 107.112999 0.000000 -1.477000 0.000000 1463306.579000 449793.487000 13.236233 80.536583 0.000000 0.000000 0.000000 0.000000 0.000000 0.000000
15:57:49 0.400000 0.000000 0.000000 0.000000 106.498001 0.000000 -0.342000 0.000000 1463306.753000 449792.630000 13.236235 80.536568 0.000000 0.000000 0.000000 0.000000 0.000000 0.000000
15:57:51 0.400000 0.000000 0.000000 0.000000 106.039001 0.000000 1.290000 0.000000 1463306.742000 449792.171000 13.236235 80.536568 0.000000 0.000000 0.000000 0.000000 0.000000 0.000000
15:57:53 0.400000 0.000000 0.000000 0.000000 105.459999 0.000000 0.963000 0.000000 1463306.592000 449791.477000 13.236233 80.536560 0.000000 0.000000 0.000000 0.000000 0.000000 0.000000
15:57:55 0.400000 0.000000 0.000000 0.000000 104.995003 0.000000 -0.605000 0.000000 1463306.500000 449790.853000 13.236233 80.536552 0.000000 0.000000 0.000000 0.000000 0.000000 0.000000
15:57:56 0.400000 0.000000 0.000000 0.000000 104.884003 0.000000 -1.058000 0.000000 1463306.390000 449790.503000 13.236232 80.536552 0.000000 0.000000 0.000000 0.000000 0.000000 0.000000
