18:06:08 0.400000 0.000000 3.625000 0.000000 128.417007 0.000000 -0.495000 0.000000 2604409.730000 530965.316000 23.549732 87.303398 0.000000 0.000000 0.000000 0.000000 0.000000 0.000000
18:06:09 0.400000 0.000000 3.625000 0.000000 129.867004 0.000000 -0.649000 0.000000 2604409.707000 530965.271000 23.549730 87.303398 0.000000 0.000000 0.000000 0.000000 0.000000 0.000000
18:06:09 0.400000 0.000000 3.625000 0.000000 129.867004 0.000000 -0.649000 0.000000 2604409.707000 530965.271000 23.549730 87.303398 0.000000 0.000000 0.000000 0.000000 0.000000 0.000000
18:06:10 0.400000 0.000000 3.625000 0.000000 129.867004 0.000000 -0.649000 0.000000 2604409.656000 530965.241000 23.549730 87.303398 0.000000 0.000000 0.000000 0.000000 0.000000 0.000000
18:06:10 0.400000 0.000000 3.625000 0.000000 129.867004 0.000000 -0.649000 0.000000 2604409.656000 530965.241000 23.549730 87.303398 0.000000 0.000000 0.000000 0.000000 0.000000 0.000000
18:06:10 0.400000 0.000000 3.625000 0.000000 129.867004 0.000000 -0.649000 0.000000 2604409.656000 530965.241000 23.549730 87.303398 0.000000 0.000000 0.000000 0.000000 0.000000 0.000000
18:06:11 0.400000 0.000000 3.625000 0.000000 129.867004 0.000000 -0.649000 0.000000 2604409.656000 530965.241000 23.549730 87.303398 0.000000 0.000000 0.000000 0.000000 0.000000 0.000000
18:06:11 0.400000 0.000000 3.625000 0.000000 129.867004 0.000000 -0.649000 0.000000 2604409.656000 530965.241000 23.549730 87.303398 0.000000 0.000000 0.000000 0.000000 0.000000 0.000000
18:06:12 0.400000 0.000000 3.625000 0.000000 129.867004 0.000000 -0.649000 0.000000 2604409.748000 530965.033000 23.549730 87.303398 0.000000 0.000000 0.000000 0.000000 0.000000 0.000000
18:06:12 0.400000 0.000000 3.625000 0.000000 129.867004 0.000000 -0.649000 0.000000 2604409.748000 530965.033000 23.549730 87.303398 0.000000 0.000000 0.000000 0.000000 0.000000 0.000000
18:06:12 0.400000 0.000000 3.625000 0.000000 129.867004 0.000000 -0.649000 0.000000 2604409.748000 530965.033000 23.549730 87.303398 0.000000 0.000000 0.000000 0.000000 0.000000 0.000000
18:06:13 0.400000 0.000000 3.625000 0.000000 129.867004 0.000000 -0.649000 0.000000 2604409.748000 530965.033000 23.549730 87.303398 0.000000 0.000000 0.000000 0.000000 0.000000 0.000000
18:06:13 0.400000 0.000000 3.625000 0.000000 129.867004 0.000000 -0.649000 0.000000 2604409.748000 530965.033000 23.549730 87.303398 0.000000 0.000000 0.000000 0.000000 0.000000 0.000000
18:06:14 0.400000 0.000000 3.625000 0.000000 129.867004 0.000000 -0.649000 0.000000 2604409.784000 530964.857000 23.549730 87.303398 0.000000 0.000000 0.000000 0.000000 0.000000 0.000000
18:06:14 0.400000 0.000000 3.625000 0.000000 129.867004 0.000000 -0.649000 0.000000 2604409.784000 530964.857000 23.549730 87.303398 0.000000 0.000000 0.000000 0.000000 0.000000 0.000000
18:06:14 0.400000 0.000000 3.625000 0.000000 129.867004 0.000000 -0.649000 0.000000 2604409.784000 530964.857000 23.549730 87.303398 0.000000 0.000000 0.000000 0.000000 0.000000 0.000000
18:06:15 0.400000 0.000000 3.625000 0.000000 129.867004 0.000000 -0.649000 0.000000 2604409.784000 530964.857000 23.549730 87.303398 0.000000 0.000000 0.000000 0.000000 0.000000 0.000000
18:06:15 0.400000 0.000000 3.625000 0.000000 129.867004 0.000000 -0.649000 0.000000 2604409.784000 530964.857000 23.549730 87.303398 0.000000 0.000000 0.000000 0.000000 0.000000 0.000000
18:06:16 0.400000 0.000000 3.625000 0.000000 129.867004 0.000000 -0.649000 0.000000 2604409.784000 530964.857000 23.549730 87.303398 0.000000 0.000000 0.000000 0.000000 0.000000 0.000000
18:06:16 0.400000 0.000000 3.625000 0.000000 129.867004 0.000000 -0.649000 0.000000 2604409.784000 530964.857000 23.549730 87.303398 0.000000 0.000000 0.000000 0.000000 0.000000 0.000000
18:06:16 0.400000 0.000000 3.625000 0.000000 129.867004 0.000000 -0.649000 0.000000 2604409.784000 530964.857000 23.549730 87.303398 0.000000 0.000000 0.000000 0.000000 0.000000 0.000000
18:06:17 0.400000 0.000000 3.625000 0.000000 129.867004 0.000000 -0.649000 0.000000 2604409.784000 530964.857000 23.549730 87.303398 0.000000 0.000000 0.000000 0.000000 0.000000 0.000000
18:06:17 0.400000 0.000000 3.625000 0.000000 129.867004 0.000000 -0.649000 0.000000 2604409.784000 530964.857000 23.549730 87.303398 0.000000 0.000000 0.000000 0.000000 0.000000 0.000000
18:06:18 0.400000 0.000000 3.625000 0.000000 129.867004 0.000000 -0.649000 0.000000 2604409.819000 530964.611000 23.549730 87.303398 0.000000 0.000000 0.000000 0.000000 0.000000 0.000000
18:06:18 0.400000 0.000000 3.625000 0.000000 129.867004 0.000000 -0.649000 0.000000 2604409.819000 530964.611000 23.549730 87.303398 0.000000 0.000000 0.000000 0.000000 0.000000 0.000000
18:06:18 0.400000 0.000000 3.625000 0.000000 129.867004 0.000000 -0.649000 0.000000 2604409.819000 530964.611000 23.549730 87.303398 0.000000 0.000000 0.000000 0.000000 0.000000 0.000000
18:06:19 0.400000 0.000000 3.625000 0.000000 129.867004 0.000000 -0.649000 0.000000 2604409.819000 530964.611000 23.549730 87.303398 0.000000 0.000000 0.000000 0.000000 0.000000 0.000000
18:06:19 0.400000 0.000000 3.625000 0.000000 129.867004 0.000000 -0.649000 0.000000 2604409.819000 530964.611000 23.549730 87.303398 0.000000 0.000000 0.000000 0.000000 0.000000 0.000000
18:06:20 0.400000 0.000000 3.625000 0.000000 129.867004 0.000000 -0.649000 0.000000 2604409.819000 530964.611000 23.549730 87.303398 0.000000 0.000000 0.000000 0.000000 0.000000 0.000000
18:06:20 0.400000 0.000000 3.625000 0.000000 129.867004 0.000000 -0.649000 0.000000 2604409.819000 530964.611000 23.549730 87.303398 0.000000 0.000000 0.000000 0.000000 0.000000 0.000000
18:06:20 0.400000 0.000000 3.625000 0.000000 129.867004 0.000000 -0.649000 0.000000 2604409.819000 530964.611000 23.549730 87.303398 0.000000 0.000000 0.000000 0.000000 0.000000 0.000000
18:06:21 0.400000 0.000000 3.625000 0.000000 129.867004 0.000000 -0.649000 0.000000 2604409.819000 530964.611000 23.549730 87.303398 0.000000 0.000000 0.000000 0.000000 0.000000 0.000000
18:06:21 0.400000 0.000000 3.625000 0.000000 129.867004 0.000000 -0.649000 0.000000 2604409.819000 530964.611000 23.549730 87.303398 0.000000 0.000000 0.000000 0.000000 0.000000 0.000000
18:06:22 0.400000 0.000000 3.625000 0.000000 129.867004 0.000000 -0.649000 0.000000 2604409.819000 530964.611000 23.549730 87.303398 0.000000 0.000000 0.000000 0.000000 0.000000 0.000000
18:06:22 0.400000 0.000000 3.625000 0.000000 129.867004 0.000000 -0.649000 0.000000 2604409.819000 530964.611000 23.549730 87.303398 0.000000 0.000000 0.000000 0.000000 0.000000 0.000000
18:06:22 0.400000 0.000000 3.625000 0.000000 129.867004 0.000000 -0.649000 0.000000 2604409.819000 530964.611000 23.549730 87.303398 0.000000 0.000000 0.000000 0.000000 0.000000 0.000000
18:06:23 0.400000 0.000000 3.625000 0.000000 129.867004 0.000000 -0.649000 0.000000 2604409.819000 530964.611000 23.549730 87.303398 0.000000 0.000000 0.000000 0.000000 0.000000 0.000000
18:06:23 0.400000 0.000000 3.625000 0.000000 129.867004 0.000000 -0.649000 0.000000 2604409.819000 530964.611000 23.549730 87.303398 0.000000 0.000000 0.000000 0.000000 0.000000 0.000000
18:06:24 0.400000 0.000000 3.625000 0.000000 129.867004 0.000000 -0.649000 0.000000 2604409.815000 530963.652000 23.549730 87.303398 0.000000 0.000000 0.000000 0.000000 0.000000 0.000000
18:06:24 0.400000 0.000000 3.625000 0.000000 129.867004 0.000000 -0.649000 0.000000 2604409.815000 530963.652000 23.549730 87.303398 0.000000 0.000000 0.000000 0.000000 0.000000 0.000000
18:06:24 0.400000 0.000000 3.625000 0.000000 129.867004 0.000000 -0.649000 0.000000 2604409.815000 530963.652000 23.549730 87.303398 0.000000 0.000000 0.000000 0.000000 0.000000 0.000000
18:06:25 0.400000 0.000000 3.625000 0.000000 129.867004 0.000000 -0.649000 0.000000 2604409.815000 530963.652000 23.549730 87.303398 0.000000 0.000000 0.000000 0.000000 0.000000 0.000000
18:06:25 0.400000 0.000000 3.625000 0.000000 129.867004 0.000000 -0.649000 0.000000 2604409.815000 530963.652000 23.549730 87.303398 0.000000 0.000000 0.000000 0.000000 0.000000 0.000000
18:06:26 0.400000 0.000000 3.625000 0.000000 129.867004 0.000000 -0.649000 0.000000 2604409.815000 530963.652000 23.549730 87.303398 0.000000 0.000000 0.000000 0.000000 0.000000 0.000000
18:06:26 0.400000 0.000000 3.625000 0.000000 129.867004 0.000000 -0.649000 0.000000 2604409.815000 530963.652000 23.549730 87.303398 0.000000 0.000000 0.000000 0.000000 0.000000 0.000000
18:06:26 0.400000 0.000000 3.625000 0.000000 129.867004 0.000000 -0.649000 0.000000 2604409.815000 530963.652000 23.549730 87.303398 0.000000 0.000000 0.000000 0.000000 0.000000 0.000000
18:06:27 0.400000 0.000000 3.625000 0.000000 129.867004 0.000000 -0.649000 0.000000 2604409.815000 530963.652000 23.549730 87.303398 0.000000 0.000000 0.000000 0.000000 0.000000 0.000000
18:06:27 0.400000 0.000000 3.625000 0.000000 129.867004 0.000000 -0.649000 0.000000 2604409.815000 530963.652000 23.549730 87.303398 0.000000 0.000000 0.000000 0.000000 0.000000 0.000000
18:06:28 0.400000 0.000000 3.625000 0.000000 129.867004 0.000000 -0.649000 0.000000 2604409.815000 530963.652000 23.549730 87.303398 0.000000 0.000000 0.000000 0.000000 0.000000 0.000000
18:06:28 0.400000 0.000000 3.625000 0.000000 129.867004 0.000000 -0.649000 0.000000 2604409.815000 530963.652000 23.549730 87.303398 0.000000 0.000000 0.000000 0.000000 0.000000 0.000000
18:06:28 0.400000 0.000000 3.625000 0.000000 129.867004 0.000000 -0.649000 0.000000 2604409.815000 530963.652000 23.549730 87.303398 0.000000 0.000000 0.000000 0.000000 0.000000 0.000000
18:06:29 0.400000 0.000000 3.625000 0.000000 129.867004 0.000000 -0.649000 0.000000 2604409.815000 530963.652000 23.549730 87.303398 0.000000 0.000000 0.000000 0.000000 0.000000 0.000000
18:06:29 0.400000 0.000000 3.625000 0.000000 129.867004 0.000000 -0.649000 0.000000 2604409.815000 530963.652000 23.549730 87.303398 0.000000 0.000000 0.000000 0.000000 0.000000 0.000000
18:06:30 0.400000 0.000000 3.625000 0.000000 129.867004 0.000000 -0.649000 0.000000 2604409.848000 530963.121000 23.549730 87.303398 0.000000 0.000000 0.000000 0.000000 0.000000 0.000000
18:06:30 0.400000 0.000000 3.625000 0.000000 129.867004 0.000000 -0.649000 0.000000 2604409.848000 530963.121000 23.549730 87.303398 0.000000 0.000000 0.000000 0.000000 0.000000 0.000000
18:06:30 0.400000 0.000000 3.625000 0.000000 129.867004 0.000000 -0.649000 0.000000 2604409.848000 530963.121000 23.549730 87.303398 0.000000 0.000000 0.000000 0.000000 0.000000 0.000000
18:06:31 0.400000 0.000000 3.625000 0.000000 129.867004 0.000000 -0.649000 0.000000 2604409.848000 530963.121000 23.549730 87.303398 0.000000 0.000000 0.000000 0.000000 0.000000 0.000000
18:06:31 0.400000 0.000000 3.625000 0.000000 129.867004 0.000000 -0.649000 0.000000 2604409.848000 530963.121000 23.549730 87.303398 0.000000 0.000000 0.000000 0.000000 0.000000 0.000000
18:06:32 0.400000 0.000000 3.625000 0.000000 129.867004 0.000000 -0.649000 0.000000 2604409.848000 530963.121000 23.549730 87.303398 0.000000 0.000000 0.000000 0.000000 0.000000 0.000000
18:06:32 0.400000 0.000000 3.625000 0.000000 129.867004 0.000000 -0.649000 0.000000 2604409.848000 530963.121000 23.549730 87.303398 0.000000 0.000000 0.000000 0.000000 0.000000 0.000000
18:06:32 0.400000 0.000000 3.625000 0.000000 129.867004 0.000000 -0.649000 0.000000 2604409.848000 530963.121000 23.549730 87.303398 0.000000 0.000000 0.000000 0.000000 0.000000 0.000000
18:06:33 0.400000 0.000000 3.625000 0.000000 129.867004 0.000000 -0.649000 0.000000 2604409.848000 530963.121000 23.549730 87.303398 0.000000 0.000000 0.000000 0.000000 0.000000 0.000000
18:06:33 0.400000 0.000000 3.625000 0.000000 129.867004 0.000000 -0.649000 0.000000 2604409.848000 530963.121000 23.549730 87.303398 0.000000 0.000000 0.000000 0.000000 0.000000 0.000000
18:06:34 0.400000 0.000000 3.625000 0.000000 129.867004 0.000000 -0.649000 0.000000 2604409.848000 530963.121000 23.549730 87.303398 0.000000 0.000000 0.000000 0.000000 0.000000 0.000000
18:06:34 0.400000 0.000000 3.625000 0.000000 129.867004 0.000000 -0.649000 0.000000 2604409.848000 530963.121000 23.549730 87.303398 0.000000 0.000000 0.000000 0.000000 0.000000 0.000000
18:06:34 0.400000 0.000000 3.625000 0.000000 129.867004 0.000000 -0.649000 0.000000 2604409.848000 530963.121000 23.549730 87.303398 0.000000 0.000000 0.000000 0.000000 0.000000 0.000000
18:06:35 0.400000 0.000000 3.625000 0.000000 129.867004 0.000000 -0.649000 0.000000 2604409.848000 530963.121000 23.549730 87.303398 0.000000 0.000000 0.000000 0.000000 0.000000 0.000000
18:06:35 0.400000 0.000000 3.625000 0.000000 129.867004 0.000000 -0.649000 0.000000 2604409.848000 530963.121000 23.549730 87.303398 0.000000 0.000000 0.000000 0.000000 0.000000 0.000000
18:06:36 0.400000 0.000000 3.625000 0.000000 129.867004 0.000000 -0.649000 0.000000 2604410.159000 530963.047000 23.549730 87.303398 0.000000 0.000000 0.000000 0.000000 0.000000 0.000000
18:06:36 0.400000 0.000000 3.625000 0.000000 129.867004 0.000000 -0.649000 0.000000 2604410.159000 530963.047000 23.549730 87.303398 0.000000 0.000000 0.000000 0.000000 0.000000 0.000000
18:06:36 0.400000 0.000000 3.625000 0.000000 129.867004 0.000000 -0.649000 0.000000 2604410.159000 530963.047000 23.549730 87.303398 0.000000 0.000000 0.000000 0.000000 0.000000 0.000000
18:06:37 0.400000 0.000000 3.625000 0.000000 129.867004 0.000000 -0.649000 0.000000 2604410.159000 530963.047000 23.549730 87.303398 0.000000 0.000000 0.000000 0.000000 0.000000 0.000000
18:06:37 0.400000 0.000000 3.625000 0.000000 129.867004 0.000000 -0.649000 0.000000 2604410.159000 530963.047000 23.549730 87.303398 0.000000 0.000000 0.000000 0.000000 0.000000 0.000000
18:06:38 0.400000 0.000000 3.625000 0.000000 129.867004 0.000000 -0.649000 0.000000 2604410.159000 530963.047000 23.549730 87.303398 0.000000 0.000000 0.000000 0.000000 0.000000 0.000000
18:06:38 0.400000 0.000000 3.625000 0.000000 129.867004 0.000000 -0.649000 0.000000 2604410.159000 530963.047000 23.549730 87.303398 0.000000 0.000000 0.000000 0.000000 0.000000 0.000000
18:06:38 0.400000 0.000000 3.625000 0.000000 129.867004 0.000000 -0.649000 0.000000 2604410.159000 530963.047000 23.549730 87.303398 0.000000 0.000000 0.000000 0.000000 0.000000 0.000000
18:06:39 0.400000 0.000000 3.625000 0.000000 129.867004 0.000000 -0.649000 0.000000 2604410.159000 530963.047000 23.549730 87.303398 0.000000 0.000000 0.000000 0.000000 0.000000 0.000000
18:06:39 0.400000 0.000000 3.625000 0.000000 129.867004 0.000000 -0.649000 0.000000 2604410.159000 530963.047000 23.549730 87.303398 0.000000 0.000000 0.000000 0.000000 0.000000 0.000000
18:06:40 0.400000 0.000000 3.625000 0.000000 129.867004 0.000000 -0.649000 0.000000 2604410.159000 530963.047000 23.549730 87.303398 0.000000 0.000000 0.000000 0.000000 0.000000 0.000000
18:06:40 0.400000 0.000000 3.625000 0.000000 129.867004 0.000000 -0.649000 0.000000 2604410.159000 530963.047000 23.549730 87.303398 0.000000 0.000000 0.000000 0.000000 0.000000 0.000000
18:06:40 0.400000 0.000000 3.625000 0.000000 129.867004 0.000000 -0.649000 0.000000 2604410.159000 530963.047000 23.549730 87.303398 0.000000 0.000000 0.000000 0.000000 0.000000 0.000000
18:06:41 0.400000 0.000000 3.625000 0.000000 129.867004 0.000000 -0.649000 0.000000 2604410.159000 530963.047000 23.549730 87.303398 0.000000 0.000000 0.000000 0.000000 0.000000 0.000000
18:06:41 0.400000 0.000000 3.625000 0.000000 129.867004 0.000000 -0.649000 0.000000 2604410.159000 530963.047000 23.549730 87.303398 0.000000 0.000000 0.000000 0.000000 0.000000 0.000000
18:06:42 0.400000 0.000000 3.625000 0.000000 129.867004 0.000000 -0.649000 0.000000 2604410.479000 530963.152000 23.549730 87.303398 0.000000 0.000000 0.000000 0.000000 0.000000 0.000000
18:06:42 0.400000 0.000000 3.625000 0.000000 129.867004 0.000000 -0.649000 0.000000 2604410.479000 530963.152000 23.549730 87.303398 0.000000 0.000000 0.000000 0.000000 0.000000 0.000000
18:06:42 0.400000 0.000000 3.625000 0.000000 129.867004 0.000000 -0.649000 0.000000 2604410.479000 530963.152000 23.549730 87.303398 0.000000 0.000000 0.000000 0.000000 0.000000 0.000000
18:06:43 0.400000 0.000000 3.625000 0.000000 129.867004 0.000000 -0.649000 0.000000 2604410.479000 530963.152000 23.549730 87.303398 0.000000 0.000000 0.000000 0.000000 0.000000 0.000000
18:06:43 0.400000 0.000000 3.625000 0.000000 129.867004 0.000000 -0.649000 0.000000 2604410.479000 530963.152000 23.549730 87.303398 0.000000 0.000000 0.000000 0.000000 0.000000 0.000000
18:06:44 0.400000 0.000000 3.625000 0.000000 129.867004 0.000000 -0.649000 0.000000 2604410.479000 530963.152000 23.549730 87.303398 0.000000 0.000000 0.000000 0.000000 0.000000 0.000000
18:06:44 0.400000 0.000000 3.625000 0.000000 129.867004 0.000000 -0.649000 0.000000 2604410.479000 530963.152000 23.549730 87.303398 0.000000 0.000000 0.000000 0.000000 0.000000 0.000000
18:06:44 0.400000 0.000000 3.625000 0.000000 129.867004 0.000000 -0.649000 0.000000 2604410.479000 530963.152000 23.549730 87.303398 0.000000 0.000000 0.000000 0.000000 0.000000 0.000000
18:06:45 0.400000 0.000000 3.625000 0.000000 129.867004 0.000000 -0.649000 0.000000 2604410.479000 530963.152000 23.549730 87.303398 0.000000 0.000000 0.000000 0.000000 0.000000 0.000000
18:06:45 0.400000 0.000000 3.625000 0.000000 129.867004 0.000000 -0.649000 0.000000 2604410.479000 530963.152000 23.549730 87.303398 0.000000 0.000000 0.000000 0.000000 0.000000 0.000000
18:06:46 0.400000 0.000000 3.625000 0.000000 129.867004 0.000000 -0.649000 0.000000 2604410.657000 530963.148000 23.549730 87.303398 0.000000 0.000000 0.000000 0.000000 0.000000 0.000000
18:06:46 0.400000 0.000000 3.625000 0.000000 129.867004 0.000000 -0.649000 0.000000 2604410.657000 530963.148000 23.549730 87.303398 0.000000 0.000000 0.000000 0.000000 0.000000 0.000000
18:06:46 0.400000 0.000000 3.625000 0.000000 129.867004 0.000000 -0.649000 0.000000 2604410.657000 530963.148000 23.549730 87.303398 0.000000 0.000000 0.000000 0.000000 0.000000 0.000000
18:06:47 0.400000 0.000000 3.625000 0.000000 129.867004 0.000000 -0.649000 0.000000 2604410.657000 530963.148000 23.549730 87.303398 0.000000 0.000000 0.000000 0.000000 0.000000 0.000000
18:06:47 0.400000 0.000000 3.625000 0.000000 129.867004 0.000000 -0.649000 0.000000 2604410.657000 530963.148000 23.549730 87.303398 0.000000 0.000000 0.000000 0.000000 0.000000 0.000000
18:06:48 0.400000 0.000000 3.625000 0.000000 129.867004 0.000000 -0.649000 0.000000 2604410.657000 530963.148000 23.549730 87.303398 0.000000 0.000000 0.000000 0.000000 0.000000 0.000000
18:06:48 0.400000 0.000000 3.625000 0.000000 129.867004 0.000000 -0.649000 0.000000 2604410.657000 530963.148000 23.549730 87.303398 0.000000 0.000000 0.000000 0.000000 0.000000 0.000000
18:06:48 0.400000 0.000000 3.625000 0.000000 129.867004 0.000000 -0.649000 0.000000 2604410.657000 530963.148000 23.549730 87.303398 0.000000 0.000000 0.000000 0.000000 0.000000 0.000000
18:06:49 0.400000 0.000000 3.625000 0.000000 129.867004 0.000000 -0.649000 0.000000 2604410.657000 530963.148000 23.549730 87.303398 0.000000 0.000000 0.000000 0.000000 0.000000 0.000000
18:06:49 0.400000 0.000000 3.625000 0.000000 129.867004 0.000000 -0.649000 0.000000 2604410.657000 530963.148000 23.549730 87.303398 0.000000 0.000000 0.000000 0.000000 0.000000 0.000000
18:06:50 0.400000 0.000000 3.625000 0.000000 129.867004 0.000000 -0.649000 0.000000 2604410.657000 530963.148000 23.549730 87.303398 0.000000 0.000000 0.000000 0.000000 0.000000 0.000000
18:06:50 0.400000 0.000000 3.625000 0.000000 129.867004 0.000000 -0.649000 0.000000 2604410.657000 530963.148000 23.549730 87.303398 0.000000 0.000000 0.000000 0.000000 0.000000 0.000000
18:06:50 0.400000 0.000000 3.625000 0.000000 129.867004 0.000000 -0.649000 0.000000 2604410.657000 530963.148000 23.549730 87.303398 0.000000 0.000000 0.000000 0.000000 0.000000 0.000000
18:06:51 0.400000 0.000000 3.625000 0.000000 129.867004 0.000000 -0.649000 0.000000 2604410.657000 530963.148000 23.549730 87.303398 0.000000 0.000000 0.000000 0.000000 0.000000 0.000000
18:06:51 0.400000 0.000000 3.625000 0.000000 129.867004 0.000000 -0.649000 0.000000 2604410.657000 530963.148000 23.549730 87.303398 0.000000 0.000000 0.000000 0.000000 0.000000 0.000000
18:06:52 0.400000 0.000000 3.625000 0.000000 129.867004 0.000000 -0.649000 0.000000 2604410.727000 530962.787000 23.549730 87.303398 0.000000 0.000000 0.000000 0.000000 0.000000 0.000000
18:06:52 0.400000 0.000000 3.625000 0.000000 129.867004 0.000000 -0.649000 0.000000 2604410.727000 530962.787000 23.549730 87.303398 0.000000 0.000000 0.000000 0.000000 0.000000 0.000000
18:06:52 0.400000 0.000000 3.625000 0.000000 129.867004 0.000000 -0.649000 0.000000 2604410.727000 530962.787000 23.549730 87.303398 0.000000 0.000000 0.000000 0.000000 0.000000 0.000000
18:06:53 0.400000 0.000000 3.625000 0.000000 129.867004 0.000000 -0.649000 0.000000 2604410.727000 530962.787000 23.549730 87.303398 0.000000 0.000000 0.000000 0.000000 0.000000 0.000000
18:06:53 0.400000 0.000000 3.625000 0.000000 129.867004 0.000000 -0.649000 0.000000 2604410.727000 530962.787000 23.549730 87.303398 0.000000 0.000000 0.000000 0.000000 0.000000 0.000000
18:06:54 0.400000 0.000000 3.625000 0.000000 129.867004 0.000000 -0.649000 0.000000 2604410.727000 530962.787000 23.549730 87.303398 0.000000 0.000000 0.000000 0.000000 0.000000 0.000000
18:06:54 0.400000 0.000000 3.625000 0.000000 129.867004 0.000000 -0.649000 0.000000 2604410.727000 530962.787000 23.549730 87.303398 0.000000 0.000000 0.000000 0.000000 0.000000 0.000000
18:06:54 0.400000 0.000000 3.625000 0.000000 129.867004 0.000000 -0.649000 0.000000 2604410.727000 530962.787000 23.549730 87.303398 0.000000 0.000000 0.000000 0.000000 0.000000 0.000000
18:06:55 0.400000 0.000000 3.625000 0.000000 129.867004 0.000000 -0.649000 0.000000 2604410.727000 530962.787000 23.549730 87.303398 0.000000 0.000000 0.000000 0.000000 0.000000 0.000000
18:06:55 0.400000 0.000000 3.625000 0.000000 129.867004 0.000000 -0.649000 0.000000 2604410.727000 530962.787000 23.549730 87.303398 0.000000 0.000000 0.000000 0.000000 0.000000 0.000000
18:06:56 0.400000 0.000000 3.625000 0.000000 129.867004 0.000000 -0.649000 0.000000 2604410.727000 530962.787000 23.549730 87.303398 0.000000 0.000000 0.000000 0.000000 0.000000 0.000000
18:06:56 0.400000 0.000000 3.625000 0.000000 129.867004 0.000000 -0.649000 0.000000 2604410.727000 530962.787000 23.549730 87.303398 0.000000 0.000000 0.000000 0.000000 0.000000 0.000000
18:06:56 0.400000 0.000000 3.625000 0.000000 129.867004 0.000000 -0.649000 0.000000 2604410.727000 530962.787000 23.549730 87.303398 0.000000 0.000000 0.000000 0.000000 0.000000 0.000000
18:06:57 0.400000 0.000000 3.625000 0.000000 129.867004 0.000000 -0.649000 0.000000 2604410.727000 530962.787000 23.549730 87.303398 0.000000 0.000000 0.000000 0.000000 0.000000 0.000000
18:06:57 0.400000 0.000000 3.625000 0.000000 129.867004 0.000000 -0.649000 0.000000 2604410.727000 530962.787000 23.549730 87.303398 0.000000 0.000000 0.000000 0.000000 0.000000 0.000000
18:06:58 0.400000 0.000000 3.625000 0.000000 129.867004 0.000000 -0.649000 0.000000 2604410.727000 530962.787000 23.549730 87.303398 0.000000 0.000000 0.000000 0.000000 0.000000 0.000000
18:06:58 0.400000 0.000000 3.625000 0.000000 129.867004 0.000000 -0.649000 0.000000 2604410.727000 530962.787000 23.549730 87.303398 0.000000 0.000000 0.000000 0.000000 0.000000 0.000000
18:06:58 0.400000 0.000000 3.625000 0.000000 129.867004 0.000000 -0.649000 0.000000 2604410.727000 530962.787000 23.549730 87.303398 0.000000 0.000000 0.000000 0.000000 0.000000 0.000000
18:06:59 0.400000 0.000000 3.625000 0.000000 129.867004 0.000000 -0.649000 0.000000 2604410.727000 530962.787000 23.549730 87.303398 0.000000 0.000000 0.000000 0.000000 0.000000 0.000000
18:06:59 0.400000 0.000000 3.625000 0.000000 129.867004 0.000000 -0.649000 0.000000 2604410.727000 530962.787000 23.549730 87.303398 0.000000 0.000000 0.000000 0.000000 0.000000 0.000000
18:07:00 0.400000 0.000000 3.625000 0.000000 129.867004 0.000000 -0.649000 0.000000 2604410.727000 530962.787000 23.549730 87.303398 0.000000 0.000000 0.000000 0.000000 0.000000 0.000000
18:07:00 0.400000 0.000000 3.625000 0.000000 129.867004 0.000000 -0.649000 0.000000 2604410.727000 530962.787000 23.549730 87.303398 0.000000 0.000000 0.000000 0.000000 0.000000 0.000000
18:07:00 0.400000 0.000000 3.625000 0.000000 129.867004 0.000000 -0.649000 0.000000 2604410.727000 530962.787000 23.549730 87.303398 0.000000 0.000000 0.000000 0.000000 0.000000 0.000000
18:07:01 0.400000 0.000000 3.625000 0.000000 129.867004 0.000000 -0.649000 0.000000 2604410.727000 530962.787000 23.549730 87.303398 0.000000 0.000000 0.000000 0.000000 0.000000 0.000000
18:07:01 0.400000 0.000000 3.625000 0.000000 129.867004 0.000000 -0.649000 0.000000 2604410.727000 530962.787000 23.549730 87.303398 0.000000 0.000000 0.000000 0.000000 0.000000 0.000000
18:07:02 0.400000 0.000000 3.625000 0.000000 129.867004 0.000000 -0.649000 0.000000 2604410.727000 530962.787000 23.549730 87.303398 0.000000 0.000000 0.000000 0.000000 0.000000 0.000000
18:07:02 0.400000 0.000000 3.625000 0.000000 129.867004 0.000000 -0.649000 0.000000 2604410.727000 530962.787000 23.549730 87.303398 0.000000 0.000000 0.000000 0.000000 0.000000 0.000000
18:07:02 0.400000 0.000000 3.625000 0.000000 129.867004 0.000000 -0.649000 0.000000 2604410.727000 530962.787000 23.549730 87.303398 0.000000 0.000000 0.000000 0.000000 0.000000 0.000000
18:07:03 0.400000 0.000000 3.625000 0.000000 129.867004 0.000000 -0.649000 0.000000 2604410.727000 530962.787000 23.549730 87.303398 0.000000 0.000000 0.000000 0.000000 0.000000 0.000000
18:07:03 0.400000 0.000000 3.625000 0.000000 129.867004 0.000000 -0.649000 0.000000 2604410.727000 530962.787000 23.549730 87.303398 0.000000 0.000000 0.000000 0.000000 0.000000 0.000000
18:07:04 0.400000 0.000000 3.625000 0.000000 129.867004 0.000000 -0.649000 0.000000 2604410.727000 530962.787000 23.549730 87.303398 0.000000 0.000000 0.000000 0.000000 0.000000 0.000000
18:07:04 0.400000 0.000000 3.625000 0.000000 129.867004 0.000000 -0.649000 0.000000 2604410.727000 530962.787000 23.549730 87.303398 0.000000 0.000000 0.000000 0.000000 0.000000 0.000000
18:07:04 0.400000 0.000000 3.625000 0.000000 129.867004 0.000000 -0.649000 0.000000 2604410.727000 530962.787000 23.549730 87.303398 0.000000 0.000000 0.000000 0.000000 0.000000 0.000000
18:07:05 0.400000 0.000000 3.625000 0.000000 129.867004 0.000000 -0.649000 0.000000 2604410.727000 530962.787000 23.549730 87.303398 0.000000 0.000000 0.000000 0.000000 0.000000 0.000000
18:07:05 0.400000 0.000000 3.625000 0.000000 129.867004 0.000000 -0.649000 0.000000 2604410.727000 530962.787000 23.549730 87.303398 0.000000 0.000000 0.000000 0.000000 0.000000 0.000000
18:07:06 0.400000 0.000000 3.625000 0.000000 129.867004 0.000000 -0.649000 0.000000 2604410.727000 530962.787000 23.549730 87.303398 0.000000 0.000000 0.000000 0.000000 0.000000 0.000000
18:07:06 0.400000 0.000000 3.625000 0.000000 129.867004 0.000000 -0.649000 0.000000 2604410.727000 530962.787000 23.549730 87.303398 0.000000 0.000000 0.000000 0.000000 0.000000 0.000000
18:07:06 0.400000 0.000000 3.625000 0.000000 129.867004 0.000000 -0.649000 0.000000 2604410.727000 530962.787000 23.549730 87.303398 0.000000 0.000000 0.000000 0.000000 0.000000 0.000000
18:07:07 0.400000 0.000000 3.625000 0.000000 129.867004 0.000000 -0.649000 0.000000 2604410.727000 530962.787000 23.549730 87.303398 0.000000 0.000000 0.000000 0.000000 0.000000 0.000000
18:07:07 0.400000 0.000000 3.625000 0.000000 129.867004 0.000000 -0.649000 0.000000 2604410.727000 530962.787000 23.549730 87.303398 0.000000 0.000000 0.000000 0.000000 0.000000 0.000000
18:07:08 0.400000 0.000000 3.625000 0.000000 129.867004 0.000000 -0.649000 0.000000 2604410.727000 530962.787000 23.549730 87.303398 0.000000 0.000000 0.000000 0.000000 0.000000 0.000000
18:07:08 0.400000 0.000000 3.625000 0.000000 129.867004 0.000000 -0.649000 0.000000 2604410.727000 530962.787000 23.549730 87.303398 0.000000 0.000000 0.000000 0.000000 0.000000 0.000000
18:07:09 0.400000 0.000000 3.625000 0.000000 82.251999 0.000000 -0.205000 0.000000 2604410.670000 530963.123000 23.549740 87.303375 0.000000 0.000000 0.000000 0.000000 0.000000 0.000000
18:07:09 0.400000 0.000000 3.625000 0.000000 82.251999 0.000000 -0.205000 0.000000 2604410.670000 530963.123000 23.549740 87.303375 0.000000 0.000000 0.000000 0.000000 0.000000 0.000000
18:07:10 0.400000 0.000000 3.625000 0.000000 82.251999 0.000000 -0.205000 0.000000 2604410.670000 530963.123000 23.549740 87.303375 0.000000 0.000000 0.000000 0.000000 0.000000 0.000000
18:07:10 0.400000 0.000000 3.625000 0.000000 82.251999 0.000000 -0.205000 0.000000 2604410.670000 530963.123000 23.549740 87.303375 0.000000 0.000000 0.000000 0.000000 0.000000 0.000000
18:07:10 0.400000 0.000000 3.625000 0.000000 82.251999 0.000000 -0.205000 0.000000 2604410.670000 530963.123000 23.549740 87.303375 0.000000 0.000000 0.000000 0.000000 0.000000 0.000000
18:07:11 0.400000 0.000000 3.625000 0.000000 82.251999 0.000000 -0.205000 0.000000 2604410.670000 530963.123000 23.549740 87.303375 0.000000 0.000000 0.000000 0.000000 0.000000 0.000000
18:07:11 0.400000 0.000000 3.625000 0.000000 82.251999 0.000000 -0.205000 0.000000 2604410.670000 530963.123000 23.549740 87.303375 0.000000 0.000000 0.000000 0.000000 0.000000 0.000000
18:07:12 0.400000 0.000000 3.625000 0.000000 82.251999 0.000000 -0.205000 0.000000 2604410.670000 530963.123000 23.549740 87.303375 0.000000 0.000000 0.000000 0.000000 0.000000 0.000000
18:07:12 0.400000 0.000000 3.625000 0.000000 82.251999 0.000000 -0.205000 0.000000 2604410.670000 530963.123000 23.549740 87.303375 0.000000 0.000000 0.000000 0.000000 0.000000 0.000000
18:07:12 0.400000 0.000000 3.625000 0.000000 82.251999 0.000000 -0.205000 0.000000 2604410.670000 530963.123000 23.549740 87.303375 0.000000 0.000000 0.000000 0.000000 0.000000 0.000000
18:07:13 0.400000 0.000000 3.625000 0.000000 82.251999 0.000000 -0.205000 0.000000 2604410.670000 530963.123000 23.549740 87.303375 0.000000 0.000000 0.000000 0.000000 0.000000 0.000000
18:07:13 0.400000 0.000000 3.625000 0.000000 82.251999 0.000000 -0.205000 0.000000 2604410.545000 530963.545000 23.549740 87.303375 0.000000 0.000000 0.000000 0.000000 0.000000 0.000000
18:07:14 0.400000 0.000000 3.625000 0.000000 82.251999 0.000000 -0.205000 0.000000 2604410.545000 530963.545000 23.549740 87.303375 0.000000 0.000000 0.000000 0.000000 0.000000 0.000000
18:07:14 0.400000 0.000000 3.625000 0.000000 82.251999 0.000000 -0.205000 0.000000 2604410.545000 530963.545000 23.549740 87.303375 0.000000 0.000000 0.000000 0.000000 0.000000 0.000000
18:07:14 0.400000 0.000000 3.625000 0.000000 82.251999 0.000000 -0.205000 0.000000 2604410.545000 530963.545000 23.549740 87.303375 0.000000 0.000000 0.000000 0.000000 0.000000 0.000000
18:07:15 0.400000 0.000000 3.625000 0.000000 82.251999 0.000000 -0.205000 0.000000 2604410.545000 530963.545000 23.549740 87.303375 0.000000 0.000000 0.000000 0.000000 0.000000 0.000000
18:07:15 0.400000 0.000000 3.625000 0.000000 82.251999 0.000000 -0.205000 0.000000 2604410.545000 530963.545000 23.549740 87.303375 0.000000 0.000000 0.000000 0.000000 0.000000 0.000000
18:07:16 0.400000 0.000000 3.625000 0.000000 82.251999 0.000000 -0.205000 0.000000 2604410.545000 530963.545000 23.549740 87.303375 0.000000 0.000000 0.000000 0.000000 0.000000 0.000000
18:07:16 0.400000 0.000000 3.625000 0.000000 82.251999 0.000000 -0.205000 0.000000 2604410.545000 530963.545000 23.549740 87.303375 0.000000 0.000000 0.000000 0.000000 0.000000 0.000000
18:07:16 0.400000 0.000000 3.625000 0.000000 82.251999 0.000000 -0.205000 0.000000 2604410.545000 530963.545000 23.549740 87.303375 0.000000 0.000000 0.000000 0.000000 0.000000 0.000000
18:07:17 0.400000 0.000000 3.625000 0.000000 82.251999 0.000000 -0.205000 0.000000 2604410.545000 530963.545000 23.549740 87.303375 0.000000 0.000000 0.000000 0.000000 0.000000 0.000000
18:07:17 0.400000 0.000000 3.625000 0.000000 82.251999 0.000000 -0.205000 0.000000 2604410.545000 530963.545000 23.549740 87.303375 0.000000 0.000000 0.000000 0.000000 0.000000 0.000000
18:07:18 0.400000 0.000000 3.625000 0.000000 82.251999 0.000000 -0.205000 0.000000 2604410.376000 530963.773000 23.549740 87.303375 0.000000 0.000000 0.000000 0.000000 0.000000 0.000000
18:07:18 0.400000 0.000000 3.625000 0.000000 82.251999 0.000000 -0.205000 0.000000 2604410.376000 530963.773000 23.549740 87.303375 0.000000 0.000000 0.000000 0.000000 0.000000 0.000000
18:07:18 0.400000 0.000000 3.625000 0.000000 82.251999 0.000000 -0.205000 0.000000 2604410.376000 530963.773000 23.549740 87.303375 0.000000 0.000000 0.000000 0.000000 0.000000 0.000000
18:07:19 0.400000 0.000000 3.625000 0.000000 82.251999 0.000000 -0.205000 0.000000 2604410.376000 530963.773000 23.549740 87.303375 0.000000 0.000000 0.000000 0.000000 0.000000 0.000000
18:07:19 0.400000 0.000000 3.625000 0.000000 82.251999 0.000000 -0.205000 0.000000 2604410.376000 530963.773000 23.549740 87.303375 0.000000 0.000000 0.000000 0.000000 0.000000 0.000000
18:07:20 0.400000 0.000000 3.625000 0.000000 82.251999 0.000000 -0.205000 0.000000 2604410.376000 530963.773000 23.549740 87.303375 0.000000 0.000000 0.000000 0.000000 0.000000 0.000000
18:07:20 0.400000 0.000000 3.625000 0.000000 82.251999 0.000000 -0.205000 0.000000 2604410.376000 530963.773000 23.549740 87.303375 0.000000 0.000000 0.000000 0.000000 0.000000 0.000000
18:07:20 0.400000 0.000000 3.625000 0.000000 82.251999 0.000000 -0.205000 0.000000 2604410.376000 530963.773000 23.549740 87.303375 0.000000 0.000000 0.000000 0.000000 0.000000 0.000000
18:07:21 0.400000 0.000000 3.625000 0.000000 82.251999 0.000000 -0.205000 0.000000 2604410.376000 530963.773000 23.549740 87.303375 0.000000 0.000000 0.000000 0.000000 0.000000 0.000000
18:07:21 0.400000 0.000000 3.625000 0.000000 82.251999 0.000000 -0.205000 0.000000 2604410.376000 530963.773000 23.549740 87.303375 0.000000 0.000000 0.000000 0.000000 0.000000 0.000000
18:07:22 0.400000 0.000000 3.625000 0.000000 82.251999 0.000000 -0.205000 0.000000 2604410.376000 530963.773000 23.549740 87.303375 0.000000 0.000000 0.000000 0.000000 0.000000 0.000000
18:07:22 0.400000 0.000000 3.625000 0.000000 82.251999 0.000000 -0.205000 0.000000 2604410.376000 530963.773000 23.549740 87.303375 0.000000 0.000000 0.000000 0.000000 0.000000 0.000000
18:07:22 0.400000 0.000000 3.625000 0.000000 82.251999 0.000000 -0.205000 0.000000 2604410.376000 530963.773000 23.549740 87.303375 0.000000 0.000000 0.000000 0.000000 0.000000 0.000000
18:07:23 0.400000 0.000000 3.625000 0.000000 82.251999 0.000000 -0.205000 0.000000 2604410.376000 530963.773000 23.549740 87.303375 0.000000 0.000000 0.000000 0.000000 0.000000 0.000000
18:07:23 0.400000 0.000000 3.625000 0.000000 82.251999 0.000000 -0.205000 0.000000 2604410.376000 530963.773000 23.549740 87.303375 0.000000 0.000000 0.000000 0.000000 0.000000 0.000000
18:07:24 0.400000 0.000000 3.625000 0.000000 82.251999 0.000000 -0.205000 0.000000 2604410.376000 530963.773000 23.549740 87.303375 0.000000 0.000000 0.000000 0.000000 0.000000 0.000000
18:07:24 0.400000 0.000000 3.625000 0.000000 82.251999 0.000000 -0.205000 0.000000 2604410.376000 530963.773000 23.549740 87.303375 0.000000 0.000000 0.000000 0.000000 0.000000 0.000000
18:07:24 0.400000 0.000000 3.625000 0.000000 82.251999 0.000000 -0.205000 0.000000 2604410.376000 530963.773000 23.549740 87.303375 0.000000 0.000000 0.000000 0.000000 0.000000 0.000000
18:07:25 0.400000 0.000000 3.625000 0.000000 82.251999 0.000000 -0.205000 0.000000 2604410.376000 530963.773000 23.549740 87.303375 0.000000 0.000000 0.000000 0.000000 0.000000 0.000000
18:07:25 0.400000 0.000000 3.625000 0.000000 82.251999 0.000000 -0.205000 0.000000 2604410.376000 530963.773000 23.549740 87.303375 0.000000 0.000000 0.000000 0.000000 0.000000 0.000000
18:07:26 0.400000 0.000000 3.625000 0.000000 82.251999 0.000000 -0.205000 0.000000 2604410.376000 530963.773000 23.549740 87.303375 0.000000 0.000000 0.000000 0.000000 0.000000 0.000000
18:07:26 0.400000 0.000000 3.625000 0.000000 82.251999 0.000000 -0.205000 0.000000 2604410.376000 530963.773000 23.549740 87.303375 0.000000 0.000000 0.000000 0.000000 0.000000 0.000000
18:07:26 0.400000 0.000000 3.625000 0.000000 82.251999 0.000000 -0.205000 0.000000 2604410.376000 530963.773000 23.549740 87.303375 0.000000 0.000000 0.000000 0.000000 0.000000 0.000000
18:07:27 0.400000 0.000000 3.625000 0.000000 82.251999 0.000000 -0.205000 0.000000 2604410.376000 530963.773000 23.549740 87.303375 0.000000 0.000000 0.000000 0.000000 0.000000 0.000000
18:07:27 0.400000 0.000000 3.625000 0.000000 82.251999 0.000000 -0.205000 0.000000 2604410.141000 530963.361000 23.549740 87.303375 0.000000 0.000000 0.000000 0.000000 0.000000 0.000000
18:07:28 0.400000 0.000000 3.625000 0.000000 82.251999 0.000000 -0.205000 0.000000 2604410.141000 530963.361000 23.549740 87.303375 0.000000 0.000000 0.000000 0.000000 0.000000 0.000000
18:07:28 0.400000 0.000000 3.625000 0.000000 82.251999 0.000000 -0.205000 0.000000 2604410.141000 530963.361000 23.549740 87.303375 0.000000 0.000000 0.000000 0.000000 0.000000 0.000000
18:07:28 0.400000 0.000000 3.625000 0.000000 82.251999 0.000000 -0.205000 0.000000 2604410.141000 530963.361000 23.549740 87.303375 0.000000 0.000000 0.000000 0.000000 0.000000 0.000000
18:07:29 0.400000 0.000000 3.625000 0.000000 82.251999 0.000000 -0.205000 0.000000 2604410.141000 530963.361000 23.549740 87.303375 0.000000 0.000000 0.000000 0.000000 0.000000 0.000000
18:07:29 0.400000 0.000000 3.625000 0.000000 82.251999 0.000000 -0.205000 0.000000 2604410.039000 530963.130000 23.549740 87.303375 0.000000 0.000000 0.000000 0.000000 0.000000 0.000000
18:07:30 0.400000 0.000000 3.625000 0.000000 82.251999 0.000000 -0.205000 0.000000 2604410.039000 530963.130000 23.549740 87.303375 0.000000 0.000000 0.000000 0.000000 0.000000 0.000000
18:07:30 0.400000 0.000000 3.625000 0.000000 82.251999 0.000000 -0.205000 0.000000 2604410.039000 530963.130000 23.549740 87.303375 0.000000 0.000000 0.000000 0.000000 0.000000 0.000000
18:07:30 0.400000 0.000000 3.625000 0.000000 82.251999 0.000000 -0.205000 0.000000 2604410.039000 530963.130000 23.549740 87.303375 0.000000 0.000000 0.000000 0.000000 0.000000 0.000000
18:07:31 0.400000 0.000000 3.625000 0.000000 82.251999 0.000000 -0.205000 0.000000 2604410.039000 530963.130000 23.549740 87.303375 0.000000 0.000000 0.000000 0.000000 0.000000 0.000000
18:07:31 0.400000 0.000000 3.625000 0.000000 82.251999 0.000000 -0.205000 0.000000 2604410.039000 530963.130000 23.549740 87.303375 0.000000 0.000000 0.000000 0.000000 0.000000 0.000000
18:07:32 0.400000 0.000000 3.625000 0.000000 82.251999 0.000000 -0.205000 0.000000 2604410.039000 530963.130000 23.549740 87.303375 0.000000 0.000000 0.000000 0.000000 0.000000 0.000000
18:07:32 0.400000 0.000000 3.625000 0.000000 82.251999 0.000000 -0.205000 0.000000 2604410.039000 530963.130000 23.549740 87.303375 0.000000 0.000000 0.000000 0.000000 0.000000 0.000000
18:07:32 0.400000 0.000000 3.625000 0.000000 82.251999 0.000000 -0.205000 0.000000 2604410.039000 530963.130000 23.549740 87.303375 0.000000 0.000000 0.000000 0.000000 0.000000 0.000000
18:07:33 0.400000 0.000000 3.625000 0.000000 82.251999 0.000000 -0.205000 0.000000 2604410.039000 530963.130000 23.549740 87.303375 0.000000 0.000000 0.000000 0.000000 0.000000 0.000000
18:07:33 0.400000 0.000000 3.625000 0.000000 82.251999 0.000000 -0.205000 0.000000 2604410.039000 530963.130000 23.549740 87.303375 0.000000 0.000000 0.000000 0.000000 0.000000 0.000000
