12:29:44 1.100000 0.000000 3.750000 0.000000 163.694000 0.000000 1.630000 0.000000 2604411.016000 530961.994000 23.549744 87.303368 0.000000 0.000000 0.000000 0.000000 0.000000 0.000000
12:29:46 1.200000 0.000000 3.750000 0.000000 151.832993 0.000000 1.326000 0.000000 2604411.119000 530961.948000 23.549744 87.303368 0.000000 0.000000 0.000000 0.000000 4.950000 182.000000
12:29:48 1.300000 0.000000 3.750000 0.000000 140.237000 0.000000 0.866000 0.000000 2604411.228000 530961.965000 23.549746 87.303368 0.000000 0.000000 0.000000 0.000000 4.500000 180.000000
12:29:49 1.400000 0.000000 3.750000 0.000000 127.160004 0.000000 0.490000 0.000000 2604411.354000 530961.997000 23.549746 87.303368 0.000000 0.000000 0.000000 0.000000 13.800000 177.000000
12:29:51 1.500000 0.000000 3.750000 0.000000 113.429001 0.000000 0.503000 0.000000 2604411.461000 530962.031000 23.549747 87.303368 0.000000 0.000000 0.000000 0.000000 23.850000 175.000000
12:29:53 1.600000 0.000000 3.750000 0.000000 99.578003 0.000000 0.868000 0.000000 2604411.505000 530962.043000 23.549747 87.303368 0.000000 0.000000 0.000000 0.000000 4.050000 174.000000
12:29:55 1.600000 0.000000 3.750000 0.000000 85.802002 0.000000 1.470000 0.000000 2604411.601000 530962.068000 23.549749 87.303368 0.000000 0.000000 0.000000 0.000000 14.700000 176.000000
12:29:57 1.700000 0.000000 3.750000 0.000000 71.983002 0.000000 1.932000 0.000000 2604411.705000 530962.078000 23.549749 87.303368 0.000000 0.000000 0.000000 0.000000 5.850000 178.000000
12:29:58 1.700000 0.000000 3.750000 0.000000 58.039001 0.000000 2.269000 0.000000 2604411.813000 530962.060000 23.549749 87.303368 0.000000 0.000000 0.000000 0.000000 10.800000 181.000000
12:30:00 1.800000 0.000000 3.750000 0.000000 44.043999 0.000000 2.281000 0.000000 2604411.933000 530962.028000 23.549751 87.303368 0.000000 0.000000 0.000000 0.000000 9.300000 183.000000
12:30:02 1.800000 0.000000 3.750000 0.000000 30.738001 0.000000 2.262000 0.000000 2604412.000000 530961.953000 23.549753 87.303368 0.000000 0.000000 0.000000 0.000000 17.400000 184.000000
12:30:04 1.800000 0.000000 3.750000 0.000000 19.950001 0.000000 2.511000 0.000000 2604412.143000 530961.891000 23.549753 87.303360 0.000000 0.000000 0.000000 0.000000 14.850000 182.000000
12:30:06 1.900000 0.000000 3.750000 0.000000 11.204000 0.000000 2.861000 0.000000 2604412.291000 530961.805000 23.549755 87.303360 0.000000 0.000000 0.000000 0.000000 8.850000 180.000000
12:30:07 1.900000 0.000000 3.750000 0.000000 4.174000 0.000000 3.277000 0.000000 2604412.396000 530961.720000 23.549755 87.303360 0.000000 0.000000 0.000000 0.000000 7.050000 177.000000
12:30:09 1.900000 0.000000 3.750000 0.000000 358.460999 0.000000 3.904000 0.000000 2604412.427000 530961.621000 23.549755 87.303360 0.000000 0.000000 0.000000 0.000000 5.400000 175.000000
12:30:11 1.900000 0.000000 3.750000 0.000000 354.208008 0.000000 4.690000 0.000000 2604412.463000 530961.523000 23.549755 87.303360 0.000000 0.000000 0.000000 0.000000 4.950000 174.000000
12:30:13 1.800000 0.000000 3.750000 0.000000 351.792999 0.000000 5.530000 0.000000 2604412.487000 530961.425000 23.549757 87.303360 0.000000 0.000000 0.000000 0.000000 4.950000 176.000000
12:30:15 1.900000 0.000000 3.750000 0.000000 350.282990 0.000000 6.260000 0.000000 2604412.484000 530961.339000 23.549757 87.303360 0.000000 0.000000 0.000000 0.000000 4.650000 178.000000
12:30:16 1.900000 0.000000 3.750000 0.000000 349.471985 0.000000 6.685000 0.000000 2604412.483000 530961.253000 23.549757 87.303360 0.000000 0.000000 0.000000 0.000000 4.950000 181.000000
12:30:18 1.900000 0.000000 3.750000 0.000000 349.161987 0.000000 6.701000 0.000000 2604412.477000 530961.179000 23.549757 87.303360 0.000000 0.000000 0.000000 0.000000 4.200000 183.000000
12:30:20 1.900000 0.000000 3.750000 0.000000 349.334015 0.000000 6.254000 0.000000 2604412.483000 530961.136000 23.549755 87.303352 0.000000 0.000000 0.000000 0.000000 11.250000 184.000000
12:30:22 2.000000 0.000000 3.750000 0.000000 349.824005 0.000000 5.288000 0.000000 2604412.475000 530961.098000 23.549755 87.303352 0.000000 0.000000 0.000000 0.000000 4.650000 182.000000
12:30:24 2.000000 0.000000 3.750000 0.000000 350.585999 0.000000 3.975000 0.000000 2604412.437000 530961.043000 23.549755 87.303352 0.000000 0.000000 0.000000 0.000000 4.200000 180.000000
12:30:25 2.100000 0.000000 3.750000 0.000000 351.545013 0.000000 2.498000 0.000000 2604412.309000 530961.000000 23.549755 87.303352 0.000000 0.000000 0.000000 0.000000 11.700000 177.000000
12:30:27 2.200000 0.000000 3.750000 0.000000 352.692993 0.000000 1.114000 0.000000 2604412.348000 530960.970000 23.549755 87.303352 0.000000 0.000000 0.000000 0.000000 12.600000 175.000000
12:30:29 2.200000 0.000000 3.750000 0.000000 354.029999 0.000000 -0.026000 0.000000 2604412.302000 530960.939000 23.549755 87.303352 0.000000 0.000000 0.000000 0.000000 4.200000 174.000000
12:30:31 2.200000 0.000000 3.750000 0.000000 355.548004 0.000000 -0.719000 0.000000 2604412.277000 530960.896000 23.549753 87.303352 0.000000 0.000000 0.000000 0.000000 4.500000 176.000000
12:30:33 2.200000 0.000000 3.750000 0.000000 357.226990 0.000000 -0.923000 0.000000 2604412.232000 530960.877000 23.549753 87.303352 0.000000 0.000000 0.000000 0.000000 5.700000 178.000000
12:30:34 2.200000 0.000000 3.750000 0.000000 359.019012 0.000000 -0.705000 0.000000 2604412.264000 530960.847000 23.549755 87.303352 0.000000 0.000000 0.000000 0.000000 5.850000 181.000000
12:30:36 2.200000 0.000000 3.750000 0.000000 0.897000 0.000000 -0.108000 0.000000 2604412.333000 530960.816000 23.549755 87.303352 0.000000 0.000000 0.000000 0.000000 9.600000 183.000000
12:30:38 2.100000 0.000000 3.750000 0.000000 2.878000 0.000000 0.721000 0.000000 2604412.392000 530960.810000 23.549755 87.303352 0.000000 0.000000 0.000000 0.000000 7.350000 184.000000
12:30:40 2.100000 0.000000 3.750000 0.000000 4.712000 0.000000 1.589000 0.000000 2604412.416000 530960.766000 23.549755 87.303352 0.000000 0.000000 0.000000 0.000000 8.250000 182.000000
12:30:42 2.000000 0.000000 3.750000 0.000000 5.453000 0.000000 2.309000 0.000000 2604412.430000 530960.730000 23.549755 87.303352 0.000000 0.000000 0.000000 0.000000 9.450000 180.000000
12:30:44 2.000000 0.000000 3.750000 0.000000 5.588000 0.000000 2.862000 0.000000 2604412.416000 530960.661000 23.549755 87.303352 0.088081 0.000000 0.000000 0.000000 9.600000 177.000000
12:30:45 1.900000 0.000000 3.750000 0.000000 5.181000 0.000000 3.030000 0.000000 2604412.411000 530960.600000 23.549755 87.303352 0.124809 0.000000 0.000000 0.000000 10.650000 175.000000
12:30:47 1.900000 0.000000 3.750000 0.000000 4.260000 0.000000 3.314000 0.000000 2604412.772000 530960.577000 23.549759 87.303352 0.293589 0.000000 0.000000 0.000000 5.850000 174.000000
12:30:49 1.900000 0.000000 3.750000 0.000000 3.314000 0.000000 3.975000 0.000000 2604413.329000 530960.582000 23.549765 87.303352 0.835686 0.000000 0.000000 0.000000 5.850000 176.000000
12:30:51 1.900000 0.000000 3.750000 0.000000 2.289000 0.000000 4.668000 0.000000 2604413.899000 530960.606000 23.549770 87.303352 1.401372 0.000000 0.000000 0.000000 9.000000 178.000000
12:30:53 1.800000 0.000000 3.750000 0.000000 1.095000 0.000000 5.078000 0.000000 2604414.083000 530960.581000 23.549770 87.303352 1.586578 0.000000 0.000000 0.000000 8.550000 181.000000
12:30:54 1.700000 0.000000 3.750000 0.000000 359.662994 0.000000 4.715000 0.000000 2604413.705000 530960.472000 23.549767 87.303352 1.224118 0.000000 0.000000 0.000000 10.050000 183.000000
12:30:56 1.700000 0.000000 3.750000 0.000000 358.279999 0.000000 3.568000 0.000000 2604413.196000 530960.362000 23.549761 87.303345 0.768353 0.000000 0.000000 0.000000 9.150000 184.000000
12:30:58 1.700000 0.000000 3.750000 0.000000 357.382996 0.000000 2.997000 0.000000 2604412.966000 530960.196000 23.549761 87.303345 0.677295 0.000000 0.000000 0.000000 5.100000 182.000000
12:31:00 1.600000 0.000000 3.750000 0.000000 356.394989 0.000000 3.940000 0.000000 2604413.907000 530960.178000 23.549772 87.303345 1.496409 0.000000 0.000000 0.000000 4.500000 180.000000
12:31:02 1.700000 0.000000 3.750000 0.000000 355.880005 0.000000 5.653000 0.000000 2604415.397000 530960.180000 23.549786 87.303345 2.941116 0.000000 0.000000 0.000000 4.500000 177.000000
12:31:03 1.600000 0.000000 3.750000 0.000000 355.819000 0.000000 8.141000 0.000000 2604416.546000 530960.231000 23.549793 87.303345 4.071671 0.000000 0.000000 0.000000 3.900000 175.000000
12:31:05 1.500000 0.000000 3.750000 0.000000 355.566986 0.000000 10.117000 0.000000 2604416.834000 530960.200000 23.549795 87.303345 4.361331 0.000000 0.000000 0.000000 8.700000 174.000000
12:31:07 1.300000 0.000000 3.750000 0.000000 355.570007 0.000000 10.819000 0.000000 2604416.659000 530960.157000 23.549793 87.303345 4.192698 0.000000 0.000000 0.000000 4.200000 176.000000
12:31:09 1.300000 0.000000 3.750000 0.000000 355.541992 0.000000 10.318000 0.000000 2604416.321000 530960.135000 23.549789 87.303345 3.860738 0.000000 0.000000 0.000000 4.200000 178.000000
12:31:11 1.200000 0.000000 3.750000 0.000000 355.191010 0.000000 8.833000 0.000000 2604415.777000 530960.049000 23.549784 87.303345 3.338624 0.000000 0.000000 0.000000 4.350000 181.000000
12:31:12 1.100000 0.000000 3.750000 0.000000 354.338989 0.000000 7.063000 0.000000 2604415.617000 530959.978000 23.549784 87.303345 3.196730 0.000000 0.000000 0.000000 4.350000 183.000000
12:31:14 1.200000 0.000000 3.750000 0.000000 353.265015 0.000000 6.384000 0.000000 2604416.102000 530959.834000 23.549791 87.303345 3.701738 0.000000 0.000000 0.000000 4.050000 184.000000
12:31:16 1.200000 0.000000 3.750000 0.000000 352.447998 0.000000 6.946000 0.000000 2604417.776000 530959.850000 23.549805 87.303345 5.342058 0.000000 0.000000 0.000000 3.600000 182.000000
12:31:18 1.300000 0.000000 3.750000 0.000000 351.477997 0.000000 8.253000 0.000000 2604418.690000 530959.786000 23.549812 87.303345 6.255302 0.000000 0.000000 0.000000 7.050000 180.000000
12:31:20 1.200000 0.000000 3.750000 0.000000 350.730988 0.000000 9.044000 0.000000 2604418.819000 530959.754000 23.549814 87.303345 6.387580 0.000000 0.000000 0.000000 3.150000 177.000000
12:31:21 1.200000 0.000000 3.750000 0.000000 350.592010 0.000000 8.971000 0.000000 2604418.722000 530959.776000 23.549812 87.303345 6.288412 0.000000 0.000000 0.000000 3.150000 177.000000
12:31:23 1.200000 0.000000 3.750000 0.000000 350.251007 0.000000 8.340000 0.000000 2604418.068000 530959.800000 23.549805 87.303345 5.638287 0.000000 0.000000 0.000000 9.750000 174.000000
12:31:25 1.100000 0.000000 3.750000 0.000000 349.507996 0.000000 7.109000 0.000000 2604416.866000 530959.773000 23.549795 87.303345 4.460747 0.000000 0.000000 0.000000 3.450000 176.000000
12:31:27 1.000000 0.000000 3.750000 0.000000 348.677002 0.000000 5.285000 0.000000 2604416.272000 530959.788000 23.549789 87.303345 3.877768 0.000000 0.000000 0.000000 9.300000 178.000000
12:31:29 1.000000 0.000000 3.750000 0.000000 347.751007 0.000000 3.707000 0.000000 2604415.910000 530959.730000 23.549788 87.303345 3.541879 0.000000 0.000000 0.000000 9.750000 181.000000
12:31:30 1.000000 0.000000 3.750000 0.000000 346.585999 0.000000 3.514000 0.000000 2604416.532000 530959.598000 23.549793 87.303337 4.176606 0.000000 0.000000 0.000000 8.850000 183.000000
12:31:32 1.000000 0.000000 3.750000 0.000000 345.213013 0.000000 4.908000 0.000000 2604417.914000 530959.421000 23.549805 87.303337 4.176606 0.000000 0.000000 0.000000 2.700000 184.000000
12:31:34 1.000000 0.000000 3.750000 0.000000 340.324005 0.000000 6.892000 0.000000 2604418.843000 530959.263000 23.549814 87.303337 4.176606 0.000000 0.000000 0.000000 8.850000 182.000000
12:31:36 1.000000 0.000000 3.750000 0.000000 330.282990 0.000000 7.614000 0.000000 2604419.118000 530959.100000 23.549816 87.303337 4.176606 0.000000 0.000000 0.000000 12.000000 180.000000
12:31:38 1.000000 0.000000 3.750000 0.000000 317.656006 0.000000 6.913000 0.000000 2604419.485000 530958.930000 23.549820 87.303337 4.176606 0.000000 0.000000 0.000000 29.549999 177.000000
12:31:40 1.100000 0.000000 3.750000 0.000000 303.812012 0.000000 5.275000 0.000000 2604419.720000 530958.728000 23.549822 87.303329 4.176606 0.000000 0.000000 0.000000 29.549999 177.000000
12:31:41 1.200000 0.000000 3.750000 0.000000 292.420013 0.000000 3.744000 0.000000 2604419.823000 530958.637000 23.549822 87.303329 4.176606 0.000000 0.000000 0.000000 1.200000 174.000000
12:31:43 1.400000 0.000000 3.750000 0.000000 284.850006 0.000000 2.584000 0.000000 2604419.718000 530959.034000 23.549822 87.303337 4.176606 0.000000 0.000000 0.000000 10.800000 176.000000
12:31:45 1.500000 0.000000 3.750000 0.000000 274.608002 0.000000 1.745000 0.000000 2604419.652000 530959.218000 23.549820 87.303337 4.176606 0.000000 0.000000 0.000000 23.250000 178.000000
12:31:47 1.600000 0.000000 3.750000 0.000000 262.302002 0.000000 0.900000 0.000000 2604419.485000 530959.399000 23.549818 87.303337 4.176606 0.000000 0.000000 0.000000 13.950000 181.000000
12:31:49 1.600000 0.000000 3.750000 0.000000 248.893005 0.000000 0.111000 0.000000 2604419.351000 530959.508000 23.549818 87.303337 4.176606 0.000000 0.000000 0.000000 12.450000 183.000000
12:31:50 1.700000 0.000000 3.750000 0.000000 234.947998 0.000000 0.124000 0.000000 2604419.242000 530959.544000 23.549818 87.303337 4.176606 0.000000 0.000000 0.000000 15.600000 184.000000
12:31:52 1.700000 0.000000 3.750000 0.000000 221.177994 0.000000 0.774000 0.000000 2604419.177000 530959.557000 23.549816 87.303337 4.176606 0.000000 0.000000 0.000000 19.500000 182.000000
12:31:54 1.800000 0.000000 3.750000 0.000000 209.005997 0.000000 1.645000 0.000000 2604419.076000 530959.552000 23.549816 87.303337 4.176606 0.000000 0.000000 0.000000 21.150000 180.000000
12:31:56 1.800000 0.000000 3.750000 0.000000 199.001007 0.000000 2.567000 0.000000 2604419.019000 530959.560000 23.549814 87.303337 4.176606 0.000000 0.000000 0.000000 15.600000 177.000000
12:31:58 1.800000 0.000000 3.750000 0.000000 190.985001 0.000000 3.324000 0.000000 2604419.005000 530959.554000 23.549814 87.303337 4.176606 0.000000 0.000000 0.000000 14.700000 175.000000
12:31:59 1.800000 0.000000 3.750000 0.000000 184.628998 0.000000 3.682000 0.000000 2604419.006000 530959.522000 23.549814 87.303337 4.176606 0.000000 0.000000 0.000000 11.250000 174.000000
12:32:01 1.800000 0.000000 3.750000 0.000000 179.664001 0.000000 3.488000 0.000000 2604419.013000 530959.492000 23.549814 87.303337 4.176606 0.000000 0.000000 0.000000 10.650000 176.000000
12:32:03 1.800000 0.000000 3.750000 0.000000 176.130997 0.000000 2.913000 0.000000 2604419.006000 530959.473000 23.549814 87.303337 4.176606 0.000000 0.000000 0.000000 10.650000 176.000000
12:32:05 1.800000 0.000000 3.750000 0.000000 174.563004 0.000000 2.032000 0.000000 2604419.036000 530959.430000 23.549814 87.303337 4.176606 0.000000 0.000000 0.000000 9.900000 181.000000
12:32:07 1.900000 0.000000 3.750000 0.000000 173.968994 0.000000 0.953000 0.000000 2604419.035000 530959.375000 23.549816 87.303337 4.176606 0.000000 0.000000 0.000000 10.650000 183.000000
12:32:08 1.900000 0.000000 3.750000 0.000000 173.940002 0.000000 0.120000 0.000000 2604419.097000 530959.332000 23.549816 87.303337 4.176606 0.000000 0.000000 0.000000 10.650000 184.000000
12:32:10 1.900000 0.000000 3.750000 0.000000 174.356003 0.000000 -0.284000 0.000000 2604419.155000 530959.301000 23.549816 87.303337 4.176606 0.000000 0.000000 0.000000 10.500000 182.000000
12:32:12 1.900000 0.000000 3.750000 0.000000 175.182007 0.000000 -0.208000 0.000000 2604419.231000 530959.282000 23.549818 87.303337 4.176606 0.000000 0.000000 0.000000 10.050000 180.000000
12:32:14 1.900000 0.000000 3.750000 0.000000 176.354004 0.000000 0.268000 0.000000 2604419.292000 530959.276000 23.549818 87.303337 4.176606 0.000000 0.000000 0.000000 9.900000 177.000000
12:32:16 2.000000 0.000000 3.750000 0.000000 177.778000 0.000000 1.039000 0.000000 2604419.311000 530959.233000 23.549818 87.303337 4.176606 0.000000 0.000000 0.000000 11.850000 175.000000
12:32:17 1.900000 0.000000 3.750000 0.000000 179.477005 0.000000 1.822000 0.000000 2604419.343000 530959.226000 23.549818 87.303337 4.176606 0.000000 0.000000 0.000000 10.500000 174.000000
12:32:19 1.900000 0.000000 3.750000 0.000000 181.300995 0.000000 2.555000 0.000000 2604419.358000 530959.196000 23.549818 87.303337 4.176606 0.000000 0.000000 0.000000 12.150000 176.000000
12:32:21 1.800000 0.000000 3.750000 0.000000 183.298996 0.000000 3.050000 0.000000 2604419.395000 530959.226000 23.549818 87.303337 4.176606 0.000000 0.000000 0.000000 11.850000 178.000000
12:32:23 1.800000 0.000000 3.750000 0.000000 184.817001 0.000000 3.362000 0.000000 2604419.433000 530959.194000 23.549820 87.303337 4.176606 0.000000 0.000000 0.000000 14.100000 181.000000
12:32:25 1.800000 0.000000 3.750000 0.000000 185.352997 0.000000 3.284000 0.000000 2604419.510000 530959.228000 23.549820 87.303337 4.176606 0.000000 0.000000 0.000000 16.350000 183.000000
12:32:26 1.800000 0.000000 3.750000 0.000000 185.246002 0.000000 3.061000 0.000000 2604419.506000 530959.155000 23.549820 87.303337 4.176606 0.000000 0.000000 0.000000 14.850000 184.000000
12:32:28 1.800000 0.000000 3.750000 0.000000 184.729996 0.000000 2.758000 0.000000 2604419.638000 530959.227000 23.549822 87.303337 4.176606 0.000000 0.000000 0.000000 14.400000 182.000000
12:32:30 1.800000 0.000000 3.750000 0.000000 183.792999 0.000000 2.336000 0.000000 2604419.686000 530959.264000 23.549822 87.303337 4.176606 0.000000 0.000000 0.000000 12.600000 180.000000
12:32:32 1.800000 0.000000 3.750000 0.000000 182.490005 0.000000 1.902000 0.000000 2604419.764000 530959.312000 23.549822 87.303337 4.176606 0.000000 0.000000 0.000000 11.250000 177.000000
12:32:34 1.900000 0.000000 3.750000 0.000000 180.509003 0.000000 1.524000 0.000000 2604419.812000 530959.373000 23.549822 87.303337 0.062032 0.000000 0.000000 0.000000 10.500000 175.000000
12:32:36 1.900000 0.000000 3.750000 0.000000 179.382996 0.000000 1.423000 0.000000 2604419.844000 530959.434000 23.549822 87.303337 0.110982 0.000000 0.000000 0.000000 12.000000 174.000000
12:32:38 1.800000 0.000000 3.750000 0.000000 179.231995 0.000000 1.460000 0.000000 2604419.866000 530959.470000 23.549822 87.303337 0.149937 0.000000 0.000000 0.000000 10.650000 176.000000
12:32:39 1.900000 0.000000 3.750000 0.000000 179.580994 0.000000 1.579000 0.000000 2604419.914000 530959.494000 23.549824 87.303337 0.202625 0.000000 0.000000 0.000000 11.550000 178.000000
12:32:41 1.900000 0.000000 3.750000 0.000000 180.380997 0.000000 1.736000 0.000000 2604419.950000 530959.506000 23.549824 87.303337 0.239084 0.000000 0.000000 0.000000 11.850000 181.000000
12:32:43 1.900000 0.000000 3.750000 0.000000 181.552994 0.000000 1.909000 0.000000 2604420.004000 530959.506000 23.549824 87.303337 0.285792 0.000000 0.000000 0.000000 14.250000 183.000000
12:32:45 1.900000 0.000000 3.750000 0.000000 183.014999 0.000000 2.139000 0.000000 2604420.061000 530959.493000 23.549826 87.303337 0.332633 0.000000 0.000000 0.000000 12.450000 184.000000
12:32:47 1.900000 0.000000 3.750000 0.000000 184.186996 0.000000 2.418000 0.000000 2604420.112000 530959.518000 23.549826 87.303337 0.389221 0.000000 0.000000 0.000000 13.800000 182.000000
12:32:48 1.900000 0.000000 3.750000 0.000000 184.419006 0.000000 2.591000 0.000000 2604420.142000 530959.518000 23.549826 87.303337 0.417268 0.000000 0.000000 0.000000 12.750000 180.000000
12:32:50 1.900000 0.000000 3.750000 0.000000 184.149994 0.000000 2.721000 0.000000 2604420.179000 530959.530000 23.549826 87.303337 0.456143 0.000000 0.000000 0.000000 11.400000 177.000000
12:32:52 1.900000 0.000000 3.750000 0.000000 183.563004 0.000000 2.693000 0.000000 2604420.187000 530959.542000 23.549826 87.303337 0.467823 0.000000 0.000000 0.000000 11.400000 175.000000
12:32:54 1.900000 0.000000 3.750000 0.000000 182.888000 0.000000 2.384000 0.000000 2604420.223000 530959.554000 23.549826 87.303337 0.505737 0.000000 0.000000 0.000000 11.100000 174.000000
12:32:56 1.900000 0.000000 3.750000 0.000000 182.382996 0.000000 1.597000 0.000000 2604420.268000 530959.579000 23.549826 87.303337 0.556723 0.000000 0.000000 0.000000 11.250000 176.000000
12:32:57 2.000000 0.000000 3.750000 0.000000 181.908997 0.000000 0.655000 0.000000 2604420.322000 530959.591000 23.549828 87.303337 0.611425 0.000000 0.000000 0.000000 12.000000 178.000000
12:32:59 2.000000 0.000000 3.750000 0.000000 181.612000 0.000000 -0.004000 0.000000 2604420.362000 530959.603000 23.549828 87.303337 0.653091 0.000000 0.000000 0.000000 13.200000 181.000000
12:33:01 2.000000 0.000000 3.750000 0.000000 182.348007 0.000000 -0.167000 0.000000 2604420.338000 530959.603000 23.549828 87.303345 0.630657 0.000000 0.000000 0.000000 13.200000 183.000000
12:33:03 2.000000 0.000000 3.750000 0.000000 183.125000 0.000000 0.192000 0.000000 2604420.365000 530959.615000 23.549828 87.303345 0.660170 0.000000 0.000000 0.000000 13.950000 184.000000
12:33:05 2.000000 0.000000 3.750000 0.000000 183.052002 0.000000 0.815000 0.000000 2604420.368000 530959.627000 23.549828 87.303345 0.667404 0.000000 0.000000 0.000000 13.350000 182.000000
12:33:06 1.900000 0.000000 3.750000 0.000000 182.600998 0.000000 1.494000 0.000000 2604420.322000 530959.639000 23.549828 87.303345 0.629984 0.000000 0.000000 0.000000 13.050000 180.000000
12:33:08 1.900000 0.000000 3.750000 0.000000 182.061996 0.000000 1.988000 0.000000 2604420.274000 530959.664000 23.549828 87.303345 0.598412 0.000000 0.000000 0.000000 10.500000 177.000000
12:33:10 1.900000 0.000000 3.750000 0.000000 181.076996 0.000000 2.582000 0.000000 2604419.791000 530959.640000 23.549822 87.303345 0.268153 0.000000 0.000000 0.000000 25.500000 175.000000
12:33:12 1.900000 0.000000 3.750000 0.000000 180.151001 0.000000 3.810000 0.000000 2604418.769000 530959.556000 23.549807 87.303337 0.997558 0.000000 0.000000 0.000000 10.350000 174.000000
12:33:14 1.900000 0.000000 3.750000 0.000000 180.171005 0.000000 5.581000 0.000000 2604416.635000 530959.204000 23.549788 87.303337 3.119690 0.000000 0.000000 0.000000 11.400000 176.000000
12:33:15 1.800000 0.000000 3.750000 0.000000 180.813995 0.000000 7.372000 0.000000 2604414.414000 530958.800000 23.549774 87.303329 5.366891 0.000000 0.000000 0.000000 10.650000 178.000000
12:33:17 1.800000 0.000000 3.750000 0.000000 181.802002 0.000000 8.913000 0.000000 2604412.719000 530958.595000 23.549759 87.303329 7.074133 0.000000 0.000000 0.000000 12.300000 181.000000
12:33:19 1.700000 0.000000 3.750000 0.000000 182.992004 0.000000 10.126000 0.000000 2604411.853000 530958.465000 23.549749 87.303329 7.949258 0.000000 0.000000 0.000000 13.950000 183.000000
12:33:21 1.700000 0.000000 3.750000 0.000000 183.753998 0.000000 10.636000 0.000000 2604410.888000 530958.291000 23.549740 87.303329 8.928052 0.000000 0.000000 0.000000 12.300000 184.000000
12:33:23 1.600000 0.000000 3.750000 0.000000 183.289001 0.000000 10.445000 0.000000 2604410.094000 530958.177000 23.549734 87.303329 9.730033 0.000000 0.000000 0.000000 12.450000 182.000000
12:33:24 1.600000 0.000000 3.750000 0.000000 182.332001 0.000000 9.562000 0.000000 2604409.528000 530958.038000 23.549730 87.303322 10.309067 0.000000 0.000000 0.000000 12.150000 180.000000
12:33:26 1.600000 0.000000 3.750000 0.000000 181.347000 0.000000 8.087000 0.000000 2604409.157000 530957.947000 23.549726 87.303322 10.688819 0.000000 0.000000 0.000000 10.800000 177.000000
12:33:28 1.600000 0.000000 3.750000 0.000000 180.701004 0.000000 6.209000 0.000000 2604408.936000 530957.893000 23.549725 87.303322 10.915078 0.000000 0.000000 0.000000 10.950000 175.000000
12:33:30 1.700000 0.000000 3.750000 0.000000 181.382996 0.000000 4.099000 0.000000 2604408.757000 530957.825000 23.549723 87.303322 11.101736 0.000000 0.000000 0.000000 11.100000 174.000000
12:33:32 1.700000 0.000000 3.750000 0.000000 182.585007 0.000000 2.227000 0.000000 2604408.669000 530957.771000 23.549723 87.303322 11.196490 0.000000 0.000000 0.000000 11.700000 176.000000
12:33:33 1.800000 0.000000 3.750000 0.000000 183.639999 0.000000 0.738000 0.000000 2604408.629000 530957.705000 23.549721 87.303322 11.245690 0.000000 0.000000 0.000000 11.850000 178.000000
