16:09:02 0.400000 0.000000 0.000000 0.000000 96.060997 0.000000 -0.046000 0.000000 1463308.689000 449781.939000 13.236252 80.536476 0.000000 0.000000 0.000000 0.000000 0.000000 0.000000
16:09:03 0.400000 0.000000 0.000000 0.000000 96.035004 0.000000 -0.278000 0.000000 1463308.702000 449781.876000 13.236252 80.536469 0.000000 0.000000 0.000000 0.000000 0.000000 0.000000
16:09:04 0.400000 0.000000 0.000000 0.000000 96.014000 0.000000 -0.464000 0.000000 0.005000 0.005100 13.236253 80.536469 0.000000 0.000000 0.000000 0.000000 0.000000 0.000000
16:09:04 0.400000 0.000000 0.000000 0.000000 95.988998 0.000000 -0.576000 0.000000 0.005000 0.005100 13.236253 80.536469 0.000000 0.000000 0.000000 0.000000 0.000000 0.000000
16:09:05 0.400000 0.000000 0.000000 0.000000 95.949997 0.000000 -0.596000 0.000000 0.005000 0.005100 13.236254 80.536469 0.000000 0.000000 0.000000 0.000000 0.000000 0.000000
16:09:05 0.400000 0.000000 0.000000 0.000000 95.896004 0.000000 -0.522000 0.000000 0.005000 0.005100 13.236254 80.536469 0.000000 0.000000 0.000000 0.000000 0.000000 0.000000
16:09:06 0.400000 0.000000 0.000000 0.000000 95.896004 0.000000 -0.522000 0.000000 1463309.005000 449781.651000 13.236254 80.536469 0.000000 0.000000 0.000000 0.000000 0.000000 0.000000
16:09:06 0.400000 0.000000 0.000000 0.000000 95.804001 0.000000 -0.242000 0.000000 1463309.016000 449781.646000 13.236255 80.536469 0.000000 0.000000 0.000000 0.000000 0.000000 0.000000
16:09:07 0.400000 0.000000 0.000000 0.000000 95.804001 0.000000 -0.242000 0.000000 0.005000 0.005100 13.236255 80.536469 0.000000 0.000000 0.000000 0.000000 0.000000 0.000000
16:09:07 0.400000 0.000000 0.000000 0.000000 95.693001 0.000000 0.113000 0.000000 1463309.006000 449781.650000 13.236255 80.536469 0.000000 0.000000 0.000000 0.000000 0.000000 0.000000
16:09:08 0.400000 0.000000 0.000000 0.000000 95.693001 0.000000 0.113000 0.000000 0.005000 0.005100 13.236255 80.536469 0.000000 0.000000 0.000000 0.000000 0.000000 0.000000
16:09:08 0.400000 0.000000 0.000000 0.000000 95.501999 0.000000 0.395000 0.000000 1463309.005000 449781.673000 13.236255 80.536469 0.000000 0.000000 0.000000 0.000000 0.000000 0.000000
16:09:09 0.400000 0.000000 0.000000 0.000000 95.392998 0.000000 0.498000 0.000000 0.005000 0.005100 13.236255 80.536469 0.000000 0.000000 0.000000 0.000000 0.000000 0.000000
16:09:09 0.400000 0.000000 0.000000 0.000000 95.392998 0.000000 0.498000 0.000000 1463308.936000 449781.597000 13.236255 80.536469 0.000000 0.000000 0.000000 0.000000 0.000000 0.000000
16:09:10 0.400000 0.000000 0.000000 0.000000 95.306000 0.000000 0.451000 0.000000 1463308.906000 449781.585000 13.236254 80.536469 0.000000 0.000000 0.000000 0.000000 0.000000 0.000000
16:09:11 0.400000 0.000000 0.000000 0.000000 95.311996 0.000000 0.241000 0.000000 0.005000 0.005100 13.236254 80.536469 0.000000 0.000000 0.000000 0.000000 0.000000 0.000000
16:09:11 0.400000 0.000000 0.000000 0.000000 95.321999 0.000000 -0.077000 0.000000 0.005000 0.005100 13.236255 80.536469 0.000000 0.000000 0.000000 0.000000 0.000000 0.000000
16:09:12 0.400000 0.000000 0.000000 0.000000 95.323997 0.000000 -0.426000 0.000000 0.005000 0.005100 13.236255 80.536469 0.000000 0.000000 0.000000 0.000000 0.000000 0.000000
16:09:12 0.400000 0.000000 0.000000 0.000000 95.328003 0.000000 -0.693000 0.000000 0.005000 0.005100 13.236255 80.536469 0.000000 0.000000 0.000000 0.000000 0.000000 0.000000
16:09:13 0.400000 0.000000 0.000000 0.000000 95.328003 0.000000 -0.693000 0.000000 1463309.022000 449781.569000 13.236255 80.536469 0.000000 0.000000 0.000000 0.000000 0.000000 0.000000
16:09:13 0.300000 0.000000 0.000000 0.000000 95.356003 0.000000 -0.765000 0.000000 1463309.100000 449781.602000 13.236256 80.536469 0.000000 0.000000 0.000000 0.000000 0.000000 0.000000
16:09:14 0.300000 0.000000 0.000000 0.000000 95.356003 0.000000 -0.765000 0.000000 0.005000 0.005100 13.236256 80.536469 0.000000 0.000000 0.000000 0.000000 0.000000 0.000000
16:09:14 0.400000 0.000000 0.000000 0.000000 95.353996 0.000000 -0.446000 0.000000 1463309.211000 449781.569000 13.236257 80.536469 0.000000 0.000000 0.000000 0.000000 0.000000 0.000000
16:09:15 0.400000 0.000000 0.000000 0.000000 95.353996 0.000000 -0.446000 0.000000 0.005000 0.005100 13.236257 80.536469 0.000000 0.000000 0.000000 0.000000 0.000000 0.000000
16:09:15 0.400000 0.000000 0.000000 0.000000 95.250999 0.000000 -0.050000 0.000000 1463309.295000 449781.557000 13.236258 80.536469 0.000000 0.000000 0.000000 0.000000 0.000000 0.000000
16:09:16 0.400000 0.000000 0.000000 0.000000 95.124001 0.000000 0.084000 0.000000 1463309.334000 449781.490000 13.236259 80.536469 0.000000 0.000000 0.000000 0.000000 0.000000 0.000000
16:09:16 0.400000 0.000000 0.000000 0.000000 95.124001 0.000000 0.084000 0.000000 1463309.417000 449781.383000 13.236259 80.536469 0.000000 0.000000 0.000000 0.000000 0.000000 0.000000
16:09:17 0.400000 0.000000 0.000000 0.000000 94.861000 0.000000 0.125000 0.000000 1463309.445000 449781.269000 13.236259 80.536469 0.000000 0.000000 0.000000 0.000000 0.000000 0.000000
16:09:18 0.300000 0.000000 0.000000 0.000000 94.730003 0.000000 0.117000 0.000000 0.005000 0.005100 13.236259 80.536469 0.000000 0.000000 0.000000 0.000000 0.000000 0.000000
16:09:18 0.300000 0.000000 0.000000 0.000000 94.643997 0.000000 0.109000 0.000000 0.005000 0.005100 13.236259 80.536469 0.000000 0.000000 0.000000 0.000000 0.000000 0.000000
16:09:19 0.400000 0.000000 0.000000 0.000000 94.609001 0.000000 0.101000 0.000000 0.005000 0.005100 13.236258 80.536469 0.000000 0.000000 0.000000 0.000000 0.000000 0.000000
16:09:19 0.400000 0.000000 0.000000 0.000000 94.606003 0.000000 0.076000 0.000000 0.005000 0.005100 13.236257 80.536469 0.000000 0.000000 0.000000 0.000000 0.000000 0.000000
16:09:20 0.400000 0.000000 0.000000 0.000000 94.619003 0.000000 0.033000 0.000000 0.005000 0.005100 13.236257 80.536469 0.000000 0.000000 0.000000 0.000000 0.000000 0.000000
16:09:20 0.400000 0.000000 0.000000 0.000000 94.619003 0.000000 0.033000 0.000000 1463309.219000 449781.159000 13.236257 80.536469 0.000000 0.000000 0.000000 0.000000 0.000000 0.000000
16:09:21 0.400000 0.000000 0.000000 0.000000 94.634003 0.000000 -0.041000 0.000000 1463309.219000 449781.170000 13.236258 80.536469 0.000000 0.000000 0.000000 0.000000 0.000000 0.000000
16:09:22 0.400000 0.000000 0.000000 0.000000 94.600998 0.000000 -0.122000 0.000000 0.005000 0.005100 13.236259 80.536469 0.000000 0.000000 0.000000 0.000000 0.000000 0.000000
16:09:22 0.400000 0.000000 0.000000 0.000000 94.529999 0.000000 -0.240000 0.000000 0.005000 0.005100 13.236259 80.536469 0.000000 0.000000 0.000000 0.000000 0.000000 0.000000
16:09:23 0.400000 0.000000 0.000000 0.000000 94.431000 0.000000 -0.362000 0.000000 0.005000 0.005100 13.236259 80.536469 0.000000 0.000000 0.000000 0.000000 0.000000 0.000000
16:09:23 0.400000 0.000000 0.000000 0.000000 94.321999 0.000000 -0.434000 0.000000 0.005000 0.005100 13.236259 80.536469 0.000000 0.000000 0.000000 0.000000 0.000000 0.000000
16:09:24 0.400000 0.000000 0.000000 0.000000 94.321999 0.000000 -0.434000 0.000000 0.005000 0.005100 13.236259 80.536469 0.000000 0.000000 0.000000 0.000000 0.000000 0.000000
16:09:24 0.400000 0.000000 0.000000 0.000000 94.152000 0.000000 -0.405000 0.000000 1463309.608000 449781.066000 13.236260 80.536461 0.000000 0.000000 0.000000 0.000000 0.000000 0.000000
16:09:25 0.400000 0.000000 0.000000 0.000000 94.077003 0.000000 -0.302000 0.000000 1463309.608000 449781.037000 13.236260 80.536461 0.000000 0.000000 0.000000 0.000000 0.000000 0.000000
16:09:25 0.400000 0.000000 0.000000 0.000000 94.077003 0.000000 -0.302000 0.000000 1463309.608000 449781.013000 13.236260 80.536461 0.000000 0.000000 0.000000 0.000000 0.000000 0.000000
16:09:26 0.400000 0.000000 0.000000 0.000000 93.999001 0.000000 -0.046000 0.000000 1463309.606000 449781.020000 13.236260 80.536461 0.000000 0.000000 0.000000 0.000000 0.000000 0.000000
16:09:27 0.400000 0.000000 0.000000 0.000000 93.977997 0.000000 0.118000 0.000000 0.005000 0.005100 13.236261 80.536461 0.000000 0.000000 0.000000 0.000000 0.000000 0.000000
16:09:27 0.400000 0.000000 0.000000 0.000000 93.956001 0.000000 0.239000 0.000000 0.005000 0.005100 13.236260 80.536469 0.000000 0.000000 0.000000 0.000000 0.000000 0.000000
16:09:28 0.400000 0.000000 0.000000 0.000000 93.935997 0.000000 0.286000 0.000000 0.005000 0.005100 13.236261 80.536461 0.000000 0.000000 0.000000 0.000000 0.000000 0.000000
16:09:28 0.400000 0.000000 0.000000 0.000000 93.903000 0.000000 0.251000 0.000000 0.005000 0.005100 13.236261 80.536469 0.000000 0.000000 0.000000 0.000000 0.000000 0.000000
16:09:29 0.400000 0.000000 0.000000 0.000000 93.845001 0.000000 0.146000 0.000000 0.005000 0.005100 13.236261 80.536469 0.000000 0.000000 0.000000 0.000000 0.000000 0.000000
16:09:30 0.400000 0.000000 0.000000 0.000000 93.773003 0.000000 -0.009000 0.000000 0.005000 0.005100 13.236261 80.536469 0.000000 0.000000 0.000000 0.000000 0.000000 0.000000
16:09:30 0.400000 0.000000 0.000000 0.000000 93.694000 0.000000 -0.189000 0.000000 0.005000 0.005100 13.236261 80.536461 0.000000 0.000000 0.000000 0.000000 0.000000 0.000000
16:09:31 0.400000 0.000000 0.000000 0.000000 93.629997 0.000000 -0.353000 0.000000 0.005000 0.005100 13.236261 80.536461 0.000000 0.000000 0.000000 0.000000 0.000000 0.000000
16:09:31 0.400000 0.000000 0.000000 0.000000 93.575996 0.000000 -0.471000 0.000000 0.005000 0.005100 13.236261 80.536461 0.000000 0.000000 0.000000 0.000000 0.000000 0.000000
16:09:32 0.300000 0.000000 0.000000 0.000000 93.531998 0.000000 -0.537000 0.000000 1463309.707000 449780.988000 13.236261 80.536461 0.000000 0.000000 0.000000 0.000000 0.000000 0.000000
16:09:32 0.400000 0.000000 0.000000 0.000000 93.531998 0.000000 -0.537000 0.000000 1463309.707000 449780.988000 13.236261 80.536461 0.000000 0.000000 0.000000 0.000000 0.000000 0.000000
16:09:33 0.400000 0.000000 0.000000 0.000000 93.476997 0.000000 -0.520000 0.000000 1463309.745000 449780.980000 13.236261 80.536461 0.000000 0.000000 0.000000 0.000000 0.000000 0.000000
16:09:34 0.400000 0.000000 0.000000 0.000000 93.472000 0.000000 -0.405000 0.000000 0.005000 0.005000 13.236261 80.536461 0.000000 0.000000 0.000000 0.000000 0.000000 0.000000
16:09:34 0.400000 0.000000 0.000000 0.000000 93.501999 0.000000 -0.215000 0.000000 0.005000 0.005000 13.236262 80.536461 0.000000 0.000000 0.000000 0.000000 0.000000 0.000000
16:09:35 0.400000 0.000000 0.000000 0.000000 93.566002 0.000000 0.010000 0.000000 0.005000 0.005000 13.236262 80.536461 0.000000 0.000000 0.000000 0.000000 0.000000 0.000000
16:09:35 0.400000 0.000000 0.000000 0.000000 93.624001 0.000000 0.198000 0.000000 0.005000 0.005000 13.236262 80.536461 0.000000 0.000000 0.000000 0.000000 0.000000 0.000000
16:09:36 0.400000 0.000000 0.000000 0.000000 93.636002 0.000000 0.284000 0.000000 0.005000 0.005000 13.236263 80.536461 0.000000 0.000000 0.000000 0.000000 0.000000 0.000000
16:09:36 0.400000 0.000000 0.000000 0.000000 93.636002 0.000000 0.284000 0.000000 1463309.955000 449780.978000 13.236263 80.536461 0.000000 0.000000 0.000000 0.000000 0.000000 0.000000
16:09:37 0.300000 0.000000 0.000000 0.000000 93.491997 0.000000 0.138000 0.000000 1463310.017000 449780.847000 13.236264 80.536461 0.000000 0.000000 0.000000 0.000000 0.000000 0.000000
16:09:37 0.400000 0.000000 0.000000 0.000000 93.491997 0.000000 0.138000 0.000000 1463310.036000 449780.759000 13.236264 80.536461 0.000000 0.000000 0.000000 0.000000 0.000000 0.000000
16:09:38 0.400000 0.000000 0.000000 0.000000 93.237000 0.000000 -0.183000 0.000000 1463310.080000 449780.616000 13.236264 80.536461 0.000000 0.000000 0.000000 0.000000 0.000000 0.000000
16:09:39 0.400000 0.000000 0.000000 0.000000 93.082001 0.000000 -0.328000 0.000000 0.005000 0.005000 13.236264 80.536461 0.000000 0.000000 0.000000 0.000000 0.000000 0.000000
16:09:39 0.400000 0.000000 0.000000 0.000000 92.970001 0.000000 -0.343000 0.000000 0.005000 0.005000 13.236264 80.536461 0.000000 0.000000 0.000000 0.000000 0.000000 0.000000
16:09:40 0.400000 0.000000 0.000000 0.000000 92.893997 0.000000 -0.208000 0.000000 0.005000 0.005000 13.236264 80.536461 0.000000 0.000000 0.000000 0.000000 0.000000 0.000000
16:09:40 0.300000 0.000000 0.000000 0.000000 92.861000 0.000000 0.034000 0.000000 0.005000 0.005000 13.236264 80.536461 0.000000 0.000000 0.000000 0.000000 0.000000 0.000000
16:09:41 0.300000 0.000000 0.000000 0.000000 92.864998 0.000000 0.304000 0.000000 0.005000 0.005000 13.236263 80.536461 0.000000 0.000000 0.000000 0.000000 0.000000 0.000000
16:09:41 0.300000 0.000000 0.000000 0.000000 92.864998 0.000000 0.304000 0.000000 1463309.871000 449780.689000 13.236263 80.536461 0.000000 0.000000 0.000000 0.000000 0.000000 0.000000
16:09:42 0.400000 0.000000 0.000000 0.000000 92.886002 0.000000 0.583000 0.000000 1463309.861000 449780.740000 13.236262 80.536461 0.000000 0.000000 0.000000 0.000000 0.000000 0.000000
16:09:42 0.400000 0.000000 0.000000 0.000000 92.886002 0.000000 0.583000 0.000000 1463309.832000 449780.787000 13.236262 80.536461 0.000000 0.000000 0.000000 0.000000 0.000000 0.000000
16:09:43 0.400000 0.000000 0.000000 0.000000 92.941002 0.000000 0.487000 0.000000 1463309.803000 449780.823000 13.236262 80.536461 0.000000 0.000000 0.000000 0.000000 0.000000 0.000000
16:09:43 0.300000 0.000000 0.000000 0.000000 92.941002 0.000000 0.487000 0.000000 1463309.803000 449780.830000 13.236262 80.536461 0.000000 0.000000 0.000000 0.000000 0.000000 0.000000
16:09:44 0.300000 0.000000 0.000000 0.000000 92.922997 0.000000 0.066000 0.000000 1463309.801000 449780.817000 13.236262 80.536461 0.000000 0.000000 0.000000 0.000000 0.000000 0.000000
16:09:44 0.400000 0.000000 0.000000 0.000000 92.922997 0.000000 0.066000 0.000000 1463309.801000 449780.777000 13.236262 80.536461 0.000000 0.000000 0.000000 0.000000 0.000000 0.000000
16:09:45 0.400000 0.000000 0.000000 0.000000 92.824997 0.000000 -0.436000 0.000000 1463309.807000 449780.707000 13.236262 80.536461 0.000000 0.000000 0.000000 0.000000 0.000000 0.000000
16:09:45 0.400000 0.000000 0.000000 0.000000 92.824997 0.000000 -0.436000 0.000000 1463309.807000 449780.658000 13.236262 80.536461 0.000000 0.000000 0.000000 0.000000 0.000000 0.000000
16:09:46 0.400000 0.000000 0.000000 0.000000 92.666000 0.000000 -0.742000 0.000000 1463309.808000 449780.598000 13.236262 80.536461 0.000000 0.000000 0.000000 0.000000 0.000000 0.000000
16:09:46 0.400000 0.000000 0.000000 0.000000 92.666000 0.000000 -0.742000 0.000000 1463309.808000 449780.570000 13.236262 80.536461 0.000000 0.000000 0.000000 0.000000 0.000000 0.000000
16:09:47 0.400000 0.000000 0.000000 0.000000 92.536003 0.000000 -0.692000 0.000000 1463309.814000 449780.551000 13.236262 80.536461 0.000000 0.000000 0.000000 0.000000 0.000000 0.000000
16:09:48 0.300000 0.000000 0.000000 0.000000 92.499001 0.000000 -0.487000 0.000000 0.005000 0.005000 13.236262 80.536461 0.000000 0.000000 0.000000 0.000000 0.000000 0.000000
16:09:48 0.300000 0.000000 0.000000 0.000000 92.486000 0.000000 -0.209000 0.000000 0.005000 0.005000 13.236262 80.536461 0.000000 0.000000 0.000000 0.000000 0.000000 0.000000
16:09:49 0.400000 0.000000 0.000000 0.000000 92.487999 0.000000 0.073000 0.000000 0.005000 0.005000 13.236262 80.536461 0.000000 0.000000 0.000000 0.000000 0.000000 0.000000
16:09:49 0.400000 0.000000 0.000000 0.000000 92.499001 0.000000 0.305000 0.000000 0.005000 0.005000 13.236262 80.536461 0.000000 0.000000 0.000000 0.000000 0.000000 0.000000
16:09:50 0.400000 0.000000 0.000000 0.000000 92.496002 0.000000 0.451000 0.000000 0.005000 0.005000 13.236262 80.536461 0.000000 0.000000 0.000000 0.000000 0.000000 0.000000
16:09:50 0.400000 0.000000 0.000000 0.000000 92.496002 0.000000 0.451000 0.000000 1463309.854000 449780.682000 13.236262 80.536461 0.000000 0.000000 0.000000 0.000000 0.000000 0.000000
16:09:51 0.400000 0.000000 0.000000 0.000000 92.439003 0.000000 0.406000 0.000000 1463309.879000 449780.633000 13.236262 80.536461 0.000000 0.000000 0.000000 0.000000 0.000000 0.000000
16:09:51 0.400000 0.000000 0.000000 0.000000 92.439003 0.000000 0.406000 0.000000 1463309.899000 449780.591000 13.236262 80.536461 0.000000 0.000000 0.000000 0.000000 0.000000 0.000000
16:09:52 0.400000 0.000000 0.000000 0.000000 92.364998 0.000000 0.085000 0.000000 1463309.925000 449780.518000 13.236263 80.536461 0.000000 0.000000 0.000000 0.000000 0.000000 0.000000
16:09:52 0.400000 0.000000 0.000000 0.000000 92.364998 0.000000 0.085000 0.000000 1463309.964000 449780.474000 13.236263 80.536461 0.000000 0.000000 0.000000 0.000000 0.000000 0.000000
16:09:53 0.400000 0.000000 0.000000 0.000000 92.333000 0.000000 -0.262000 0.000000 1463310.012000 449780.405000 13.236264 80.536461 0.000000 0.000000 0.000000 0.000000 0.000000 0.000000
16:09:53 0.400000 0.000000 0.000000 0.000000 92.333000 0.000000 -0.262000 0.000000 1463310.071000 449780.376000 13.236264 80.536461 0.000000 0.000000 0.000000 0.000000 0.000000 0.000000
16:09:54 0.400000 0.000000 0.000000 0.000000 92.309998 0.000000 -0.433000 0.000000 1463310.152000 449780.330000 13.236265 80.536461 0.000000 0.000000 0.000000 0.000000 0.000000 0.000000
16:09:54 0.400000 0.000000 0.000000 0.000000 92.309998 0.000000 -0.433000 0.000000 1463310.199000 449780.312000 13.236265 80.536461 0.000000 0.000000 0.000000 0.000000 0.000000 0.000000
16:09:55 0.400000 0.000000 0.000000 0.000000 92.228996 0.000000 -0.362000 0.000000 1463310.264000 449780.280000 13.236266 80.536461 0.000000 0.000000 0.000000 0.000000 0.000000 0.000000
16:09:55 0.400000 0.000000 0.000000 0.000000 92.228996 0.000000 -0.362000 0.000000 1463310.284000 449780.265000 13.236266 80.536461 0.000000 0.000000 0.000000 0.000000 0.000000 0.000000
16:09:56 0.400000 0.000000 0.000000 0.000000 92.093002 0.000000 -0.025000 0.000000 1463310.283000 449780.252000 13.236266 80.536453 0.000000 0.000000 0.000000 0.000000 0.000000 0.000000
16:09:57 0.400000 0.000000 0.000000 0.000000 91.968002 0.000000 0.257000 0.000000 0.005000 0.005000 13.236266 80.536453 0.000000 0.000000 0.000000 0.000000 0.000000 0.000000
16:09:57 0.400000 0.000000 0.000000 0.000000 91.818001 0.000000 0.519000 0.000000 0.005000 0.005000 13.236265 80.536453 0.000000 0.000000 0.000000 0.000000 0.000000 0.000000
16:09:58 0.400000 0.000000 0.000000 0.000000 91.660004 0.000000 0.706000 0.000000 0.005000 0.005000 13.236264 80.536453 0.000000 0.000000 0.000000 0.000000 0.000000 0.000000
16:09:58 0.400000 0.000000 0.000000 0.000000 91.551003 0.000000 0.798000 0.000000 0.005000 0.005000 13.236263 80.536461 0.000000 0.000000 0.000000 0.000000 0.000000 0.000000
16:09:59 0.400000 0.000000 0.000000 0.000000 91.526001 0.000000 0.789000 0.000000 0.005000 0.005000 13.236263 80.536461 0.000000 0.000000 0.000000 0.000000 0.000000 0.000000
16:09:59 0.400000 0.000000 0.000000 0.000000 91.526001 0.000000 0.789000 0.000000 1463309.835000 449780.441000 13.236263 80.536461 0.000000 0.000000 0.000000 0.000000 0.000000 0.000000
16:10:00 0.400000 0.000000 0.000000 0.000000 91.697998 0.000000 0.466000 0.000000 1463309.770000 449780.558000 13.236261 80.536461 0.000000 0.000000 0.000000 0.000000 0.000000 0.000000
16:10:00 0.400000 0.000000 0.000000 0.000000 91.697998 0.000000 0.466000 0.000000 1463309.743000 449780.617000 13.236261 80.536461 0.000000 0.000000 0.000000 0.000000 0.000000 0.000000
16:10:01 0.400000 0.000000 0.000000 0.000000 91.977997 0.000000 -0.180000 0.000000 1463309.738000 449780.704000 13.236261 80.536461 0.000000 0.000000 0.000000 0.000000 0.000000 0.000000
16:10:01 0.400000 0.000000 0.000000 0.000000 91.977997 0.000000 -0.180000 0.000000 1463309.741000 449780.701000 13.236261 80.536461 0.000000 0.000000 0.000000 0.000000 0.000000 0.000000
16:10:02 0.400000 0.000000 0.000000 0.000000 92.217003 0.000000 -0.857000 0.000000 1463309.810000 449780.709000 13.236261 80.536461 0.000000 0.000000 0.000000 0.000000 0.000000 0.000000
16:10:02 0.400000 0.000000 0.000000 0.000000 92.217003 0.000000 -0.857000 0.000000 1463309.836000 449780.672000 13.236261 80.536461 0.000000 0.000000 0.000000 0.000000 0.000000 0.000000
16:10:03 0.400000 0.000000 0.000000 0.000000 92.348999 0.000000 -1.214000 0.000000 1463309.958000 449780.583000 13.236263 80.536461 0.000000 0.000000 0.000000 0.000000 0.000000 0.000000
16:10:03 0.400000 0.000000 0.000000 0.000000 92.348999 0.000000 -1.214000 0.000000 1463310.040000 449780.494000 13.236263 80.536461 0.000000 0.000000 0.000000 0.000000 0.000000 0.000000
16:10:04 0.400000 0.000000 0.000000 0.000000 92.247002 0.000000 -1.098000 0.000000 1463310.186000 449780.333000 13.236265 80.536461 0.000000 0.000000 0.000000 0.000000 0.000000 0.000000
16:10:04 0.400000 0.000000 0.000000 0.000000 92.247002 0.000000 -1.098000 0.000000 1463310.275000 449780.233000 13.236265 80.536461 0.000000 0.000000 0.000000 0.000000 0.000000 0.000000
16:10:05 0.400000 0.000000 0.000000 0.000000 91.973000 0.000000 -0.541000 0.000000 1463310.387000 449780.098000 13.236267 80.536453 0.000000 0.000000 0.000000 0.000000 0.000000 0.000000
16:10:06 0.400000 0.000000 0.000000 0.000000 91.793999 0.000000 -0.062000 0.000000 0.005000 0.005000 13.236268 80.536453 0.000000 0.000000 0.000000 0.000000 0.000000 0.000000
16:10:06 0.400000 0.000000 0.000000 0.000000 91.646004 0.000000 0.443000 0.000000 0.005000 0.005000 13.236268 80.536453 0.000000 0.000000 0.000000 0.000000 0.000000 0.000000
16:10:07 0.400000 0.000000 0.000000 0.000000 91.549004 0.000000 0.878000 0.000000 0.005000 0.005000 13.236268 80.536453 0.000000 0.000000 0.000000 0.000000 0.000000 0.000000
16:10:07 0.400000 0.000000 0.000000 0.000000 91.511002 0.000000 1.162000 0.000000 0.005000 0.005000 13.236268 80.536453 0.000000 0.000000 0.000000 0.000000 0.000000 0.000000
16:10:08 0.400000 0.000000 0.000000 0.000000 91.517998 0.000000 1.252000 0.000000 0.005000 0.005000 13.236268 80.536461 0.000000 0.000000 0.000000 0.000000 0.000000 0.000000
16:10:08 0.400000 0.000000 0.000000 0.000000 91.517998 0.000000 1.252000 0.000000 1463310.375000 449780.344000 13.236268 80.536461 0.000000 0.000000 0.000000 0.000000 0.000000 0.000000
16:10:09 0.400000 0.000000 0.000000 0.000000 91.653999 0.000000 0.993000 0.000000 1463310.290000 449780.444000 13.236266 80.536461 0.000000 0.000000 0.000000 0.000000 0.000000 0.000000
16:10:09 0.400000 0.000000 0.000000 0.000000 91.653999 0.000000 0.993000 0.000000 1463310.266000 449780.485000 13.236266 80.536461 0.000000 0.000000 0.000000 0.000000 0.000000 0.000000
16:10:10 0.400000 0.000000 0.000000 0.000000 91.814003 0.000000 0.289000 0.000000 1463310.222000 449780.514000 13.236266 80.536461 0.000000 0.000000 0.000000 0.000000 0.000000 0.000000
16:10:10 0.400000 0.000000 0.000000 0.000000 91.814003 0.000000 0.289000 0.000000 1463310.218000 449780.495000 13.236266 80.536461 0.000000 0.000000 0.000000 0.000000 0.000000 0.000000
16:10:11 0.400000 0.000000 0.000000 0.000000 91.896004 0.000000 -0.617000 0.000000 1463310.236000 449780.452000 13.236265 80.536461 0.000000 0.000000 0.000000 0.000000 0.000000 0.000000
16:10:11 0.400000 0.000000 0.000000 0.000000 91.896004 0.000000 -0.617000 0.000000 1463310.230000 449780.399000 13.236265 80.536461 0.000000 0.000000 0.000000 0.000000 0.000000 0.000000
16:10:12 0.400000 0.000000 0.000000 0.000000 91.917000 0.000000 -1.273000 0.000000 1463310.303000 449780.320000 13.236267 80.536461 0.000000 0.000000 0.000000 0.000000 0.000000 0.000000
16:10:13 0.400000 0.000000 0.000000 0.000000 91.877998 0.000000 -1.408000 0.000000 0.005000 0.005000 13.236267 80.536461 0.000000 0.000000 0.000000 0.000000 0.000000 0.000000
16:10:13 0.400000 0.000000 0.000000 0.000000 91.806000 0.000000 -1.283000 0.000000 0.005000 0.005000 13.236268 80.536453 0.000000 0.000000 0.000000 0.000000 0.000000 0.000000
16:10:14 0.400000 0.000000 0.000000 0.000000 91.730003 0.000000 -0.898000 0.000000 0.005000 0.005000 13.236269 80.536453 0.000000 0.000000 0.000000 0.000000 0.000000 0.000000
16:10:14 0.400000 0.000000 0.000000 0.000000 91.649002 0.000000 -0.344000 0.000000 0.005000 0.005000 13.236269 80.536453 0.000000 0.000000 0.000000 0.000000 0.000000 0.000000
16:10:15 0.400000 0.000000 0.000000 0.000000 91.561996 0.000000 0.234000 0.000000 0.005000 0.005000 13.236269 80.536453 0.000000 0.000000 0.000000 0.000000 0.000000 0.000000
16:10:15 0.400000 0.000000 0.000000 0.000000 91.561996 0.000000 0.234000 0.000000 1463310.628000 449780.138000 13.236269 80.536453 0.000000 0.000000 0.000000 0.000000 0.000000 0.000000
16:10:16 0.400000 0.000000 0.000000 0.000000 91.441002 0.000000 0.967000 0.000000 1463310.613000 449780.191000 13.236269 80.536453 0.000000 0.000000 0.000000 0.000000 0.000000 0.000000
16:10:16 0.400000 0.000000 0.000000 0.000000 91.441002 0.000000 0.967000 0.000000 1463310.593000 449780.232000 13.236269 80.536453 0.000000 0.000000 0.000000 0.000000 0.000000 0.000000
16:10:17 0.400000 0.000000 0.000000 0.000000 91.418999 0.000000 1.180000 0.000000 1463310.577000 449780.169000 13.236269 80.536453 0.000000 0.000000 0.000000 0.000000 0.000000 0.000000
16:10:17 0.400000 0.000000 0.000000 0.000000 91.418999 0.000000 1.180000 0.000000 1463310.546000 449780.201000 13.236269 80.536453 0.000000 0.000000 0.000000 0.000000 0.000000 0.000000
16:10:18 0.400000 0.000000 0.000000 0.000000 91.435997 0.000000 0.820000 0.000000 1463310.509000 449780.226000 13.236268 80.536453 0.000000 0.000000 0.000000 0.000000 0.000000 0.000000
16:10:18 0.400000 0.000000 0.000000 0.000000 91.435997 0.000000 0.820000 0.000000 1463310.470000 449780.227000 13.236268 80.536453 0.000000 0.000000 0.000000 0.000000 0.000000 0.000000
16:10:19 0.400000 0.000000 0.000000 0.000000 91.389000 0.000000 0.090000 0.000000 1463310.428000 449780.107000 13.236268 80.536453 0.000000 0.000000 0.000000 0.000000 0.000000 0.000000
16:10:19 0.400000 0.000000 0.000000 0.000000 91.389000 0.000000 0.090000 0.000000 1463310.408000 449780.086000 13.236268 80.536453 0.000000 0.000000 0.000000 0.000000 0.000000 0.000000
16:10:20 0.400000 0.000000 0.000000 0.000000 91.347000 0.000000 -0.622000 0.000000 1463310.417000 449780.069000 13.236267 80.536453 0.000000 0.000000 0.000000 0.000000 0.000000 0.000000
16:10:20 0.400000 0.000000 0.000000 0.000000 91.347000 0.000000 -0.622000 0.000000 1463310.417000 449780.051000 13.236267 80.536453 0.000000 0.000000 0.000000 0.000000 0.000000 0.000000
16:10:21 0.400000 0.000000 0.000000 0.000000 91.386002 0.000000 -1.012000 0.000000 1463310.433000 449780.004000 13.236268 80.536453 0.000000 0.000000 0.000000 0.000000 0.000000 0.000000
16:10:21 0.400000 0.000000 0.000000 0.000000 91.386002 0.000000 -1.012000 0.000000 1463310.456000 449780.010000 13.236268 80.536453 0.000000 0.000000 0.000000 0.000000 0.000000 0.000000
16:10:22 0.300000 0.000000 0.000000 0.000000 91.478996 0.000000 -0.909000 0.000000 1463310.519000 449779.989000 13.236269 80.536453 0.000000 0.000000 0.000000 0.000000 0.000000 0.000000
16:10:22 0.400000 0.000000 0.000000 0.000000 91.478996 0.000000 -0.909000 0.000000 1463310.561000 449780.004000 13.236269 80.536453 0.000000 0.000000 0.000000 0.000000 0.000000 0.000000
16:10:23 0.400000 0.000000 0.000000 0.000000 91.538002 0.000000 -0.359000 0.000000 1463310.660000 449779.977000 13.236270 80.536453 0.000000 0.000000 0.000000 0.000000 0.000000 0.000000
16:10:23 0.400000 0.000000 0.000000 0.000000 91.538002 0.000000 -0.359000 0.000000 1463310.718000 449779.972000 13.236270 80.536453 0.000000 0.000000 0.000000 0.000000 0.000000 0.000000
16:10:24 0.400000 0.000000 0.000000 0.000000 91.508003 0.000000 0.270000 0.000000 1463310.793000 449779.897000 13.236271 80.536453 0.000000 0.000000 0.000000 0.000000 0.000000 0.000000
16:10:24 0.400000 0.000000 0.000000 0.000000 91.508003 0.000000 0.270000 0.000000 1463310.832000 449779.870000 13.236271 80.536453 0.000000 0.000000 0.000000 0.000000 0.000000 0.000000
16:10:25 0.400000 0.000000 0.000000 0.000000 91.359001 0.000000 0.614000 0.000000 1463310.872000 449779.767000 13.236272 80.536453 0.000000 0.000000 0.000000 0.000000 0.000000 0.000000
16:10:25 0.300000 0.000000 0.000000 0.000000 91.359001 0.000000 0.614000 0.000000 1463310.888000 449779.732000 13.236272 80.536453 0.000000 0.000000 0.000000 0.000000 0.000000 0.000000
16:10:26 0.300000 0.000000 0.000000 0.000000 91.143997 0.000000 0.521000 0.000000 1463310.877000 449779.663000 13.236272 80.536453 0.000000 0.000000 0.000000 0.000000 0.000000 0.000000
16:10:26 0.300000 0.000000 0.000000 0.000000 91.143997 0.000000 0.521000 0.000000 1463310.877000 449779.632000 13.236272 80.536453 0.000000 0.000000 0.000000 0.000000 0.000000 0.000000
16:10:27 0.300000 0.000000 0.000000 0.000000 90.988998 0.000000 0.150000 0.000000 1463310.816000 449779.617000 13.236271 80.536453 0.000000 0.000000 0.000000 0.000000 0.000000 0.000000
16:10:27 0.400000 0.000000 0.000000 0.000000 90.988998 0.000000 0.150000 0.000000 1463310.796000 449779.637000 13.236271 80.536453 0.000000 0.000000 0.000000 0.000000 0.000000 0.000000
16:10:28 0.400000 0.000000 0.000000 0.000000 91.057999 0.000000 -0.147000 0.000000 1463310.750000 449779.738000 13.236271 80.536453 0.000000 0.000000 0.000000 0.000000 0.000000 0.000000
16:10:28 0.400000 0.000000 0.000000 0.000000 91.057999 0.000000 -0.147000 0.000000 1463310.731000 449779.804000 13.236271 80.536453 0.000000 0.000000 0.000000 0.000000 0.000000 0.000000
16:10:29 0.400000 0.000000 0.000000 0.000000 91.267998 0.000000 -0.253000 0.000000 1463310.741000 449779.977000 13.236271 80.536453 0.000000 0.000000 0.000000 0.000000 0.000000 0.000000
16:10:29 0.400000 0.000000 0.000000 0.000000 91.267998 0.000000 -0.253000 0.000000 1463310.741000 449780.009000 13.236271 80.536453 0.000000 0.000000 0.000000 0.000000 0.000000 0.000000
16:10:30 0.400000 0.000000 0.000000 0.000000 91.355003 0.000000 -0.295000 0.000000 1463310.694000 449780.046000 13.236270 80.536453 0.000000 0.000000 0.000000 0.000000 0.000000 0.000000
16:10:31 0.400000 0.000000 0.000000 0.000000 91.325996 0.000000 -0.261000 0.000000 0.005000 0.005000 13.236270 80.536453 0.000000 0.000000 0.000000 0.000000 0.000000 0.000000
16:10:31 0.400000 0.000000 0.000000 0.000000 91.274002 0.000000 -0.173000 0.000000 0.005000 0.005000 13.236270 80.536453 0.000000 0.000000 0.000000 0.000000 0.000000 0.000000
16:10:32 0.400000 0.000000 0.000000 0.000000 91.223999 0.000000 -0.040000 0.000000 0.005000 0.005000 13.236269 80.536453 0.000000 0.000000 0.000000 0.000000 0.000000 0.000000
16:10:32 0.400000 0.000000 0.000000 0.000000 91.223999 0.000000 -0.040000 0.000000 1463310.559000 449780.072000 13.236269 80.536453 0.000000 0.000000 0.000000 0.000000 0.000000 0.000000
16:10:33 0.400000 0.000000 0.000000 0.000000 91.174004 0.000000 0.184000 0.000000 1463310.526000 449780.182000 13.236269 80.536453 0.000000 0.000000 0.000000 0.000000 0.000000 0.000000
16:10:33 0.400000 0.000000 0.000000 0.000000 91.197998 0.000000 0.301000 0.000000 0.005000 0.005000 13.236269 80.536453 0.000000 0.000000 0.000000 0.000000 0.000000 0.000000
16:10:34 0.400000 0.000000 0.000000 0.000000 91.244003 0.000000 0.363000 0.000000 0.005000 0.005000 13.236268 80.536461 0.000000 0.000000 0.000000 0.000000 0.000000 0.000000
16:10:34 0.400000 0.000000 0.000000 0.000000 91.244003 0.000000 0.363000 0.000000 1463310.524000 449780.498000 13.236268 80.536461 0.000000 0.000000 0.000000 0.000000 0.000000 0.000000
16:10:35 0.400000 0.000000 0.000000 0.000000 91.359001 0.000000 0.309000 0.000000 1463310.514000 449780.663000 13.236268 80.536461 0.000000 0.000000 0.000000 0.000000 0.000000 0.000000
16:10:35 0.400000 0.000000 0.000000 0.000000 91.359001 0.000000 0.309000 0.000000 1463310.534000 449780.722000 13.236268 80.536461 0.000000 0.000000 0.000000 0.000000 0.000000 0.000000
16:10:36 0.400000 0.000000 0.000000 0.000000 91.445000 0.000000 0.082000 0.000000 1463310.550000 449780.911000 13.236269 80.536461 0.000000 0.000000 0.000000 0.000000 0.000000 0.000000
16:10:36 0.400000 0.000000 0.000000 0.000000 91.445000 0.000000 0.082000 0.000000 1463310.569000 449780.952000 13.236269 80.536461 0.000000 0.000000 0.000000 0.000000 0.000000 0.000000
16:10:37 0.400000 0.000000 0.000000 0.000000 91.503998 0.000000 -0.179000 0.000000 1463310.547000 449781.063000 13.236269 80.536461 0.000000 0.000000 0.000000 0.000000 0.000000 0.000000
16:10:37 0.400000 0.000000 0.000000 0.000000 91.503998 0.000000 -0.179000 0.000000 1463310.547000 449781.073000 13.236269 80.536461 0.000000 0.000000 0.000000 0.000000 0.000000 0.000000
16:10:38 0.400000 0.000000 0.000000 0.000000 91.509003 0.000000 -0.421000 0.000000 1463310.543000 449781.131000 13.236269 80.536469 0.000000 0.000000 0.000000 0.000000 0.000000 0.000000
16:10:38 0.400000 0.000000 0.000000 0.000000 91.509003 0.000000 -0.421000 0.000000 1463310.543000 449781.125000 13.236269 80.536469 0.000000 0.000000 0.000000 0.000000 0.000000 0.000000
16:10:39 0.400000 0.000000 0.000000 0.000000 91.457001 0.000000 -0.553000 0.000000 1463310.510000 449781.170000 13.236268 80.536469 0.000000 0.000000 0.000000 0.000000 0.000000 0.000000
16:10:39 0.400000 0.000000 0.000000 0.000000 91.457001 0.000000 -0.553000 0.000000 1463310.510000 449781.166000 13.236268 80.536469 0.000000 0.000000 0.000000 0.000000 0.000000 0.000000
16:10:40 0.400000 0.000000 0.000000 0.000000 91.410004 0.000000 -0.500000 0.000000 1463310.499000 449781.266000 13.236268 80.536469 0.000000 0.000000 0.000000 0.000000 0.000000 0.000000
16:10:40 0.400000 0.000000 0.000000 0.000000 91.410004 0.000000 -0.500000 0.000000 1463310.499000 449781.292000 13.236268 80.536469 0.000000 0.000000 0.000000 0.000000 0.000000 0.000000
16:10:41 0.400000 0.000000 0.000000 0.000000 91.476997 0.000000 -0.192000 0.000000 1463310.625000 449781.481000 13.236270 80.536469 0.000000 0.000000 0.000000 0.000000 0.000000 0.000000
16:10:41 0.400000 0.000000 0.000000 0.000000 91.476997 0.000000 -0.192000 0.000000 1463310.625000 449781.533000 13.236270 80.536469 0.000000 0.000000 0.000000 0.000000 0.000000 0.000000
16:10:42 0.400000 0.000000 0.000000 0.000000 91.625000 0.000000 0.221000 0.000000 1463310.645000 449781.662000 13.236270 80.536469 0.000000 0.000000 0.000000 0.000000 0.000000 0.000000
16:10:42 0.400000 0.000000 0.000000 0.000000 91.625000 0.000000 0.221000 0.000000 1463310.665000 449781.726000 13.236270 80.536469 0.000000 0.000000 0.000000 0.000000 0.000000 0.000000
16:10:43 0.400000 0.000000 0.000000 0.000000 91.764999 0.000000 0.524000 0.000000 1463310.670000 449781.877000 13.236270 80.536469 0.000000 0.000000 0.000000 0.000000 0.000000 0.000000
16:10:43 0.400000 0.000000 0.000000 0.000000 91.764999 0.000000 0.524000 0.000000 1463310.689000 449781.923000 13.236270 80.536469 0.000000 0.000000 0.000000 0.000000 0.000000 0.000000
16:10:44 0.400000 0.000000 0.000000 0.000000 91.830002 0.000000 0.562000 0.000000 1463310.679000 449781.985000 13.236270 80.536476 0.000000 0.000000 0.000000 0.000000 0.000000 0.000000
16:10:44 0.400000 0.000000 0.000000 0.000000 91.830002 0.000000 0.562000 0.000000 1463310.699000 449781.976000 13.236270 80.536476 0.000000 0.000000 0.000000 0.000000 0.000000 0.000000
16:10:45 0.400000 0.000000 0.000000 0.000000 91.750000 0.000000 0.212000 0.000000 1463310.672000 449781.919000 13.236270 80.536476 0.000000 0.000000 0.000000 0.000000 0.000000 0.000000
16:10:45 0.300000 0.000000 0.000000 0.000000 91.750000 0.000000 0.212000 0.000000 1463310.672000 449781.885000 13.236270 80.536476 0.000000 0.000000 0.000000 0.000000 0.000000 0.000000
16:10:46 0.300000 0.000000 0.000000 0.000000 91.663002 0.000000 -0.254000 0.000000 1463310.643000 449781.843000 13.236270 80.536469 0.000000 0.000000 0.000000 0.000000 0.000000 0.000000
16:10:47 0.400000 0.000000 0.000000 0.000000 91.639999 0.000000 -0.419000 0.000000 0.005000 0.005100 13.236269 80.536469 0.000000 0.000000 0.000000 0.000000 0.000000 0.000000
16:10:47 0.400000 0.000000 0.000000 0.000000 91.647003 0.000000 -0.430000 0.000000 0.005000 0.005100 13.236269 80.536469 0.000000 0.000000 0.000000 0.000000 0.000000 0.000000
16:10:48 0.400000 0.000000 0.000000 0.000000 91.677002 0.000000 -0.291000 0.000000 0.005000 0.005100 13.236268 80.536476 0.000000 0.000000 0.000000 0.000000 0.000000 0.000000
16:10:48 0.400000 0.000000 0.000000 0.000000 91.677002 0.000000 -0.291000 0.000000 1463310.456000 449782.082000 13.236268 80.536476 0.000000 0.000000 0.000000 0.000000 0.000000 0.000000
16:10:49 0.400000 0.000000 0.000000 0.000000 91.777000 0.000000 0.134000 0.000000 1463310.397000 449782.207000 13.236267 80.536476 0.000000 0.000000 0.000000 0.000000 0.000000 0.000000
16:10:49 0.400000 0.000000 0.000000 0.000000 91.843002 0.000000 0.373000 0.000000 0.005000 0.005200 13.236267 80.536476 0.000000 0.000000 0.000000 0.000000 0.000000 0.000000
16:10:50 0.400000 0.000000 0.000000 0.000000 91.876999 0.000000 0.520000 0.000000 0.005000 0.005200 13.236266 80.536476 0.000000 0.000000 0.000000 0.000000 0.000000 0.000000
16:10:50 0.400000 0.000000 0.000000 0.000000 91.876999 0.000000 0.520000 0.000000 1463310.252000 449782.410000 13.236266 80.536476 0.000000 0.000000 0.000000 0.000000 0.000000 0.000000
16:10:51 0.400000 0.000000 0.000000 0.000000 91.907997 0.000000 0.495000 0.000000 1463310.251000 449782.463000 13.236266 80.536476 0.000000 0.000000 0.000000 0.000000 0.000000 0.000000
16:10:51 0.400000 0.000000 0.000000 0.000000 91.907997 0.000000 0.495000 0.000000 1463310.233000 449782.402000 13.236266 80.536476 0.000000 0.000000 0.000000 0.000000 0.000000 0.000000
16:10:52 0.400000 0.000000 0.000000 0.000000 91.900002 0.000000 0.199000 0.000000 1463310.250000 449782.425000 13.236265 80.536476 0.000000 0.000000 0.000000 0.000000 0.000000 0.000000
16:10:52 0.400000 0.000000 0.000000 0.000000 91.900002 0.000000 0.199000 0.000000 0.005000 0.005200 13.236265 80.536476 0.000000 0.000000 0.000000 0.000000 0.000000 0.000000
16:10:53 0.400000 0.000000 0.000000 0.000000 91.851997 0.000000 -0.174000 0.000000 1463310.242000 449782.389000 13.236265 80.536476 0.000000 0.000000 0.000000 0.000000 0.000000 0.000000
16:10:53 0.300000 0.000000 0.000000 0.000000 91.851997 0.000000 -0.174000 0.000000 1463310.211000 449782.365000 13.236265 80.536476 0.000000 0.000000 0.000000 0.000000 0.000000 0.000000
16:10:54 0.300000 0.000000 0.000000 0.000000 91.849998 0.000000 -0.485000 0.000000 1463310.240000 449782.387000 13.236265 80.536476 0.000000 0.000000 0.000000 0.000000 0.000000 0.000000
16:10:54 0.300000 0.000000 0.000000 0.000000 91.849998 0.000000 -0.485000 0.000000 1463310.197000 449782.384000 13.236265 80.536476 0.000000 0.000000 0.000000 0.000000 0.000000 0.000000
16:10:55 0.300000 0.000000 0.000000 0.000000 91.906998 0.000000 -0.604000 0.000000 1463310.227000 449782.406000 13.236265 80.536476 0.000000 0.000000 0.000000 0.000000 0.000000 0.000000
16:10:55 0.400000 0.000000 0.000000 0.000000 91.906998 0.000000 -0.604000 0.000000 1463310.162000 449782.328000 13.236265 80.536476 0.000000 0.000000 0.000000 0.000000 0.000000 0.000000
16:10:56 0.400000 0.000000 0.000000 0.000000 91.992996 0.000000 -0.442000 0.000000 1463310.191000 449782.354000 13.236265 80.536476 0.000000 0.000000 0.000000 0.000000 0.000000 0.000000
16:10:56 0.400000 0.000000 0.000000 0.000000 91.992996 0.000000 -0.442000 0.000000 1463310.167000 449782.317000 13.236265 80.536476 0.000000 0.000000 0.000000 0.000000 0.000000 0.000000
16:10:57 0.400000 0.000000 0.000000 0.000000 92.084999 0.000000 -0.059000 0.000000 1463310.197000 449782.342000 13.236265 80.536476 0.000000 0.000000 0.000000 0.000000 0.000000 0.000000
16:10:57 0.400000 0.000000 0.000000 0.000000 92.084999 0.000000 -0.059000 0.000000 0.005000 0.005200 13.236265 80.536476 0.000000 0.000000 0.000000 0.000000 0.000000 0.000000
16:10:58 0.400000 0.000000 0.000000 0.000000 92.126999 0.000000 0.298000 0.000000 1463310.180000 449782.260000 13.236265 80.536476 0.000000 0.000000 0.000000 0.000000 0.000000 0.000000
16:10:58 0.400000 0.000000 0.000000 0.000000 92.126999 0.000000 0.298000 0.000000 0.005000 0.005200 13.236265 80.536476 0.000000 0.000000 0.000000 0.000000 0.000000 0.000000
16:10:59 0.400000 0.000000 0.000000 0.000000 92.033997 0.000000 0.469000 0.000000 1463310.170000 449782.146000 13.236265 80.536476 0.000000 0.000000 0.000000 0.000000 0.000000 0.000000
16:10:59 0.400000 0.000000 0.000000 0.000000 92.033997 0.000000 0.469000 0.000000 0.005000 0.005200 13.236265 80.536476 0.000000 0.000000 0.000000 0.000000 0.000000 0.000000
16:11:00 0.400000 0.000000 0.000000 0.000000 91.876999 0.000000 0.411000 0.000000 1463310.104000 449782.040000 13.236264 80.536476 0.000000 0.000000 0.000000 0.000000 0.000000 0.000000
16:11:00 0.400000 0.000000 0.000000 0.000000 91.876999 0.000000 0.411000 0.000000 1463310.062000 449782.018000 13.236264 80.536476 0.000000 0.000000 0.000000 0.000000 0.000000 0.000000
16:11:01 0.400000 0.000000 0.000000 0.000000 91.693001 0.000000 0.226000 0.000000 1463310.017000 449782.020000 13.236263 80.536476 0.000000 0.000000 0.000000 0.000000 0.000000 0.000000
16:11:01 0.400000 0.000000 0.000000 0.000000 91.693001 0.000000 0.226000 0.000000 1463309.948000 449782.031000 13.236263 80.536476 0.000000 0.000000 0.000000 0.000000 0.000000 0.000000
