16:27:56 0.300000 0.000000 0.000000 0.000000 95.291000 0.000000 0.376000 0.000000 0.006000 0.006200 13.236259 80.536476 0.000000 0.000000 0.000000 0.000000 0.000000 0.000000
16:27:57 0.300000 0.000000 0.000000 0.000000 95.291000 0.000000 0.376000 0.000000 1463309.226000 449782.636000 13.236259 80.536476 0.000000 0.000000 0.000000 0.000000 0.000000 0.000000
16:27:58 0.400000 0.000000 0.000000 0.000000 95.291000 0.000000 -1.429000 0.000000 1463309.215000 449782.472000 13.236257 80.536476 0.000000 0.000000 0.000000 0.000000 0.000000 0.000000
16:28:00 0.300000 0.000000 0.000000 0.000000 95.525002 0.000000 -0.877000 0.000000 1463309.241000 449782.488000 13.236258 80.536476 0.000000 0.000000 0.000000 0.000000 0.000000 0.000000
16:28:01 0.400000 0.000000 0.000000 0.000000 95.615997 0.000000 0.213000 0.000000 1463309.279000 449782.664000 13.236258 80.536476 0.000000 0.000000 0.000000 0.000000 0.000000 0.000000
16:28:02 0.400000 0.000000 0.000000 0.000000 95.718002 0.000000 1.018000 0.000000 1463309.249000 449782.792000 13.236258 80.536484 0.000000 0.000000 0.000000 0.000000 0.000000 0.000000
16:28:03 0.400000 0.000000 0.000000 0.000000 95.723000 0.000000 0.934000 0.000000 1463309.250000 449782.880000 13.236258 80.536484 0.000000 0.000000 0.000000 0.000000 0.000000 0.000000
16:28:04 0.300000 0.000000 0.000000 0.000000 95.643997 0.000000 0.173000 0.000000 1463309.250000 449782.845000 13.236257 80.536484 0.000000 0.000000 0.000000 0.000000 0.000000 0.000000
16:28:06 0.300000 0.000000 0.000000 0.000000 95.627998 0.000000 -0.534000 0.000000 1463309.266000 449782.775000 13.236258 80.536484 0.000000 0.000000 0.000000 0.000000 0.000000 0.000000
16:28:07 0.400000 0.000000 0.000000 0.000000 95.658997 0.000000 -0.791000 0.000000 1463309.223000 449782.821000 13.236257 80.536484 0.000000 0.000000 0.000000 0.000000 0.000000 0.000000
16:28:08 0.400000 0.000000 0.000000 0.000000 95.790001 0.000000 -0.343000 0.000000 1463309.118000 449782.983000 13.236256 80.536484 0.000000 0.000000 0.000000 0.000000 0.000000 0.000000
16:28:09 0.400000 0.000000 0.000000 0.000000 95.888000 0.000000 0.335000 0.000000 1463309.144000 449783.273000 13.236257 80.536484 0.000000 0.000000 0.000000 0.000000 0.000000 0.000000
16:28:10 0.300000 0.000000 0.000000 0.000000 95.888000 0.000000 0.335000 0.000000 1463309.214000 449783.434000 13.236257 80.536484 0.000000 0.000000 0.000000 0.000000 0.000000 0.000000
16:28:12 0.300000 0.000000 0.000000 0.000000 95.855003 0.000000 0.220000 0.000000 1463309.228000 449783.534000 13.236257 80.536484 0.000000 0.000000 0.000000 0.000000 0.000000 0.000000
16:28:13 0.300000 0.000000 0.000000 0.000000 95.939003 0.000000 -0.187000 0.000000 1463309.216000 449783.622000 13.236257 80.536491 0.000000 0.000000 0.000000 0.000000 0.000000 0.000000
16:28:14 0.400000 0.000000 0.000000 0.000000 96.077003 0.000000 -0.365000 0.000000 1463309.244000 449783.813000 13.236258 80.536491 0.000000 0.000000 0.000000 0.000000 0.000000 0.000000
16:28:15 0.300000 0.000000 0.000000 0.000000 96.183998 0.000000 -0.238000 0.000000 1463309.293000 449783.949000 13.236258 80.536491 0.000000 0.000000 0.000000 0.000000 0.000000 0.000000
16:28:16 0.300000 0.000000 0.000000 0.000000 96.189003 0.000000 -0.041000 0.000000 1463309.284000 449784.023000 13.236258 80.536491 0.000000 0.000000 0.000000 0.000000 0.000000 0.000000
16:28:18 0.300000 0.000000 0.000000 0.000000 96.105003 0.000000 0.042000 0.000000 1463309.252000 449784.014000 13.236259 80.536491 0.000000 0.000000 0.000000 0.000000 0.000000 0.000000
16:28:19 0.300000 0.000000 0.000000 0.000000 96.046997 0.000000 0.050000 0.000000 1463309.442000 449784.191000 13.236259 80.536491 0.000000 0.000000 0.000000 0.000000 0.000000 0.000000
16:28:20 0.300000 0.000000 0.000000 0.000000 96.140999 0.000000 -0.002000 0.000000 1463309.552000 449784.437000 13.236260 80.536499 0.000000 0.000000 0.000000 0.000000 0.000000 0.000000
16:28:21 0.400000 0.000000 0.000000 0.000000 96.344002 0.000000 -0.021000 0.000000 1463309.707000 449784.756000 13.236261 80.536499 0.000000 0.000000 0.000000 0.000000 0.000000 0.000000
16:28:22 0.400000 0.000000 0.000000 0.000000 96.438004 0.000000 -0.033000 0.000000 1463309.834000 449784.851000 13.236263 80.536499 0.000000 0.000000 0.000000 0.000000 0.000000 0.000000
16:28:24 0.300000 0.000000 0.000000 0.000000 96.300003 0.000000 -0.225000 0.000000 1463309.966000 449784.719000 13.236263 80.536499 0.000000 0.000000 0.000000 0.000000 0.000000 0.000000
16:28:25 0.300000 0.000000 0.000000 0.000000 96.148003 0.000000 -0.270000 0.000000 1463309.961000 449784.553000 13.236263 80.536499 0.000000 0.000000 0.000000 0.000000 0.000000 0.000000
16:28:26 0.400000 0.000000 0.000000 0.000000 96.035004 0.000000 0.017000 0.000000 1463309.897000 449784.632000 13.236263 80.536499 0.000000 0.000000 0.000000 0.000000 0.000000 0.000000
16:28:27 0.300000 0.000000 0.000000 0.000000 95.974998 0.000000 0.442000 0.000000 1463309.777000 449784.822000 13.236262 80.536499 0.000000 0.000000 0.000000 0.000000 0.000000 0.000000
16:28:28 0.400000 0.000000 0.000000 0.000000 96.100998 0.000000 0.676000 0.000000 1463309.691000 449785.105000 13.236261 80.536499 0.000000 0.000000 0.000000 0.000000 0.000000 0.000000
16:28:30 0.300000 0.000000 0.000000 0.000000 96.264999 0.000000 0.351000 0.000000 1463309.748000 449785.331000 13.236262 80.536507 0.000000 0.000000 0.000000 0.000000 0.000000 0.000000
16:28:31 0.400000 0.000000 0.000000 0.000000 96.343002 0.000000 -0.356000 0.000000 1463309.937000 449785.404000 13.236264 80.536507 0.000000 0.000000 0.000000 0.000000 0.000000 0.000000
16:28:32 0.400000 0.000000 0.000000 0.000000 96.334000 0.000000 -0.933000 0.000000 1463310.236000 449785.368000 13.236266 80.536507 0.000000 0.000000 0.000000 0.000000 0.000000 0.000000
16:28:33 0.300000 0.000000 0.000000 0.000000 96.250000 0.000000 -0.992000 0.000000 1463310.438000 449785.241000 13.236268 80.536507 0.000000 0.000000 0.000000 0.000000 0.000000 0.000000
16:28:34 0.400000 0.000000 0.000000 0.000000 96.106003 0.000000 -0.503000 0.000000 1463310.560000 449785.164000 13.236269 80.536499 0.000000 0.000000 0.000000 0.000000 0.000000 0.000000
16:28:36 0.300000 0.000000 0.000000 0.000000 96.086998 0.000000 0.414000 0.000000 1463310.575000 449785.274000 13.236269 80.536507 0.000000 0.000000 0.000000 0.000000 0.000000 0.000000
16:28:37 0.400000 0.000000 0.000000 0.000000 96.152000 0.000000 1.097000 0.000000 1463310.522000 449785.479000 13.236269 80.536507 0.000000 0.000000 0.000000 0.000000 0.000000 0.000000
16:28:38 0.400000 0.000000 0.000000 0.000000 96.165001 0.000000 0.912000 0.000000 1463310.520000 449785.524000 13.236269 80.536507 0.000000 0.000000 0.000000 0.000000 0.000000 0.000000
16:28:39 0.400000 0.000000 0.000000 0.000000 96.110001 0.000000 0.065000 0.000000 1463310.513000 449785.411000 13.236268 80.536507 0.000000 0.000000 0.000000 0.000000 0.000000 0.000000
16:28:40 0.300000 0.000000 0.000000 0.000000 96.001999 0.000000 -0.715000 0.000000 1463310.463000 449785.283000 13.236268 80.536507 0.000000 0.000000 0.000000 0.000000 0.000000 0.000000
16:28:42 0.400000 0.000000 0.000000 0.000000 95.946999 0.000000 -0.781000 0.000000 1463310.307000 449785.322000 13.236266 80.536507 0.000000 0.000000 0.000000 0.000000 0.000000 0.000000
16:28:43 0.300000 0.000000 0.000000 0.000000 96.091003 0.000000 -0.126000 0.000000 1463310.261000 449785.506000 13.236265 80.536507 0.000000 0.000000 0.000000 0.000000 0.000000 0.000000
16:28:44 0.300000 0.000000 0.000000 0.000000 96.314003 0.000000 0.459000 0.000000 1463310.239000 449785.638000 13.236265 80.536507 0.000000 0.000000 0.000000 0.000000 0.000000 0.000000
16:28:45 0.400000 0.000000 0.000000 0.000000 96.402000 0.000000 0.443000 0.000000 1463310.226000 449785.574000 13.236266 80.536507 0.000000 0.000000 0.000000 0.000000 0.000000 0.000000
16:28:46 0.300000 0.000000 0.000000 0.000000 96.305000 0.000000 0.018000 0.000000 1463310.246000 449785.435000 13.236266 80.536507 0.000000 0.000000 0.000000 0.000000 0.000000 0.000000
16:28:48 0.300000 0.000000 0.000000 0.000000 96.111000 0.000000 -0.434000 0.000000 1463310.262000 449785.256000 13.236266 80.536499 0.000000 0.000000 0.000000 0.000000 0.000000 0.000000
16:28:49 0.300000 0.000000 0.000000 0.000000 96.093002 0.000000 -0.545000 0.000000 1463310.218000 449785.138000 13.236266 80.536499 0.000000 0.000000 0.000000 0.000000 0.000000 0.000000
16:28:50 0.400000 0.000000 0.000000 0.000000 96.282997 0.000000 -0.247000 0.000000 1463310.245000 449785.310000 13.236266 80.536507 0.000000 0.000000 0.000000 0.000000 0.000000 0.000000
16:28:51 0.400000 0.000000 0.000000 0.000000 96.452003 0.000000 0.213000 0.000000 1463310.317000 449785.505000 13.236267 80.536507 0.000000 0.000000 0.000000 0.000000 0.000000 0.000000
16:28:52 0.300000 0.000000 0.000000 0.000000 96.475998 0.000000 0.468000 0.000000 1463310.404000 449785.546000 13.236268 80.536507 0.000000 0.000000 0.000000 0.000000 0.000000 0.000000
16:28:54 0.400000 0.000000 0.000000 0.000000 96.357002 0.000000 0.276000 0.000000 1463310.500000 449785.477000 13.236269 80.536507 0.000000 0.000000 0.000000 0.000000 0.000000 0.000000
16:28:55 0.400000 0.000000 0.000000 0.000000 96.290001 0.000000 -0.111000 0.000000 1463310.608000 449785.482000 13.236270 80.536507 0.000000 0.000000 0.000000 0.000000 0.000000 0.000000
16:28:56 0.300000 0.000000 0.000000 0.000000 96.380997 0.000000 -0.305000 0.000000 1463310.670000 449785.612000 13.236270 80.536507 0.000000 0.000000 0.000000 0.000000 0.000000 0.000000
16:28:57 0.300000 0.000000 0.000000 0.000000 96.459000 0.000000 -0.238000 0.000000 1463310.686000 449785.719000 13.236270 80.536507 0.000000 0.000000 0.000000 0.000000 0.000000 0.000000
16:28:58 0.300000 0.000000 0.000000 0.000000 96.430000 0.000000 -0.005000 0.000000 1463310.579000 449785.594000 13.236269 80.536507 0.000000 0.000000 0.000000 0.000000 0.000000 0.000000
16:29:00 0.300000 0.000000 0.000000 0.000000 96.325996 0.000000 0.167000 0.000000 1463310.512000 449785.481000 13.236269 80.536507 0.000000 0.000000 0.000000 0.000000 0.000000 0.000000
16:29:01 0.400000 0.000000 0.000000 0.000000 96.261002 0.000000 0.182000 0.000000 1463310.457000 449785.508000 13.236268 80.536507 0.000000 0.000000 0.000000 0.000000 0.000000 0.000000
16:29:02 0.300000 0.000000 0.000000 0.000000 96.313004 0.000000 0.143000 0.000000 1463310.514000 449785.664000 13.236269 80.536507 0.000000 0.000000 0.000000 0.000000 0.000000 0.000000
16:29:03 0.400000 0.000000 0.000000 0.000000 96.471001 0.000000 0.083000 0.000000 1463310.566000 449785.857000 13.236270 80.536507 0.000000 0.000000 0.000000 0.000000 0.000000 0.000000
16:29:04 0.300000 0.000000 0.000000 0.000000 96.637001 0.000000 -0.079000 0.000000 1463310.680000 449785.979000 13.236271 80.536507 0.000000 0.000000 0.000000 0.000000 0.000000 0.000000
16:29:06 0.300000 0.000000 0.000000 0.000000 96.709999 0.000000 -0.316000 0.000000 1463310.974000 449786.091000 13.236273 80.536514 0.000000 0.000000 0.000000 0.000000 0.000000 0.000000
16:29:07 0.400000 0.000000 0.000000 0.000000 96.623001 0.000000 -0.522000 0.000000 1463311.204000 449785.929000 13.236275 80.536507 0.000000 0.000000 0.000000 0.000000 0.000000 0.000000
16:29:08 0.300000 0.000000 0.000000 0.000000 96.334999 0.000000 -0.589000 0.000000 1463311.313000 449785.658000 13.236276 80.536507 0.000000 0.000000 0.000000 0.000000 0.000000 0.000000
16:29:09 0.300000 0.000000 0.000000 0.000000 96.080002 0.000000 -0.191000 0.000000 1463311.248000 449785.537000 13.236276 80.536507 0.000000 0.000000 0.000000 0.000000 0.000000 0.000000
16:29:10 0.300000 0.000000 0.000000 0.000000 96.133003 0.000000 0.562000 0.000000 1463311.084000 449785.725000 13.236274 80.536507 0.000000 0.000000 0.000000 0.000000 0.000000 0.000000
16:29:12 0.300000 0.000000 0.000000 0.000000 96.384003 0.000000 1.001000 0.000000 1463310.980000 449786.027000 13.236273 80.536507 0.000000 0.000000 0.000000 0.000000 0.000000 0.000000
16:29:13 0.300000 0.000000 0.000000 0.000000 96.557999 0.000000 0.707000 0.000000 1463311.040000 449786.186000 13.236274 80.536514 0.000000 0.000000 0.000000 0.000000 0.000000 0.000000
16:29:14 0.400000 0.000000 0.000000 0.000000 96.542999 0.000000 -0.111000 0.000000 1463311.175000 449786.163000 13.236275 80.536514 0.000000 0.000000 0.000000 0.000000 0.000000 0.000000
16:29:15 0.400000 0.000000 0.000000 0.000000 96.445000 0.000000 -0.882000 0.000000 1463311.356000 449786.079000 13.236277 80.536514 0.000000 0.000000 0.000000 0.000000 0.000000 0.000000
16:29:16 0.300000 0.000000 0.000000 0.000000 96.305000 0.000000 -1.081000 0.000000 1463311.473000 449786.071000 13.236278 80.536514 0.000000 0.000000 0.000000 0.000000 0.000000 0.000000
16:29:18 0.300000 0.000000 0.000000 0.000000 96.251999 0.000000 -0.435000 0.000000 1463311.554000 449786.262000 13.236279 80.536514 0.000000 0.000000 0.000000 0.000000 0.000000 0.000000
16:29:19 0.300000 0.000000 0.000000 0.000000 96.387001 0.000000 0.493000 0.000000 1463311.595000 449786.589000 13.236279 80.536514 0.000000 0.000000 0.000000 0.000000 0.000000 0.000000
16:29:20 0.300000 0.000000 0.000000 0.000000 96.591003 0.000000 0.793000 0.000000 1463311.700000 449786.880000 13.236279 80.536522 0.000000 0.000000 0.000000 0.000000 0.000000 0.000000
16:29:21 0.300000 0.000000 0.000000 0.000000 96.705002 0.000000 0.139000 0.000000 1463311.738000 449786.852000 13.236279 80.536514 0.000000 0.000000 0.000000 0.000000 0.000000 0.000000
16:29:22 0.400000 0.000000 0.000000 0.000000 96.778999 0.000000 -0.625000 0.000000 1463311.717000 449786.631000 13.236279 80.536514 0.000000 0.000000 0.000000 0.000000 0.000000 0.000000
16:29:24 0.300000 0.000000 0.000000 0.000000 96.740997 0.000000 -0.789000 0.000000 1463311.788000 449786.502000 13.236280 80.536514 0.000000 0.000000 0.000000 0.000000 0.000000 0.000000
16:29:25 0.300000 0.000000 0.000000 0.000000 96.600998 0.000000 -0.422000 0.000000 1463311.901000 449786.500000 13.236281 80.536514 0.000000 0.000000 0.000000 0.000000 0.000000 0.000000
16:29:26 0.300000 0.000000 0.000000 0.000000 96.542000 0.000000 0.235000 0.000000 1463312.067000 449786.789000 13.236282 80.536514 0.000000 0.000000 0.000000 0.000000 0.000000 0.000000
16:29:27 0.300000 0.000000 0.000000 0.000000 96.709000 0.000000 0.923000 0.000000 1463311.800000 449786.896000 13.236279 80.536514 0.000000 0.000000 0.000000 0.000000 0.000000 0.000000
16:29:28 0.400000 0.000000 0.000000 0.000000 96.848999 0.000000 0.937000 0.000000 1463311.550000 449786.897000 13.236277 80.536514 0.000000 0.000000 0.000000 0.000000 0.000000 0.000000
16:29:30 0.300000 0.000000 0.000000 0.000000 96.888000 0.000000 0.072000 0.000000 1463311.386000 449786.713000 13.236276 80.536514 0.000000 0.000000 0.000000 0.000000 0.000000 0.000000
16:29:31 0.300000 0.000000 0.000000 0.000000 96.878998 0.000000 -0.885000 0.000000 1463311.286000 449786.445000 13.236275 80.536514 0.000000 0.000000 0.000000 0.000000 0.000000 0.000000
16:29:32 0.300000 0.000000 0.000000 0.000000 96.845001 0.000000 -1.184000 0.000000 1463311.259000 449786.222000 13.236275 80.536514 0.000000 0.000000 0.000000 0.000000 0.000000 0.000000
16:29:33 0.300000 0.000000 0.000000 0.000000 96.850998 0.000000 -0.532000 0.000000 1463311.341000 449786.245000 13.236276 80.536514 0.000000 0.000000 0.000000 0.000000 0.000000 0.000000
16:29:34 0.300000 0.000000 0.000000 0.000000 96.915001 0.000000 0.517000 0.000000 1463311.429000 449786.391000 13.236277 80.536514 0.000000 0.000000 0.000000 0.000000 0.000000 0.000000
16:29:36 0.300000 0.000000 0.000000 0.000000 96.966003 0.000000 1.036000 0.000000 1463311.575000 449786.532000 13.236278 80.536514 0.000000 0.000000 0.000000 0.000000 0.000000 0.000000
16:29:37 0.300000 0.000000 0.000000 0.000000 96.899002 0.000000 0.724000 0.000000 1463311.626000 449786.432000 13.236278 80.536514 0.000000 0.000000 0.000000 0.000000 0.000000 0.000000
16:29:38 0.300000 0.000000 0.000000 0.000000 96.771004 0.000000 -0.129000 0.000000 1463311.593000 449786.178000 13.236279 80.536514 0.000000 0.000000 0.000000 0.000000 0.000000 0.000000
16:29:39 0.300000 0.000000 0.000000 0.000000 96.750000 0.000000 -0.715000 0.000000 1463311.633000 449786.125000 13.236278 80.536514 0.000000 0.000000 0.000000 0.000000 0.000000 0.000000
16:29:40 0.400000 0.000000 0.000000 0.000000 96.787003 0.000000 -0.663000 0.000000 1463311.564000 449786.033000 13.236278 80.536507 0.000000 0.000000 0.000000 0.000000 0.000000 0.000000
16:29:42 0.300000 0.000000 0.000000 0.000000 96.806000 0.000000 -0.183000 0.000000 1463311.580000 449785.961000 13.236279 80.536507 0.000000 0.000000 0.000000 0.000000 0.000000 0.000000
16:29:43 0.400000 0.000000 0.000000 0.000000 96.734001 0.000000 0.313000 0.000000 1463311.666000 449785.961000 13.236279 80.536507 0.000000 0.000000 0.000000 0.000000 0.000000 0.000000
16:29:44 0.300000 0.000000 0.000000 0.000000 96.616997 0.000000 0.544000 0.000000 1463311.593000 449785.805000 13.236278 80.536507 0.000000 0.000000 0.000000 0.000000 0.000000 0.000000
16:29:45 0.300000 0.000000 0.000000 0.000000 96.541000 0.000000 0.414000 0.000000 1463311.511000 449785.687000 13.236276 80.536507 0.000000 0.000000 0.000000 0.000000 0.000000 0.000000
16:29:46 0.400000 0.000000 0.000000 0.000000 96.476997 0.000000 -0.019000 0.000000 1463311.346000 449785.500000 13.236276 80.536507 0.000000 0.000000 0.000000 0.000000 0.000000 0.000000
16:29:48 0.300000 0.000000 0.000000 0.000000 96.457001 0.000000 -0.354000 0.000000 1463311.273000 449785.422000 13.236276 80.536507 0.000000 0.000000 0.000000 0.000000 0.000000 0.000000
16:29:49 0.400000 0.000000 0.000000 0.000000 96.458000 0.000000 -0.353000 0.000000 1463311.269000 449785.417000 13.236276 80.536507 0.000000 0.000000 0.000000 0.000000 0.000000 0.000000
16:29:50 0.300000 0.000000 0.000000 0.000000 96.424004 0.000000 -0.177000 0.000000 1463311.249000 449785.343000 13.236276 80.536507 0.000000 0.000000 0.000000 0.000000 0.000000 0.000000
16:29:51 0.400000 0.000000 0.000000 0.000000 96.428001 0.000000 -0.035000 0.000000 1463311.337000 449785.332000 13.236277 80.536507 0.000000 0.000000 0.000000 0.000000 0.000000 0.000000
16:29:52 0.300000 0.000000 0.000000 0.000000 96.559998 0.000000 0.075000 0.000000 1463311.525000 449785.358000 13.236278 80.536507 0.000000 0.000000 0.000000 0.000000 0.000000 0.000000
16:29:54 0.400000 0.000000 0.000000 0.000000 96.641998 0.000000 0.069000 0.000000 1463311.686000 449785.286000 13.236279 80.536507 0.000000 0.000000 0.000000 0.000000 0.000000 0.000000
16:29:55 0.300000 0.000000 0.000000 0.000000 96.533997 0.000000 -0.050000 0.000000 1463311.840000 449785.138000 13.236280 80.536499 0.000000 0.000000 0.000000 0.000000 0.000000 0.000000
